0	0	-0.000343502	0.0336304	0.999433	108
1	0	-5.88104e-05	0.0360992	0.999347	108
2	0	-0.000422522	0.0358349	0.999357	108
3	0	-0.000245945	0.0353749	0.999373	90
4	0	9.316e-05	0.0348638	0.999391	108
5	0	0.000146584	0.035206	0.999379	108
6	0	0.000610986	0.0356446	0.999364	90
7	0	0.000216825	0.0357002	0.999362	108
8	0	0.000302317	0.0355762	0.999366	108
9	0	0.000137156	0.0355325	0.999368	90
10	0	0.000207175	0.0359137	0.999354	108
11	0	0.000517937	0.03531	0.999375	108
12	0	0.000487817	0.0352602	0.999377	90
13	0	-0.000462844	0.0347831	0.999394	108
14	0	-0.000271836	0.0351801	0.99938	108
15	0	-0.000206501	0.0354621	0.99937	90
16	0	-0.000215638	0.0355347	0.999368	108
17	0	-0.000693873	0.0353381	0.999374	108
18	0	-0.000792446	0.0347689	0.999394	90
19	0	-0.000470029	0.0345694	0.999402	108
20	0	0.000177088	0.0359518	0.999353	108
21	0	0.00135372	0.0371224	0.999308	90
22	0	0.00812916	0.048611	0.998757	108
23	0	-0.0266315	0.122046	0.990437	108
24	0	-0.244481	0.545086	0.745775	90
25	0	-0.212469	0.668354	-0.562218	108
26	0	0.0282796	0.108117	-0.991231	108
27	0	0.0212818	0.0111116	-0.999666	90
28	0	0.00416361	0.000830009	-0.999987	108
29	0	0.000254788	-2.4209e-05	-1	108
30	0	1.0094e-07	-3.4436e-08	-1	90
31	0	0	0	-1	108
32	0	0	0	-1	108
33	0	0	0	-1	90
34	0	0	0	-1	108
35	0	0	0	-1	108
36	0	0	0	-1	90
37	0	0	0	-1	108
38	0	0	0	-1	108
39	0	0	0	-1	108
40	0	0	0	-1	90
41	0	0	0	-1	108
42	0	0	0	-1	108
43	0	0	0	-1	90
44	0	0	0	-1	108
45	0	0	0	-1	108
46	0	0	0	-1	90
47	0	0	0	-1	108
48	0	0	0	-1	108
49	0	0	0	-1	90
