0	0	-2.78282e-05	0.00115808	0.999999	108
1	0	-3.29742e-05	0.00128981	0.999999	108
2	0	-6.23932e-06	0.00133245	0.999999	108
3	0	1.10167e-05	0.00137441	0.999999	90
4	0	3.32781e-05	0.00135651	0.999999	108
5	0	2.15036e-06	0.00134376	0.999999	108
6	0	4.80201e-06	0.00136863	0.999999	90
7	0	-5.01778e-06	0.00136455	0.999999	108
8	0	1.49757e-05	0.00136166	0.999999	108
9	0	4.02382e-06	0.00133406	0.999999	90
10	0	-1.03942e-05	0.00132988	0.999999	108
11	0	-1.60582e-06	0.0013415	0.999999	108
12	0	-2.63324e-05	0.00131132	0.999999	90
13	0	-7.52197e-06	0.00130258	0.999999	108
14	0	-1.4781e-05	0.00128293	0.999999	108
15	0	-3.23326e-05	0.00129906	0.999999	90
16	0	-2.77553e-05	0.00132985	0.999999	108
17	0	-5.95596e-05	0.00129843	0.999999	108
18	0	-6.55215e-05	0.00131782	0.999999	90
19	0	-3.88453e-05	0.00140274	0.999999	108
20	0	-0.000150867	0.00182856	0.999998	108
21	0	-0.00107779	0.00446322	0.999988	90
22	0	-0.00742026	0.0213233	0.99968	108
23	0	-0.0498808	0.137045	0.986384	108
24	0	-0.220884	0.609951	0.703992	90
25	0	-0.250692	0.697315	-0.537695	108
26	0	-0.0525766	0.150626	-0.983617	108
27	0	-0.00777336	0.0251879	-0.999582	90
28	0	-0.000885151	0.00435607	-0.999987	108
29	0	5.08755e-05	0.000545249	-1	108
30	0	4.01599e-05	4.48792e-05	-1	90
31	0	8.89351e-07	4.67126e-07	-1	108
32	0	0	0	-1	108
33	0	0	0	-1	90
34	0	0	0	-1	108
35	0	0	0	-1	108
36	0	0	0	-1	90
37	0	0	0	-1	108
38	0	0	0	-1	108
39	0	0	0	-1	108
40	0	0	0	-1	90
41	0	0	0	-1	108
42	0	0	0	-1	108
43	0	0	0	-1	90
44	0	0	0	-1	108
45	0	0	0	-1	108
46	0	0	0	-1	90
47	0	0	0	-1	108
48	0	0	0	-1	108
49	0	0	0	-1	90
