4104
-0.000481492	0.0674866	0.99772
-0.000344977	0.074777	0.9972
-0.000546118	0.0719812	0.997406
-0.000570903	0.0747525	0.997202
-0.000201101	0.0706988	0.997498
-0.000397898	0.0713201	0.997453
0.00018629	0.070392	0.997519
-0.000120232	0.0694243	0.997587
-0.000445121	0.0723077	0.997382
-0.000395116	0.0702145	0.997532
-0.000565621	0.0681818	0.997673
-0.000656998	0.0701475	0.997536
-0.00177928	0.0725101	0.997366
-8.79178e-05	0.070942	0.99748
-0.000139019	0.0709207	0.997482
-0.000212431	0.0674548	0.997722
0.000336355	0.0688705	0.997626
0.000462608	0.0706736	0.997499
-3.79513e-05	0.0730861	0.997326
0.000476309	0.0725744	0.997363
0.000545443	0.0727547	0.99735
-0.000423158	0.0695189	0.997581
4.7867e-05	0.0691207	0.997608
-0.00132928	0.0736236	0.997285
-0.000111851	0.0680577	0.997681
0.00166266	0.0736331	0.997284
-0.000904339	0.0719434	0.997408
-0.000540928	0.070949	0.99748
-0.000520415	0.0736548	0.997284
-1.88883e-05	0.0669844	0.997754
-0.000331776	0.0702161	0.997532
-0.000904671	0.0711141	0.997468
-9.16471e-05	0.0707576	0.997494
-0.000374671	0.0689986	0.997617
0.000140429	0.0687637	0.997633
0.000133087	0.0680003	0.997685
-0.000245624	0.0766631	0.997057
0.000422863	0.0701462	0.997537
-0.000238198	0.0715866	0.997434
-0.000223923	0.0707548	0.997494
0.000190232	0.0728024	0.997346
9.08927e-05	0.0684066	0.997658
-9.11606e-05	0.0687483	0.997634
0.000398506	0.0687232	0.997636
0.00103758	0.0777567	0.996972
0.000281952	0.0708947	0.997484
-0.00120495	0.0703693	0.99752
-0.000313176	0.0703897	0.99752
-0.00108114	0.0696804	0.997569
-0.00117868	0.0702047	0.997532
-0.000379199	0.0704342	0.997516
-0.00091486	0.0730973	0.997324
0.000163425	0.0704168	0.997518
-4.06677e-05	0.069741	0.997565
0.000785032	0.07376	0.997276
0.000194665	0.0713776	0.997449
-8.8955e-05	0.0683456	0.997662
9.52743e-05	0.0742485	0.99724
-9.30647e-05	0.0678175	0.997698
1.47654e-05	0.0740755	0.997253
-6.0592e-05	0.0711092	0.997469
-0.000710237	0.0691095	0.997609
0.000551509	0.0700683	0.997542
0.000711354	0.0700692	0.997542
0.000308029	0.0707666	0.997493
0.000861424	0.0732647	0.997312
0.00022894	0.0694829	0.997583
-6.33427e-05	0.0706734	0.9975
-0.00045233	0.0705436	0.997509
0.000186339	0.0711955	0.997462
0.000240854	0.0731087	0.997324
-0.000101181	0.0721065	0.997397
-0.000618954	0.0723878	0.997376
0.000337184	0.0744939	0.997221
-0.000207206	0.0685999	0.997644
0.000162108	0.0684355	0.997656
0.000667448	0.068819	0.997629
0.000467926	0.0671265	0.997744
0.000381312	0.0721956	0.99739
0.000596702	0.068292	0.997665
-0.000472907	0.0682442	0.997669
-0.000572155	0.0720572	0.9974
0.00135562	0.0757415	0.997127
0.000186466	0.0686187	0.997643
0.000249996	0.0701795	0.997534
-0.000446231	0.0722108	0.997389
1.71887e-06	0.0711219	0.997468
0.000303403	0.0694001	0.997589
-0.000246182	0.0698214	0.997559
-0.000177501	0.069232	0.997601
0.000930555	0.0708207	0.997489
0.000309919	0.0699304	0.997552
1.77333e-05	0.0707916	0.997491
-0.000212408	0.0745989	0.997214
-0.00041137	0.0686328	0.997642
-0.000420495	0.0707444	0.997494
-0.000389749	0.0717248	0.997424
-6.75703e-05	0.0693532	0.997592
5.01979e-06	0.0708817	0.997485
0.000440947	0.0705084	0.997511
0.000218854	0.0700935	0.99754
0.00099116	0.0738103	0.997272
0.00011647	0.0698814	0.997555
0.00013917	0.069581	0.997576
-0.001118	0.0735324	0.997292
-0.000704772	0.0745424	0.997218
-0.00017264	0.0728926	0.99734
0.000221979	0.0663956	0.997793
0.000711108	0.0675016	0.997719
0.00014847	0.0688139	0.99763
0.00093056	0.0728568	0.997342
0.000450182	0.0693198	0.997594
-0.00034154	0.068538	0.997648
-0.000490283	0.0685169	0.99765
0.000120336	0.0695178	0.997581
-0.000319831	0.0677201	0.997704
0.000165635	0.070169	0.997535
-0.000122165	0.0689429	0.997621
0.00028003	0.0697197	0.997567
0.000281062	0.0753297	0.997159
-0.000286007	0.0720382	0.997402
0.00057868	0.0700267	0.997545
0.000197477	0.0702203	0.997531
0.000648944	0.070035	0.997544
9.26069e-05	0.0692078	0.997602
0.00098785	0.0698658	0.997556
-0.000321111	0.0712822	0.997456
0.00115923	0.0710111	0.997475
9.85218e-05	0.0722646	0.997385
-0.00029806	0.070879	0.997485
-0.000642137	0.0696429	0.997572
-2.64458e-05	0.071103	0.997469
-0.00119307	0.0701213	0.997538
-0.00281245	0.0725126	0.997364
-0.000788929	0.0718109	0.997418
-0.00104872	0.0721828	0.997391
0.000254713	0.0722632	0.997386
4.70056e-05	0.0713596	0.997451
-0.00151095	0.073872	0.997267
0.000112877	0.0700936	0.99754
-0.000201236	0.0677943	0.997699
-4.61996e-05	0.0686359	0.997642
-0.000245365	0.0709277	0.997481
-0.000498309	0.0691599	0.997605
0.0008125	0.0754448	0.99715
0.000244302	0.0700157	0.997546
0.000533674	0.0711683	0.997464
0.000271195	0.0725956	0.997361
0.000143499	0.075271	0.997163
0.000619395	0.0729671	0.997334
0.00161016	0.0714123	0.997446
0.000412336	0.0713225	0.997453
-0.00231056	0.072119	0.997393
0.00119084	0.074227	0.997241
-0.00021173	0.0697078	0.997567
-0.000966598	0.0714128	0.997446
-5.86362e-05	0.0697744	0.997563
-9.0295e-05	0.0707233	0.997496
-0.00132213	0.0710066	0.997475
-0.000546428	0.0738619	0.997268
0.00137533	0.070641	0.997501
0.000289845	0.0715551	0.997437
-0.000268679	0.0737417	0.997277
-1.88755e-05	0.068088	0.997679
-0.0013844	0.070546	0.997508
-0.000960317	0.0682494	0.997668
-0.000627617	0.0754795	0.997147
-0.00127706	0.0745399	0.997217
-0.000175948	0.0673363	0.99773
0.0010001	0.0762453	0.997089
-0.000648641	0.0701534	0.997536
-0.000108858	0.0676501	0.997709
-0.000397734	0.0713738	0.99745
-0.000100827	0.0707769	0.997492
-0.000587888	0.0684875	0.997652
0.00114274	0.0731408	0.997321
-0.000628036	0.0701835	0.997534
0.000114029	0.0707107	0.997497
-0.00056534	0.0707408	0.997495
-0.000387253	0.0697623	0.997564
2.30954e-05	0.0689427	0.997621
0.000469939	0.0704156	0.997518
0.000415433	0.069077	0.997611
-0.000141851	0.0711657	0.997464
0.00116704	0.0739452	0.997262
0.000329194	0.070834	0.997488
0.000925808	0.0714357	0.997445
0.000137889	0.0707993	0.997491
0.000226254	0.0695807	0.997576
-5.82006e-05	0.0693099	0.997595
0.000612789	0.0727305	0.997351
0.000533266	0.0703426	0.997523
-0.000896535	0.0721228	0.997395
-0.00029011	0.0688354	0.997628
2.68887e-05	0.0682502	0.997668
-0.000625476	0.0712475	0.997458
-2.37879e-05	0.0685946	0.997645
-0.000365667	0.0693713	0.997591
-0.000560672	0.0712036	0.997462
-0.00109335	0.0704903	0.997512
-0.00067087	0.0713454	0.997451
0.000236851	0.0726317	0.997359
-0.00053718	0.0748614	0.997194
-0.000716923	0.0705332	0.997509
-0.00108526	0.0715887	0.997434
-0.000937045	0.072484	0.997369
-0.000984203	0.0743736	0.99723
-0.000495161	0.069896	0.997554
-0.00122817	0.0692608	0.997598
-0.000911385	0.0685807	0.997645
-0.00149349	0.0709052	0.997482
-0.00133844	0.0742105	0.997242
-0.00111482	0.0724905	0.997368
-0.000245056	0.0689511	0.99762
-0.00010275	0.0705673	0.997507
-0.000746358	0.0685749	0.997646
0.00026248	0.0708603	0.997486
0.000312002	0.071546	0.997437
-0.000399563	0.0703699	0.997521
0.000319174	0.0711096	0.997468
3.25822e-05	0.0694533	0.997585
-0.000358139	0.0711108	0.997468
0.000440716	0.0714498	0.997444
-3.97325e-05	0.0701617	0.997536
-1.94285e-05	0.0690417	0.997614
0.000609316	0.070529	0.99751
0.000290765	0.071345	0.997452
0.000184559	0.0685404	0.997648
-0.000223838	0.0685929	0.997645
-0.000346552	0.0691066	0.997609
-0.000948947	0.0699052	0.997553
5.18696e-05	0.0706032	0.997504
-8.11749e-05	0.0697792	0.997562
0.000250772	0.0696058	0.997575
0.000323436	0.0759721	0.99711
0.000148313	0.069137	0.997607
0.000543099	0.0711295	0.997467
0.000664814	0.0702761	0.997527
0.00116037	0.0745411	0.997217
0.000664498	0.0711015	0.997469
0.000630836	0.0701836	0.997534
0.000328077	0.069408	0.997588
0.000242224	0.0711659	0.997464
0.000890782	0.0724639	0.997371
0.00029472	0.0703708	0.997521
0.0012956	0.0713589	0.99745
0.000499332	0.0704039	0.997518
-0.00040671	0.0729783	0.997333
-5.56888e-05	0.0722729	0.997385
-0.000255723	0.0739841	0.997259
-0.000594737	0.07145	0.997444
0.000167796	0.0716322	0.997431
-0.000520396	0.0706429	0.997502
-8.94381e-05	0.0729465	0.997336
-0.000454684	0.0715509	0.997437
1.06794e-05	0.073681	0.997282
7.44863e-05	0.0721319	0.997395
-3.1795e-05	0.068749	0.997634
-0.000194158	0.0692175	0.997602
-6.48341e-05	0.070112	0.997539
-0.000286748	0.0694869	0.997583
0.000380602	0.0688783	0.997625
0.000721119	0.0731332	0.997322
0.000421504	0.0676182	0.997711
0.000449632	0.0682622	0.997667
0.000281247	0.0714769	0.997442
0.000748637	0.0707443	0.997494
0.000606183	0.0710164	0.997475
0.00210974	0.0738014	0.997271
6.15486e-06	0.0694851	0.997583
-0.000464393	0.0695543	0.997578
-0.000488944	0.0731231	0.997323
-0.000762567	0.0692752	0.997597
-0.000349515	0.0693623	0.997591
-0.000624639	0.0714337	0.997445
-0.000426746	0.0698584	0.997557
-0.000339777	0.0699514	0.99755
0.000702862	0.0714893	0.997441
-0.000298387	0.0702628	0.997528
-0.000405945	0.0702138	0.997532
-0.000674883	0.0705869	0.997505
-0.000431453	0.0729762	0.997334
0.00028208	0.0704416	0.997516
0.00028753	0.0708782	0.997485
-0.000413478	0.06992	0.997553
4.49186e-05	0.0685411	0.997648
0.000463104	0.0692103	0.997602
0.000535533	0.0713013	0.997455
0.000510137	0.0735389	0.997292
9.40397e-05	0.0712022	0.997462
-9.15584e-05	0.0688094	0.99763
0.00044223	0.0714729	0.997442
-1.64269e-05	0.0696336	0.997573
-0.00190416	0.0741041	0.997249
-0.000451562	0.0706216	0.997503
-0.000311314	0.0699173	0.997553
0.000428206	0.0715547	0.997437
-9.41296e-05	0.070267	0.997528
-9.37248e-05	0.0709543	0.99748
-0.000430149	0.0707521	0.997494
-0.000608162	0.0696974	0.997568
-0.00122898	0.070921	0.997481
-0.00019645	0.071822	0.997417
-0.000246725	0.0685248	0.997649
-0.000622729	0.0725349	0.997366
0.00110938	0.0770983	0.997023
-0.000248665	0.0720092	0.997404
-0.000427528	0.0703705	0.997521
0.000150499	0.0692507	0.997599
0.00101023	0.0713264	0.997453
0.000485955	0.0697451	0.997565
0.00021439	0.0684563	0.997654
-0.000314133	0.0694963	0.997582
0.00094603	0.073884	0.997266
0.00192008	0.0744281	0.997225
-0.000812293	0.0753153	0.997159
-6.07217e-05	0.073105	0.997324
0.000235565	0.0703218	0.997524
0.000908041	0.073302	0.997309
0.000400205	0.0709081	0.997483
-0.000353223	0.0718695	0.997414
-0.000972174	0.0757268	0.997128
-0.000848552	0.0752373	0.997165
-0.00142053	0.0726428	0.997357
-0.000436824	0.0707549	0.997494
0.000414198	0.0700676	0.997542
0.000200638	0.0676369	0.99771
9.08187e-05	0.0670979	0.997746
0.000350692	0.0666931	0.997773
0.00101762	0.0713874	0.997448
0.000260548	0.0703	0.997526
-0.000132167	0.068503	0.997651
0.000321492	0.0700047	0.997547
-0.000413835	0.0727386	0.997351
-0.0001087	0.0703429	0.997523
-0.000379293	0.0701523	0.997536
-0.000803763	0.0682577	0.997667
-0.000408308	0.0674743	0.997721
-1.99876e-05	0.0687597	0.997633
0.000376679	0.0693838	0.99759
0.00098016	0.0709538	0.997479
0.00107329	0.0694587	0.997584
0.000838974	0.0700758	0.997541
-7.55763e-05	0.0730162	0.997331
0.000184352	0.0727325	0.997351
-0.000748707	0.0700293	0.997545
-0.00124176	0.0697752	0.997562
-0.000681154	0.0691229	0.997608
-0.000214855	0.0711724	0.997464
0.000156432	0.0689178	0.997622
-0.000269066	0.0684733	0.997653
0.000191746	0.0714224	0.997446
0.00073879	0.0728138	0.997345
0.000598297	0.0724718	0.99737
0.000212384	0.0708287	0.997488
-9.02555e-05	0.0721865	0.997391
0.000935385	0.0722475	0.997386
-0.000342832	0.069574	0.997577
-0.00105061	0.0745164	0.997219
0.000313081	0.0697353	0.997565
-0.000164904	0.0693892	0.99759
-0.000477733	0.0674745	0.997721
-0.000517699	0.0708005	0.99749
0.000245021	0.0723286	0.997381
0.000446056	0.0697067	0.997567
-0.000555537	0.0688395	0.997628
-0.000417827	0.0676785	0.997707
-0.000990522	0.0689099	0.997622
-0.000676881	0.0688109	0.997629
-0.000239199	0.0701543	0.997536
0.000377849	0.0702513	0.997529
0.000466813	0.0689562	0.99762
0.000621704	0.0722518	0.997386
0.000746031	0.0698352	0.997558
0.000991046	0.076882	0.99704
0.00028823	0.0729138	0.997338
6.45251e-05	0.0711798	0.997463
0.000167284	0.0698218	0.997559
0.000371576	0.0708822	0.997485
-1.16675e-05	0.0707931	0.997491
-0.000773879	0.0720675	0.997399
-0.000361815	0.0716653	0.997429
-0.000393388	0.0694769	0.997583
-0.000612835	0.0698319	0.997559
-0.000959318	0.0702911	0.997526
-0.000848033	0.0699841	0.997548
-0.000859644	0.0718936	0.997412
-0.000593302	0.0707531	0.997494
-0.00135999	0.0716229	0.997431
-0.000244022	0.0699372	0.997551
-0.000160766	0.0691208	0.997608
-0.0008594	0.0719336	0.997409
-0.000236468	0.069398	0.997589
0.00060734	0.0710885	0.99747
-0.000275651	0.0684016	0.997658
-0.000597717	0.0694437	0.997586
0.000168025	0.070105	0.99754
0.00140159	0.0756585	0.997133
0.000530805	0.0728421	0.997343
0.000750579	0.0710582	0.997472
0.000234864	0.073175	0.997319
0.000214419	0.0712204	0.997461
0.000324174	0.074001	0.997258
0.000600911	0.0719561	0.997408
0.000832188	0.074237	0.99724
-1.8247e-05	0.0713076	0.997454
7.66659e-05	0.0698956	0.997554
0.00042808	0.0707248	0.997496
-9.31851e-06	0.0704422	0.997516
0.000316433	0.0679181	0.997691
5.74851e-05	0.0685858	0.997645
8.88609e-05	0.0707051	0.997497
0.00075365	0.0724842	0.997369
0.00029205	0.0694344	0.997586
-0.000556703	0.068475	0.997653
-0.000189787	0.0682643	0.997667
-0.000131519	0.0701472	0.997537
-0.000390134	0.0763204	0.997083
-0.000441169	0.0693547	0.997592
-0.000919946	0.0695981	0.997575
-0.000325876	0.0667267	0.997771
-0.000109331	0.0692347	0.9976
0.000545791	0.0697385	0.997565
0.000249286	0.0693276	0.997594
0.00106606	0.073933	0.997263
0.00154496	0.0719127	0.99741
0.000108137	0.0691395	0.997607
-0.000125604	0.071544	0.997437
-0.0003098	0.0713085	0.997454
-0.00045716	0.0710457	0.997473
-0.000737328	0.0689988	0.997616
-0.000356996	0.0700877	0.997541
-0.000181986	0.0688352	0.997628
-4.72636e-06	0.0703133	0.997525
0.000238115	0.0701306	0.997538
0.00026512	0.0690065	0.997616
0.00028984	0.0737465	0.997277
0.000618977	0.070756	0.997493
0.000333764	0.0698527	0.997557
0.000182599	0.0711068	0.997469
0.000905585	0.0769571	0.997034
-0.000646544	0.0711513	0.997465
-0.000183113	0.0690975	0.99761
-8.90059e-05	0.0682246	0.99767
0.000106979	0.069762	0.997564
0.000111874	0.068213	0.997671
0.00120783	0.0732835	0.99731
-0.00079569	0.0703352	0.997523
-0.000652478	0.0713347	0.997452
-0.00112292	0.0709933	0.997476
-0.000234077	0.0710776	0.997471
-0.00102125	0.0719648	0.997407
-0.000496184	0.0690362	0.997614
0.000238843	0.0722303	0.997388
-9.2982e-05	0.0700367	0.997544
-0.000193897	0.0701339	0.997538
-0.000105766	0.0716121	0.997433
1.88251e-05	0.0717736	0.997421
0.00018025	0.0702862	0.997527
-2.02511e-05	0.069843	0.997558
-0.000327611	0.0761689	0.997095
-0.000345464	0.0732459	0.997314
-0.000427775	0.0724506	0.997372
8.94574e-05	0.0719646	0.997407
-0.000315126	0.0715384	0.997438
-0.00176923	0.0753242	0.997158
0.000327154	0.0703122	0.997525
0.000342525	0.0697731	0.997563
-0.000270995	0.0719115	0.997411
-0.000324842	0.071363	0.99745
3.37977e-05	0.070474	0.997514
-0.000334119	0.0724751	0.99737
-0.00049777	0.0736673	0.997283
9.79145e-05	0.0703976	0.997519
-9.71794e-05	0.0688906	0.997624
5.60946e-05	0.0697114	0.997567
-0.00053335	0.0701791	0.997534
0.00119721	0.0754932	0.997146
-0.000381163	0.0685274	0.997649
-0.000668369	0.069571	0.997577
-0.000317656	0.0677216	0.997704
-0.000506321	0.0685715	0.997646
-0.000834565	0.0704034	0.997518
-0.00160558	0.0756089	0.997136
-0.00173896	0.0759607	0.997109
-0.000296664	0.0734574	0.997298
-0.000625169	0.0713498	0.997451
-0.000208907	0.0704584	0.997515
-0.00018109	0.0728107	0.997346
-0.000244121	0.0710091	0.997476
-0.000427262	0.0698781	0.997555
-0.00058307	0.0704874	0.997512
-0.000180759	0.0686286	0.997642
-0.000207378	0.0730315	0.99733
-0.000212289	0.0715675	0.997436
0.000146687	0.0684782	0.997653
0.000603829	0.0719399	0.997409
0.000152067	0.0711655	0.997465
0.00167392	0.0733377	0.997306
-0.000220984	0.0790222	0.996873
0.000964256	0.0726985	0.997353
0.000179828	0.0718857	0.997413
-0.00052134	0.0735493	0.997291
0.000439889	0.0717283	0.997424
-0.000337989	0.0765064	0.997069
0.000177806	0.070318	0.997525
-0.000279296	0.0710554	0.997472
0.000261495	0.0689913	0.997617
-8.21328e-05	0.06943	0.997587
-8.53095e-05	0.0684141	0.997657
-0.000575504	0.0710214	0.997475
-0.000602989	0.069674	0.99757
0.00126648	0.0727878	0.997347
-0.000291485	0.0726795	0.997355
-0.000302062	0.0682619	0.997667
0.000937083	0.0706829	0.997498
-0.000393558	0.0681045	0.997678
-1.81002e-05	0.0694173	0.997588
-0.000494415	0.0726765	0.997355
-0.00118466	0.0702575	0.997528
-0.000402509	0.0685489	0.997648
0.000341196	0.0702961	0.997526
0.000128772	0.0681856	0.997673
0.000305508	0.0693635	0.997591
0.00144063	0.0724901	0.997368
0.000405954	0.0718156	0.997418
0.000228937	0.0690067	0.997616
-0.000127885	0.0696618	0.997571
-0.000511655	0.0698009	0.997561
-0.000677259	0.0715339	0.997438
0.000659643	0.0711312	0.997467
-0.000562975	0.0743113	0.997235
0.000765036	0.0713556	0.997451
0.00066283	0.0688196	0.997629
-0.000379044	0.065443	0.997856
-0.000253953	0.068053	0.997682
-0.000751954	0.0732755	0.997311
-0.000901162	0.0706887	0.997498
-0.000633499	0.0699472	0.99755
-7.8648e-05	0.0686893	0.997638
-0.000342562	0.070723	0.997496
0.000238788	0.0687209	0.997636
0.000157771	0.0692188	0.997601
-0.000212452	0.0723204	0.997381
0.000350859	0.073168	0.99732
0.000686758	0.0700264	0.997545
0.000540311	0.0699559	0.99755
0.000925735	0.0705489	0.997508
0.000426003	0.0711439	0.997466
0.000381092	0.0687713	0.997632
0.000261498	0.07102	0.997475
-4.61856e-05	0.0697024	0.997568
-0.000373048	0.070328	0.997524
-0.000611363	0.0684771	0.997653
-0.000730022	0.0682402	0.997669
-0.000791731	0.0692808	0.997597
-0.00184024	0.0740685	0.997251
-0.000833759	0.0707047	0.997497
0.000120954	0.0719616	0.997407
-0.000208386	0.0713257	0.997453
-0.00034157	0.0710732	0.997471
9.8682e-05	0.0694482	0.997586
6.82019e-05	0.0702032	0.997533
-0.000112446	0.0737233	0.997279
-0.000364237	0.0693153	0.997595
0.000193944	0.069168	0.997605
0.000550077	0.0714426	0.997445
3.41636e-05	0.0694867	0.997583
-0.000329335	0.0755335	0.997143
0.000648081	0.0706718	0.997499
0.000745601	0.0746622	0.997209
-8.7848e-05	0.0700267	0.997545
-0.000882664	0.0748357	0.997195
-0.000387587	0.0710262	0.997474
8.7886e-05	0.0699705	0.997549
-9.6821e-05	0.0718898	0.997413
-0.000341117	0.0709483	0.99748
0.00039568	0.0715824	0.997435
0.000341281	0.0700817	0.997541
0.000232743	0.0697059	0.997568
2.50047e-06	0.0684908	0.997652
-1.54236e-06	0.0680983	0.997679
0.000248825	0.0681318	0.997676
0.00111489	0.0693591	0.997591
0.000616444	0.068693	0.997638
-6.54211e-06	0.0697562	0.997564
-2.08612e-05	0.0682454	0.997669
-0.000136293	0.0698749	0.997556
-0.000232771	0.0695885	0.997576
0.000443883	0.0696428	0.997572
0.00245044	0.0756242	0.997133
0.00281837	0.0724502	0.997368
5.04548e-05	0.0679831	0.997686
-0.00057736	0.0703051	0.997525
-0.00039444	0.0749107	0.99719
-2.73472e-05	0.0707236	0.997496
-0.00109045	0.0731888	0.997318
-0.000280425	0.071406	0.997447
-0.000675573	0.0687856	0.997631
-0.00124185	0.0723528	0.997378
-0.000230741	0.0693924	0.997589
1.70592e-05	0.0685443	0.997648
-5.07262e-05	0.0710916	0.99747
2.52819e-05	0.0718355	0.997416
0.00121664	0.073646	0.997284
-0.000443053	0.0703387	0.997523
-0.000482406	0.0723637	0.997378
3.48421e-06	0.0697897	0.997562
-0.000159422	0.0692063	0.997602
-0.00241347	0.0736395	0.997282
-1.95837e-05	0.0717467	0.997423
0.00039463	0.0692123	0.997602
0.000311305	0.0735206	0.997294
0.000541342	0.070678	0.997499
0.000148474	0.0694526	0.997585
0.000173052	0.0697088	0.997567
0.000120554	0.0708872	0.997484
0.000424996	0.0706523	0.997501
-0.000247827	0.07039	0.99752
-0.000345933	0.0726702	0.997356
-0.000513029	0.0714892	0.997441
-0.000110795	0.0700089	0.997546
-0.00035569	0.0710948	0.997469
-0.000421174	0.0688986	0.997624
-0.000184342	0.0707519	0.997494
-0.000461764	0.0694787	0.997583
-0.0008491	0.0707454	0.997494
0.000396617	0.0737886	0.997274
-0.000902647	0.0757604	0.997126
-0.0006978	0.0704228	0.997517
-0.000869918	0.0712263	0.99746
0.000179553	0.071163	0.997465
-0.000889393	0.0738322	0.99727
-0.000395042	0.0693562	0.997592
-8.5172e-05	0.0701355	0.997537
-0.000809891	0.075269	0.997163
-0.000463751	0.0732608	0.997313
2.01672e-05	0.0704226	0.997517
0.000147838	0.0707922	0.997491
-0.00088967	0.0744813	0.997222
0.000478288	0.0693712	0.997591
0.000415337	0.0737428	0.997277
0.00107367	0.0713508	0.997451
0.000730711	0.0721915	0.997391
0.000518217	0.0743374	0.997233
0.000449518	0.0742175	0.997242
0.00057805	0.07297	0.997334
-0.000205152	0.0709129	0.997482
-0.000298822	0.0752068	0.997168
-1.76669e-05	0.0690333	0.997614
-0.000175484	0.0691219	0.997608
0.000407088	0.0716955	0.997426
-0.00103996	0.073929	0.997263
-0.000546089	0.0726971	0.997354
-0.000181725	0.0711676	0.997464
-0.000269922	0.0774028	0.997
-0.000710043	0.0705893	0.997505
-0.000817972	0.0719455	0.997408
-0.000419591	0.0729152	0.997338
-0.00109978	0.0720097	0.997403
-0.000545449	0.0694199	0.997587
-0.000149878	0.067458	0.997722
-0.000204461	0.0674236	0.997724
0.000258743	0.0693411	0.997593
0.0006953	0.0707226	0.997496
0.000321242	0.0690933	0.99761
-6.04993e-05	0.0669528	0.997756
0.00124006	0.070338	0.997522
-4.4878e-05	0.0732597	0.997313
0.000438754	0.0690343	0.997614
0.0011772	0.0778133	0.996967
0.000114502	0.0695661	0.997577
0.000100417	0.0700389	0.997544
-0.000148477	0.0707204	0.997496
-0.00016422	0.0689549	0.99762
0.000159345	0.0713515	0.997451
0.000675194	0.0673717	0.997728
0.000130598	0.070923	0.997482
-0.000485754	0.068129	0.997676
-0.000509321	0.0708523	0.997487
0.000230128	0.0726639	0.997356
0.000407673	0.0698751	0.997556
0.000241912	0.0689539	0.99762
0.000499153	0.0699705	0.997549
0.000516508	0.0709359	0.997481
0.000352014	0.0683457	0.997662
0.000148842	0.0710796	0.997471
0.000878195	0.069775	0.997562
0.000220647	0.072273	0.997385
0.000787663	0.0695974	0.997575
0.000109675	0.0693675	0.997591
-0.000219758	0.0705679	0.997507
-0.00010697	0.0732756	0.997312
0.00038506	0.0697377	0.997565
6.02873e-05	0.0691194	0.997608
0.000635719	0.0731582	0.99732
7.10885e-05	0.0700232	0.997545
-0.000517007	0.0735229	0.997293
-0.000301668	0.0692659	0.997598
-0.000298292	0.0691142	0.997609
-0.000365684	0.0701613	0.997536
-0.000444169	0.0695557	0.997578
-0.000795051	0.073438	0.997299
0.000130944	0.0751878	0.997169
-0.000216147	0.0696221	0.997573
0.000505562	0.070059	0.997543
6.02903e-05	0.0687723	0.997632
0.000596083	0.0705863	0.997505
0.000144159	0.0676429	0.99771
0.000151516	0.0701349	0.997538
0.000763758	0.0694689	0.997584
0.000942899	0.070053	0.997543
0.00115738	0.0721174	0.997395
0.000757602	0.075411	0.997152
-0.0013161	0.0761912	0.997092
0.000486021	0.0720151	0.997403
0.000393974	0.0709882	0.997477
0.000225395	0.0702878	0.997527
5.33509e-05	0.0701792	0.997534
0.000652849	0.0736748	0.997282
-0.0006116	0.0685964	0.997644
-0.000582231	0.0679933	0.997686
-0.00023421	0.0677367	0.997703
0.000222668	0.074697	0.997206
-0.000530211	0.0687894	0.997631
-0.000345485	0.0683901	0.997659
-0.00110475	0.0718413	0.997415
0.00038985	0.069702	0.997568
0.000221904	0.0679013	0.997692
-0.00158464	0.0685196	0.997649
-0.000544001	0.0684778	0.997652
-0.000776972	0.0705821	0.997506
-0.000825437	0.0719868	0.997405
0.000224669	0.0694503	0.997585
0.000315213	0.0683758	0.99766
0.00169484	0.072941	0.997335
0.000861545	0.0679036	0.997692
0.00032014	0.0657353	0.997837
-0.000146197	0.0699084	0.997553
-0.000751747	0.0690921	0.99761
0.00127823	0.0736151	0.997286
0.000331375	0.0731345	0.997322
8.27038e-05	0.0699874	0.997548
0.000284422	0.0679567	0.997688
0.000526889	0.0699338	0.997551
0.000649064	0.0693239	0.997594
0.00050138	0.0711861	0.997463
0.000535612	0.0716666	0.997428
-0.00015588	0.0693199	0.997594
0.000395362	0.0698164	0.99756
-0.000128786	0.0693909	0.99759
0.000200131	0.070557	0.997508
7.57933e-05	0.0688409	0.997628
-0.000305499	0.0709495	0.99748
0.000577991	0.0710419	0.997473
0.00107332	0.0732345	0.997314
0.000148298	0.0739944	0.997259
-0.000101148	0.0698226	0.997559
0.00108693	0.0699502	0.99755
3.71581e-06	0.0693105	0.997595
-0.000388355	0.0736558	0.997284
-0.000309964	0.0695487	0.997579
-0.00142901	0.0751983	0.997168
-0.000143248	0.0706354	0.997502
0.000141131	0.0703838	0.99752
0.000117343	0.071416	0.997447
0.00147805	0.0707731	0.997491
0.000464373	0.06889	0.997624
0.000406466	0.0686515	0.997641
0.000739316	0.069795	0.997561
0.000861178	0.0699648	0.997549
0.000478268	0.0692302	0.997601
0.000298876	0.0735223	0.997294
0.00128421	0.0730657	0.997326
-0.000131929	0.072595	0.997361
0.000197427	0.0739357	0.997263
0.000478288	0.0732676	0.997312
0.00075225	0.0710158	0.997475
-0.000739868	0.0706927	0.997498
-0.000663496	0.074496	0.997221
-0.000578324	0.0690591	0.997612
-0.0007197	0.0698665	0.997556
-0.000167522	0.0695123	0.997581
-0.000365695	0.0685986	0.997644
-0.000198065	0.0693942	0.997589
-0.000305364	0.0680981	0.997679
0.000235775	0.0671214	0.997745
-0.000267418	0.0689105	0.997623
-1.61996e-05	0.0674745	0.997721
-0.000422802	0.0674403	0.997723
-0.00046307	0.0748584	0.997194
-0.000293486	0.0694727	0.997584
0.000185984	0.0680945	0.997679
-0.000134056	0.0695861	0.997576
0.00082635	0.0669271	0.997758
0.00257967	0.0704077	0.997515
-0.000718773	0.0667832	0.997767
-0.0015504	0.0700667	0.997541
-0.000646684	0.066927	0.997758
-0.000845371	0.0711594	0.997465
-0.000645867	0.0724553	0.997371
-0.000632461	0.0697155	0.997567
0.000196954	0.0686493	0.997641
6.36899e-05	0.0725529	0.997365
-0.000638564	0.0697345	0.997565
-3.20132e-05	0.068462	0.997654
-0.000970959	0.0727023	0.997353
-3.74537e-06	0.0702796	0.997527
0.000528689	0.0713839	0.997449
-6.68267e-06	0.0704593	0.997515
0.000296436	0.071935	0.997409
0.000714241	0.0681957	0.997672
0.000707996	0.0680492	0.997682
0.000529214	0.0702239	0.997531
0.00269759	0.0718968	0.997408
0.000693842	0.0739049	0.997265
0.00248853	0.0719012	0.997409
0.000273998	0.0699887	0.997548
0.00156003	0.0751381	0.997172
-0.000424666	0.0731232	0.997323
-0.000466699	0.0720889	0.997398
0.000210173	0.0732493	0.997314
0.000410149	0.0719769	0.997406
0.00105771	0.0735518	0.997291
-0.000601629	0.0714249	0.997446
-9.591e-05	0.0692275	0.997601
-0.000630998	0.068738	0.997635
-0.000363218	0.0686784	0.997639
-0.000290794	0.0713721	0.99745
-0.000740355	0.0692253	0.997601
-0.000904402	0.0708741	0.997485
-0.000665606	0.0700361	0.997544
0.000788319	0.073749	0.997277
-9.35041e-05	0.0706728	0.9975
-0.00065126	0.0701208	0.997538
0.00143928	0.0742525	0.997238
0.000141311	0.0695107	0.997581
0.000217348	0.0748163	0.997197
0.000126857	0.0688461	0.997627
-0.00129639	0.0744556	0.997223
-0.000276681	0.0683127	0.997664
-0.000101616	0.069079	0.997611
0.000244642	0.0694885	0.997583
-0.00116336	0.0732531	0.997313
0.00108766	0.0732911	0.99731
0.00063411	0.0709929	0.997477
0.00209529	0.0741465	0.997245
0.000964278	0.0720883	0.997398
7.80594e-07	0.0728544	0.997343
-0.000195645	0.0732607	0.997313
0.000790022	0.0765634	0.997064
0.000119353	0.0704573	0.997515
0.000387953	0.0705703	0.997507
4.65588e-05	0.0710774	0.997471
-0.000884408	0.0725025	0.997368
-0.00051998	0.0715752	0.997435
-0.000139242	0.0722122	0.997389
-0.000389636	0.0711097	0.997468
2.61485e-05	0.0701355	0.997537
-0.000646979	0.0696254	0.997573
-0.00164515	0.0709366	0.997479
6.9928e-06	0.0690268	0.997615
-0.00118277	0.0750005	0.997183
-0.000291416	0.0684175	0.997657
-9.23746e-05	0.0690613	0.997612
-0.000173303	0.068643	0.997641
7.40918e-05	0.0715492	0.997437
0.00031072	0.069307	0.997595
-5.47202e-05	0.0682316	0.99767
-0.000746848	0.071496	0.997441
0.000113937	0.0690369	0.997614
-0.000932632	0.0690816	0.997611
0.000300847	0.0722431	0.997387
-0.000802149	0.0738023	0.997273
-0.000948238	0.0695237	0.99758
-0.000260781	0.0693121	0.997595
0.000153467	0.0681737	0.997673
-0.000294748	0.0693475	0.997593
5.00102e-05	0.0715869	0.997434
-0.000480255	0.0693719	0.997591
0.000757417	0.0734473	0.997299
0.000399948	0.0686839	0.997638
-0.000269233	0.067658	0.997709
0.000250799	0.0662244	0.997805
-0.00072199	0.0678156	0.997698
-0.000467627	0.0674545	0.997722
0.000333843	0.0753078	0.99716
-0.000350102	0.0676453	0.997709
0.000633964	0.0713774	0.997449
0.000666368	0.0705032	0.997511
0.000355549	0.0727855	0.997348
0.000544717	0.0691492	0.997606
0.000939727	0.0698785	0.997555
0.00179306	0.0730325	0.997328
0.00104373	0.0742011	0.997243
0.000671315	0.0713557	0.997451
0.000339728	0.07003	0.997545
0.00222847	0.0752591	0.997162
-0.000207512	0.0758277	0.997121
-8.00952e-05	0.070021	0.997546
-0.00049343	0.0706386	0.997502
-0.000422197	0.0705734	0.997507
-0.000523465	0.0742812	0.997237
-0.000629913	0.0684583	0.997654
-0.00148027	0.0717558	0.997421
-0.000675264	0.0718138	0.997418
-0.000709616	0.0725853	0.997362
-0.000604056	0.0692465	0.997599
-0.000310714	0.0703305	0.997524
3.50967e-05	0.0747663	0.997201
-0.000754304	0.0719675	0.997407
0.000313754	0.0727621	0.997349
2.12137e-05	0.070067	0.997542
-0.00024982	0.0687704	0.997632
-0.00166028	0.0758329	0.997119
-5.06714e-05	0.0707021	0.997497
0.00116896	0.0726923	0.997354
0.000274316	0.071079	0.997471
0.00019401	0.0709323	0.997481
0.000733377	0.0726681	0.997356
-0.000844809	0.0761914	0.997093
-0.000173133	0.0714473	0.997444
0.000726453	0.0727624	0.997349
0.000896713	0.0747787	0.9972
0.000508899	0.0716532	0.997429
1.96991e-05	0.0697681	0.997563
0.000356998	0.0700168	0.997546
0.00161436	0.0730397	0.997328
0.000559591	0.068861	0.997626
-0.000620358	0.0702589	0.997529
0.000437921	0.0685304	0.997649
0.00058672	0.0677634	0.997701
0.000150828	0.068279	0.997666
0.000400268	0.0673852	0.997727
-0.00022846	0.0686649	0.99764
0.00011492	0.069254	0.997599
0.000406232	0.0725193	0.997367
-0.00113749	0.0726229	0.997359
0.000233151	0.0674339	0.997724
0.000214866	0.0672998	0.997733
-0.000543549	0.068129	0.997676
-0.000479996	0.0690362	0.997614
-0.00114518	0.0702674	0.997528
0.000984838	0.070277	0.997527
-0.000202912	0.0688482	0.997627
-9.68242e-05	0.0697791	0.997562
-0.000267891	0.0704646	0.997514
-0.000140457	0.0678028	0.997699
-0.000264032	0.0689207	0.997622
0.000173906	0.069389	0.99759
0.000346523	0.0684337	0.997656
-0.000571965	0.0701747	0.997535
0.000595886	0.0687238	0.997636
0.000702202	0.0707231	0.997496
0.00010443	0.0704106	0.997518
0.000545459	0.0687141	0.997636
0.000880423	0.0711587	0.997465
0.000465989	0.0685757	0.997646
-0.00019261	0.0741428	0.997248
0.000753611	0.0700615	0.997542
0.000607914	0.0689307	0.997621
0.000266258	0.0712997	0.997455
0.000398135	0.0710941	0.99747
0.000273436	0.0710722	0.997471
8.85701e-05	0.0698689	0.997556
-9.65164e-05	0.0708538	0.997487
0.000120491	0.0711582	0.997465
-0.000538173	0.0692518	0.997599
-0.00121226	0.0706167	0.997503
-0.000204491	0.0690761	0.997611
-0.000335002	0.070164	0.997535
-0.00113832	0.0727738	0.997348
-0.00047914	0.072144	0.997394
-0.000401755	0.0692725	0.997598
-0.000584431	0.0710978	0.997469
0.000703878	0.071009	0.997475
0.000209943	0.0713501	0.997451
-0.000457808	0.0713618	0.99745
-0.00105257	0.0710358	0.997473
0.000598943	0.0725973	0.997361
0.000569014	0.071176	0.997464
1.20717e-05	0.0692603	0.997599
0.000279214	0.0710563	0.997472
8.51751e-05	0.0705314	0.99751
7.62167e-05	0.0730561	0.997328
0.00021625	0.0712218	0.99746
-8.02022e-05	0.0701678	0.997535
-8.37905e-05	0.0692146	0.997602
0.00111818	0.0722438	0.997386
0.00031552	0.0713694	0.99745
0.000161308	0.0708472	0.997487
0.000897581	0.0722308	0.997388
0.00053323	0.0703803	0.99752
0.000261612	0.0725309	0.997366
0.00025111	0.0728509	0.997343
0.000161715	0.0696018	0.997575
0.000364267	0.0730474	0.997328
-0.000127248	0.0710977	0.997469
1.73134e-05	0.0706864	0.997499
-0.000211202	0.0738696	0.997268
-0.000536925	0.0708896	0.997484
-0.000652675	0.0720743	0.997399
-0.000818626	0.0724466	0.997372
-0.000960194	0.0709436	0.99748
-0.000134895	0.0715527	0.997437
-0.0022393	0.078289	0.996928
-0.00027546	0.0694629	0.997584
6.01057e-05	0.0695823	0.997576
-0.000530028	0.0695645	0.997577
-0.000210566	0.0699936	0.997547
0.000676304	0.0697443	0.997565
-0.000109806	0.0672707	0.997735
-0.000831171	0.0695101	0.997581
0.00194392	0.0727621	0.997347
0.000205772	0.0694183	0.997588
-0.000777713	0.0695316	0.997579
0.000248162	0.0688434	0.997627
-5.23345e-05	0.0689428	0.997621
-0.000377472	0.0720107	0.997404
-2.43282e-05	0.0743577	0.997232
0.000454283	0.0722914	0.997383
0.000426728	0.0691358	0.997607
-0.00180195	0.0725426	0.997364
-0.000396002	0.0689683	0.997619
0.000481287	0.0685648	0.997647
0.000239302	0.0667518	0.99777
0.000396398	0.0623723	0.998053
0.000520809	0.0605121	0.998167
-8.21116e-05	0.0583543	0.998296
8.86889e-05	0.0602368	0.998184
-0.000608847	0.0607907	0.99815
-0.00163558	0.0622561	0.998059
-0.000507127	0.0605193	0.998167
-0.00117266	0.0607823	0.99815
9.65519e-05	0.0588952	0.998264
-0.000750562	0.0625605	0.998041
0.000330915	0.061682	0.998096
-0.00031017	0.060915	0.998143
-0.000464946	0.0602369	0.998184
0.000103421	0.0615726	0.998103
0.000222735	0.0614407	0.998111
0.000231879	0.0657591	0.997836
-0.000145115	0.0597401	0.998214
0.000783314	0.0583869	0.998294
0.000808712	0.0579564	0.998319
-0.000831978	0.0599012	0.998204
-0.000578381	0.0584381	0.998291
7.5825e-05	0.0576176	0.998339
-6.53911e-05	0.0593283	0.998239
0.000750742	0.0597928	0.998211
-0.000902661	0.0696115	0.997574
-0.00336062	0.107933	0.994153
-0.0189438	0.229539	0.973115
-0.0941802	0.582309	0.807494
0.000288716	0.0590752	0.998253
0.00171706	0.0623385	0.998054
3.52302e-05	0.0578382	0.998326
0.000227013	0.0574911	0.998346
0.000607476	0.0581127	0.99831
0.000131984	0.0576499	0.998337
0.000311424	0.0593636	0.998236
-0.000152327	0.0582373	0.998303
-0.000804062	0.0596079	0.998222
-0.000369832	0.0586101	0.998281
-0.000386718	0.0583584	0.998296
3.14e-05	0.059752	0.998213
-0.000842786	0.0617396	0.998092
-0.000135102	0.0610047	0.998137
7.20232e-05	0.0592979	0.99824
-7.56148e-05	0.063186	0.998002
0.000333153	0.060442	0.998172
-0.000137812	0.0605911	0.998163
-0.000640767	0.0604072	0.998174
-0.000150301	0.0613039	0.998119
-0.000677792	0.0641447	0.99794
-0.000806131	0.0611809	0.998126
-0.000418341	0.0585128	0.998287
-8.4741e-05	0.0596021	0.998222
-0.00148407	0.0616552	0.998096
-2.29043e-05	0.0595693	0.998224
-0.000100658	0.0597167	0.998215
1.07962e-05	0.0607133	0.998155
-0.000494289	0.0616093	0.9981
0.000270082	0.0598061	0.99821
-0.00016659	0.0611318	0.99813
1.33807e-05	0.0601334	0.99819
0.000282062	0.0579669	0.998318
3.25742e-05	0.0594396	0.998232
0.000674965	0.0570305	0.998372
0.00079942	0.058195	0.998305
0.000283104	0.0570516	0.998371
0.000627313	0.0567525	0.998388
-0.000576515	0.0571354	0.998366
0.000503493	0.057885	0.998323
4.59836e-05	0.0586831	0.998277
-0.000410168	0.0567239	0.99839
-0.000236852	0.0580768	0.998312
-0.000733248	0.0580492	0.998313
0.000138147	0.0583832	0.998294
-7.70891e-05	0.0582674	0.998301
-8.95435e-06	0.0615623	0.998103
9.1198e-05	0.0593656	0.998236
-0.00177738	0.0831471	0.996536
-0.000795663	0.0691048	0.997609
-0.00476516	0.13919	0.990254
-0.00178395	0.102774	0.994703
-0.0426494	0.341298	0.938987
-0.00881642	0.157535	0.987474
-0.112123	0.553853	0.825031
0.00121452	0.060327	0.998178
0.000573852	0.060843	0.998147
-1.63305e-05	0.0580791	0.998312
-0.000888672	0.0609061	0.998143
-0.000554872	0.0595376	0.998226
-0.000115868	0.0609203	0.998143
-0.00104512	0.0661872	0.997807
-8.30031e-05	0.0601374	0.99819
0.000143761	0.0594317	0.998232
-0.000249638	0.0585772	0.998283
-1.83541e-05	0.0584726	0.998289
0.000537416	0.0621179	0.998069
0.00109018	0.0639107	0.997955
0.000593177	0.0623633	0.998053
0.00013275	0.0626199	0.998037
1.66128e-05	0.0585168	0.998286
0.000492457	0.0582325	0.998303
0.000982952	0.0570812	0.998369
0.000496766	0.0586779	0.998277
-0.000328145	0.057709	0.998333
-0.000204219	0.0605577	0.998165
-0.000330448	0.058511	0.998287
7.4363e-05	0.0590097	0.998257
4.4449e-05	0.0619033	0.998082
-0.00167261	0.0834709	0.996509
-0.00293709	0.1361	0.990691
-0.0234144	0.329304	0.943933
0.000209471	0.0606578	0.998159
0.000319027	0.0603366	0.998178
-2.09803e-05	0.0593656	0.998236
-0.000279124	0.0612302	0.998124
-1.11484e-05	0.0584825	0.998288
8.42798e-05	0.0575548	0.998342
-0.000157944	0.0587734	0.998271
0.000645815	0.0600624	0.998194
-0.00109585	0.0649727	0.997886
-0.00104487	0.0644908	0.997918
-0.000675294	0.0590869	0.998253
-0.000276761	0.0589337	0.998262
-0.000163866	0.0594179	0.998233
-0.000149748	0.0586577	0.998278
-0.000184182	0.0604475	0.998171
1.68494e-05	0.0656228	0.997845
0.000125082	0.0589965	0.998258
3.84764e-05	0.0581325	0.998309
-0.000790572	0.0621244	0.998068
0.000202642	0.061711	0.998094
-0.000285013	0.0600013	0.998198
0.000273301	0.060996	0.998138
-0.00125266	0.0611405	0.998128
-0.000708912	0.0624077	0.99805
-0.000728093	0.0604591	0.99817
-0.000450127	0.0591089	0.998251
-0.00148693	0.0650099	0.997884
-0.000906744	0.0607071	0.998155
-6.33325e-05	0.0593791	0.998236
-0.000667519	0.0597299	0.998214
0.000733071	0.0604306	0.998172
0.000256008	0.0604561	0.998171
-9.39872e-05	0.0630115	0.998013
0.000997707	0.0613654	0.998115
0.0011532	0.0587136	0.998274
0.000956492	0.0594192	0.998233
0.000121701	0.0622031	0.998064
0.00237597	0.061996	0.998074
-0.000945539	0.0578444	0.998325
-0.000340197	0.0605327	0.998166
-0.0002628	0.0580732	0.998312
-0.000457138	0.0570673	0.99837
-6.56281e-06	0.0591766	0.998248
-0.000325942	0.0613489	0.998116
0.000249504	0.0598846	0.998205
0.000340083	0.0598785	0.998206
0.000106801	0.0619428	0.99808
0.000901881	0.0597376	0.998214
-0.00186538	0.084354	0.996434
-0.000878344	0.0697409	0.997565
-0.00331792	0.138644	0.990337
-0.00384366	0.10804	0.994139
-0.043431	0.324605	0.944852
-0.0237603	0.219605	0.975299
-0.108139	0.562337	0.819807
0.000553687	0.0618968	0.998082
-0.000322626	0.0632258	0.997999
9.15064e-05	0.0609902	0.998138
0.000355804	0.0600723	0.998194
0.000398562	0.0603218	0.998179
0.000236585	0.0579291	0.998321
0.000552089	0.0585293	0.998286
0.000660045	0.0597341	0.998214
0.000373315	0.0604174	0.998173
0.000396756	0.0578749	0.998324
-9.45107e-05	0.0600929	0.998193
-0.000646369	0.0622793	0.998059
0.000305494	0.0586391	0.998279
0.000269981	0.0582515	0.998302
0.000428369	0.0609061	0.998143
0.0022086	0.0614422	0.998108
0.000102117	0.0592199	0.998245
0.000275525	0.0611112	0.998131
0.000568773	0.0602357	0.998184
0.000617797	0.0599114	0.998204
-0.000186464	0.0590733	0.998254
0.000236019	0.0593275	0.998239
0.000125627	0.0597007	0.998216
7.54803e-05	0.0583474	0.998296
-2.10587e-05	0.060302	0.99818
0.000606863	0.0638699	0.997958
0.000917481	0.0643615	0.997926
0.000487903	0.0596515	0.998219
0.000275454	0.0620266	0.998074
0.000117285	0.0619268	0.998081
6.35408e-05	0.059889	0.998205
0.000116841	0.0604624	0.99817
0.000441709	0.0594493	0.998231
-5.12554e-05	0.0589238	0.998262
0.000145034	0.059169	0.998248
0.000181248	0.0592086	0.998246
-0.000617198	0.0618891	0.998083
-0.0014297	0.0615576	0.998103
-1.68797e-05	0.062341	0.998055
-5.06168e-05	0.0600643	0.998195
-0.000259847	0.0598109	0.99821
-0.00024506	0.059752	0.998213
-0.000103314	0.0634835	0.997983
0.000973571	0.063083	0.998008
-0.000513443	0.060282	0.998181
-0.000361725	0.0583092	0.998299
-0.00143338	0.0594256	0.998232
-0.000778781	0.0603166	0.998179
-0.000414139	0.0589251	0.998262
0.000324122	0.0602536	0.998183
0.000188841	0.0603025	0.99818
-0.000275383	0.0593289	0.998238
-0.000258262	0.0646238	0.99791
0.000485598	0.0632246	0.997999
-0.00137439	0.062078	0.99807
9.8182e-05	0.0598608	0.998207
-0.000109081	0.0609709	0.99814
0.000312675	0.061686	0.998096
-0.000202227	0.0611733	0.998127
0.00216709	0.0647707	0.997898
-0.000198782	0.0628007	0.998026
-0.000433919	0.0635988	0.997975
0.000419962	0.0600147	0.998197
0.000130568	0.0610552	0.998134
0.000484232	0.0595577	0.998225
0.00040776	0.0607279	0.998154
0.000982946	0.0608826	0.998144
0.00186205	0.0620128	0.998074
0.000791792	0.0594313	0.998232
0.000677222	0.0574936	0.998346
0.000594238	0.0612212	0.998124
0.000667112	0.0599665	0.9982
-0.000216503	0.0583703	0.998295
0.000471839	0.0577561	0.998331
-6.87373e-06	0.0588289	0.998268
0.000489233	0.0579256	0.998321
-0.000259178	0.057708	0.998333
-0.00036122	0.0571358	0.998366
-0.000807026	0.0593417	0.998237
-6.44077e-05	0.0583048	0.998299
-0.000384353	0.0580854	0.998312
-0.00164131	0.0609221	0.998141
-0.000399891	0.0576129	0.998339
-0.000545522	0.0568985	0.99838
-0.000361213	0.0588407	0.998267
-0.00104898	0.0593758	0.998235
0.000180002	0.0617969	0.998089
-0.00103174	0.0606602	0.998158
-0.00023338	0.0612711	0.998121
-0.000575583	0.0602586	0.998183
0.000542524	0.059128	0.99825
0.000116178	0.0590161	0.998257
0.000481095	0.0590388	0.998256
-4.16558e-05	0.06171	0.998094
0.000373781	0.0623411	0.998055
0.000376921	0.0595736	0.998224
-0.000748795	0.0693219	0.997594
-0.00146743	0.0828907	0.996558
-0.00195044	0.0832369	0.996528
-0.000658961	0.0692869	0.997597
-0.00262649	0.104744	0.994496
0.00181797	0.123101	0.992393
-0.00755769	0.141207	0.989951
-0.00292375	0.103494	0.994626
0.00512056	0.183855	0.98294
-0.0140605	0.333097	0.942788
-0.0212145	0.321653	0.94662
-0.0238926	0.209377	0.977543
-0.108924	0.568998	0.815093
-0.125614	0.558591	0.819876
0.00122115	0.0606373	0.998159
0.000513377	0.0601197	0.998191
0.000289003	0.0581862	0.998306
8.07334e-05	0.0579398	0.99832
0.00023991	0.0575623	0.998342
0.000880081	0.0602234	0.998185
0.000473939	0.058634	0.998279
0.00026676	0.0577523	0.998331
-0.000279746	0.0584357	0.998291
-0.000610527	0.0592455	0.998243
0.000109322	0.0631567	0.998004
0.000444206	0.059688	0.998217
0.00102504	0.0642429	0.997934
0.000482511	0.0619971	0.998076
0.000214855	0.0604746	0.99817
5.85973e-05	0.0623247	0.998056
-4.92192e-05	0.0661851	0.997807
-0.000923454	0.0605293	0.998166
-0.00029094	0.0582747	0.998301
-4.96329e-05	0.0589919	0.998258
-0.000368057	0.0588251	0.998268
-6.65304e-05	0.062466	0.998047
-0.000852279	0.0610685	0.998133
-0.000719664	0.0593688	0.998236
0.000414619	0.0592124	0.998245
0.000892823	0.0617619	0.998091
0.000701558	0.0620878	0.99807
0.000524099	0.0616999	0.998095
0.000790086	0.0602648	0.998182
0.000691554	0.0612627	0.998121
-0.000144704	0.0603987	0.998174
0.000488587	0.0625758	0.99804
0.00025772	0.0645358	0.997915
0.000720261	0.0591917	0.998246
0.000687132	0.0587205	0.998274
0.000130712	0.0617394	0.998092
0.000802049	0.0585293	0.998285
0.000512058	0.0580567	0.998313
-2.75968e-05	0.0577224	0.998333
-0.000416302	0.0618228	0.998087
-0.00158784	0.0592495	0.998242
-0.000757066	0.0581199	0.998309
-0.000821224	0.0586737	0.998277
0.00061467	0.0615918	0.998101
-5.56482e-05	0.0601417	0.99819
-0.000369141	0.0592427	0.998244
-0.000204844	0.0591918	0.998247
-0.000125901	0.0619224	0.998081
-0.00078658	0.069366	0.997591
-0.00152782	0.0834774	0.996509
-0.00199952	0.105887	0.994376
-0.00588071	0.14909	0.988806
-0.00445831	0.2054	0.978668
-0.0315458	0.362758	0.931349
-0.0877231	0.571313	0.81603
-0.000138016	0.0598437	0.998208
0.0019572	0.0604239	0.998171
-0.000158384	0.0583392	0.998297
-0.000160126	0.058376	0.998295
-0.000228808	0.0586232	0.99828
8.07599e-05	0.0616037	0.998101
-0.0005865	0.0604901	0.998169
0.000375054	0.0596122	0.998222
-3.07843e-05	0.0586983	0.998276
-0.000324684	0.0654253	0.997857
-0.00034331	0.0598995	0.998204
8.00419e-05	0.0608226	0.998149
4.0112e-05	0.0597264	0.998215
-0.00115044	0.0626282	0.998036
-0.000721967	0.0619869	0.998077
-2.22212e-05	0.0620179	0.998075
0.000960555	0.061241	0.998123
0.00123938	0.060212	0.998185
0.000226075	0.0616324	0.998099
-0.000126658	0.0575742	0.998341
3.12724e-05	0.057567	0.998342
0.000104342	0.062855	0.998023
0.000444303	0.0576487	0.998337
3.56428e-05	0.0624431	0.998049
-0.00250716	0.0841771	0.996448
-0.00916783	0.140678	0.990013
-0.0762639	0.347518	0.934567
-0.00147799	0.0649409	0.997888
0.000251197	0.0601292	0.998191
0.000395971	0.0581755	0.998306
0.000569952	0.0606631	0.998158
0.000251835	0.0576865	0.998335
0.000254952	0.057989	0.998317
0.000517862	0.0577944	0.998328
2.22147e-05	0.058288	0.9983
-8.62642e-05	0.0581709	0.998307
-0.000107518	0.0569699	0.998376
-0.000113955	0.057447	0.998349
0.00050432	0.060147	0.998189
-0.000182801	0.0594989	0.998228
0.00110766	0.0631185	0.998005
0.000265877	0.0604534	0.998171
0.000283167	0.0590825	0.998253
0.000663355	0.0597611	0.998212
-6.07707e-05	0.0590642	0.998254
-0.00015702	0.0593479	0.998237
-0.000727016	0.0628978	0.99802
-0.000180418	0.0614744	0.998109
-0.000138514	0.0604373	0.998172
-0.000567315	0.0586699	0.998277
-0.000739693	0.0607742	0.998151
-0.000404241	0.0619097	0.998082
-0.00111739	0.0624635	0.998047
-0.000283045	0.0589662	0.99826
9.02646e-05	0.0598174	0.998209
-0.00133754	0.0624323	0.998048
-5.0279e-05	0.062031	0.998074
0.000373914	0.0653109	0.997865
0.00024875	0.0587529	0.998273
0.0003896	0.0600524	0.998195
0.000931436	0.0601139	0.998191
0.00107076	0.0599418	0.998201
0.00065274	0.0575888	0.99834
0.00056342	0.0603543	0.998177
0.000921461	0.0593635	0.998236
-0.000202916	0.0623608	0.998054
-0.000106301	0.0578768	0.998324
-0.000112317	0.0562928	0.998414
-0.000201297	0.0570684	0.99837
1.46714e-05	0.0585928	0.998282
1.97392e-05	0.060677	0.998157
0.00044415	0.0584094	0.998293
0.000485905	0.0586795	0.998277
0.000568376	0.0606456	0.998159
0.000352707	0.0624667	0.998047
-0.000882438	0.0693746	0.99759
-0.00188088	0.0826895	0.996574
-0.00433847	0.103912	0.994577
-0.00583632	0.132235	0.991201
-0.0215386	0.18319	0.982842
-0.052338	0.314401	0.947846
-0.123138	0.583327	0.802849
0.000441602	0.0595847	0.998223
-0.00183082	0.0625989	0.998037
4.32475e-05	0.0594837	0.998229
0.00054524	0.0592574	0.998243
-8.01542e-05	0.0565093	0.998402
-1.41007e-05	0.0615583	0.998103
0.000386234	0.0609192	0.998143
0.00032696	0.0599469	0.998202
0.000132127	0.0591093	0.998252
-0.000212242	0.0608487	0.998147
7.10255e-05	0.0601527	0.998189
-0.000156419	0.0592644	0.998242
-0.000113503	0.0584524	0.99829
0.000472334	0.0610498	0.998135
0.000265777	0.0608043	0.99815
-0.000125998	0.0604612	0.998171
-0.000620292	0.0600086	0.998198
0.000733819	0.0582966	0.998299
0.00084967	0.0592497	0.998243
0.000583005	0.0627798	0.998027
0.000416457	0.0605085	0.998168
-8.35174e-05	0.0596184	0.998221
0.000147728	0.059217	0.998245
0.000221437	0.0595407	0.998226
-0.00095418	0.0694297	0.997586
-0.00409225	0.107501	0.994197
-0.0192565	0.218555	0.975635
-0.134961	0.584721	0.799929
0.000499514	0.0653211	0.997864
0.000191243	0.0650448	0.997882
0.000270235	0.0604314	0.998172
0.000645294	0.059344	0.998237
0.000205109	0.0594434	0.998232
0.00067094	0.0593183	0.998239
-0.000958575	0.0622209	0.998062
0.000340197	0.0579583	0.998319
6.75084e-05	0.058078	0.998312
-0.000270318	0.063658	0.997972
4.68774e-05	0.0586185	0.99828
-0.000964571	0.0592855	0.998241
-0.00114475	0.0614022	0.998112
-0.000850092	0.0597396	0.998214
-0.000574758	0.0589514	0.998261
-0.000690979	0.0592932	0.99824
-0.00272486	0.0636011	0.997972
-0.000515926	0.0635525	0.997978
-0.000496085	0.0608072	0.998149
-0.00190515	0.0619505	0.998077
-0.000606015	0.0603969	0.998174
-0.000709173	0.0586905	0.998276
-0.000106224	0.0593979	0.998234
-0.000283306	0.059327	0.998239
-0.000172221	0.0595715	0.998224
0.000436041	0.0599852	0.998199
-0.000516531	0.0609944	0.998138
-6.62702e-05	0.0610098	0.998137
-0.000623763	0.0599063	0.998204
-2.40265e-05	0.0609727	0.998139
-0.000415801	0.062327	0.998056
-0.000115611	0.0601024	0.998192
-3.37732e-05	0.0601515	0.998189
-0.000105555	0.0603591	0.998177
0.000263463	0.0600476	0.998195
-0.000215259	0.0604597	0.998171
-0.000555823	0.0603748	0.998176
-0.00109007	0.0601202	0.998191
-0.000207405	0.0598885	0.998205
-0.000918516	0.0614793	0.998108
-0.000527415	0.061349	0.998116
0.000320414	0.0596958	0.998217
0.000175554	0.0590028	0.998258
0.000100473	0.0596874	0.998217
-3.40618e-06	0.0611723	0.998127
-0.000114904	0.0592081	0.998246
0.000161719	0.0601198	0.998191
-6.83898e-05	0.0604648	0.99817
-0.000281142	0.059456	0.998231
0.000166607	0.0591663	0.998248
-0.000149953	0.0587734	0.998271
-8.08834e-05	0.0585515	0.998284
0.000378901	0.058623	0.99828
0.00107795	0.0581795	0.998306
0.00104538	0.0594578	0.99823
0.00296251	0.0597076	0.998212
0.00080107	0.0582489	0.998302
-4.93604e-05	0.0600089	0.998198
-5.5117e-05	0.0651453	0.997876
-0.00208324	0.0631978	0.997999
-0.000336949	0.0574138	0.99835
-0.000512965	0.0594869	0.998229
-0.000151187	0.057734	0.998332
-0.000489123	0.0585273	0.998286
-0.000222104	0.0579905	0.998317
0.000484489	0.0601432	0.99819
0.00039286	0.0596489	0.998219
0.000116829	0.0583807	0.998294
0.000321353	0.0575759	0.998341
-9.08207e-06	0.0578138	0.998327
0.000296475	0.057332	0.998355
0.000487315	0.0596069	0.998222
-9.41274e-06	0.0618488	0.998086
5.45142e-06	0.0624381	0.998049
-0.00102531	0.0698712	0.997555
-0.00226875	0.0841405	0.996451
-0.00198386	0.084988	0.99638
-0.0040043	0.109164	0.994016
-0.00801079	0.144373	0.989491
-0.00590069	0.15449	0.987977
-0.0225562	0.243147	0.969727
-0.050059	0.379827	0.923702
-0.042403	0.376375	0.925496
-0.106828	0.606263	0.788056
-0.165583	0.824456	0.54116
-0.160729	0.829895	0.534267
0.000904866	0.0632828	0.997995
0.00115611	0.0675132	0.997718
0.000761782	0.0611317	0.998129
0.000392828	0.0577293	0.998332
-0.000212483	0.0583922	0.998294
5.14098e-05	0.0576807	0.998335
-8.98957e-05	0.0599014	0.998204
9.71357e-05	0.0567017	0.998391
0.000286935	0.0583272	0.998297
-0.000189283	0.0577609	0.99833
-0.000590992	0.0589637	0.99826
-0.000474088	0.0586159	0.99828
-0.000834553	0.0585899	0.998282
-0.000317366	0.0611971	0.998126
-0.000735044	0.0591209	0.998251
-0.000112002	0.0602138	0.998185
0.000140459	0.0620563	0.998073
0.000289871	0.0594083	0.998234
0.000163135	0.0623862	0.998052
0.000296935	0.0592641	0.998242
-0.000227887	0.0657462	0.997836
-0.000293224	0.0606095	0.998162
-0.000532047	0.0615589	0.998103
0.000334007	0.0595964	0.998222
-0.00023542	0.0577914	0.998329
4.53935e-05	0.0581331	0.998309
-0.000652133	0.05899	0.998258
-0.000166191	0.0600387	0.998196
-0.00111661	0.060864	0.998145
7.16499e-05	0.0603994	0.998174
7.94985e-05	0.059069	0.998254
0.000373357	0.0603806	0.998175
-0.00028377	0.0609709	0.99814
-0.000124484	0.0580574	0.998313
-0.00127308	0.0620615	0.998072
0.000758367	0.0596421	0.99822
0.000677404	0.0575413	0.998343
0.00122898	0.0599252	0.998202
0.000557153	0.0575364	0.998343
0.000881732	0.0585248	0.998286
-0.00017422	0.0588061	0.998269
-0.000150246	0.0574635	0.998348
0.000135107	0.0583272	0.998298
-0.000135877	0.0576216	0.998338
0.00027261	0.0591589	0.998249
0.000401177	0.0590597	0.998254
-0.000218983	0.061171	0.998127
0.00022779	0.0601745	0.998188
0.000241438	0.0582578	0.998302
3.96133e-05	0.06183	0.998087
-0.000872908	0.0692618	0.997598
-0.00194726	0.0825333	0.996586
-0.00370072	0.103971	0.994573
-0.00845752	0.135883	0.990689
-0.00792653	0.195971	0.980578
-0.0520782	0.353516	0.933978
-0.0791717	0.582589	0.808902
-0.182948	0.801972	0.568656
-0.154855	0.808497	0.56776
0.000366649	0.0628318	0.998024
0.000788852	0.0633274	0.997992
0.000177652	0.0605134	0.998167
0.000233621	0.0585179	0.998286
0.000769997	0.0600924	0.998193
0.000225738	0.0576916	0.998334
0.0005137	0.0590351	0.998256
0.000442474	0.05711	0.998368
0.000361994	0.0588305	0.998268
-0.000110303	0.0572449	0.99836
0.000395936	0.0585995	0.998281
8.23264e-05	0.0586956	0.998276
-0.000253363	0.0580969	0.998311
0.000191065	0.0596793	0.998218
-0.000653075	0.0602638	0.998182
-0.000575858	0.0620428	0.998073
-0.000636618	0.0605531	0.998165
-0.000731072	0.0624258	0.998049
-0.000475846	0.0628901	0.99802
-0.00151706	0.0648143	0.997896
-0.000257943	0.0700158	0.997546
-9.39336e-05	0.0608565	0.998147
-0.000375526	0.0609632	0.99814
-4.02273e-05	0.0593355	0.998238
-2.98996e-05	0.0587324	0.998274
8.73602e-05	0.061397	0.998113
0.000213511	0.0581511	0.998308
-1.58027e-05	0.0601052	0.998192
0.000155499	0.0596283	0.998221
0.00051756	0.0617866	0.998089
-0.000878475	0.0609619	0.99814
-6.14917e-05	0.05844	0.998291
1.23505e-05	0.0597134	0.998216
0.000969058	0.0605192	0.998167
-0.000162948	0.0581424	0.998308
0.00098326	0.0595973	0.998222
0.000477576	0.0606784	0.998157
-0.000365345	0.0594527	0.998231
1.51273e-05	0.0591813	0.998247
0.000290543	0.0595859	0.998223
0.000353969	0.0592194	0.998245
0.000705348	0.0683067	0.997664
0.00194221	0.0649237	0.997888
0.000251942	0.0627886	0.998027
0.000628719	0.0613477	0.998116
-0.000301729	0.0613262	0.998118
0.000593093	0.0598507	0.998207
-8.22281e-06	0.0580057	0.998316
2.19547e-05	0.0579111	0.998322
-0.000123806	0.0610833	0.998133
0.000312198	0.0583138	0.998298
-4.81664e-05	0.0620835	0.998071
0.000261291	0.0604591	0.998171
0.000814068	0.0584106	0.998292
0.00149307	0.0580463	0.998313
0.00111945	0.0586023	0.998281
0.000814598	0.0566117	0.998396
-5.40357e-05	0.0592879	0.998241
0.00105067	0.0591622	0.998248
9.98899e-05	0.0585294	0.998286
-0.00107749	0.0611608	0.998127
-0.00207241	0.0625502	0.99804
-0.000460485	0.0574639	0.998347
-0.000262594	0.0571411	0.998366
-0.000359662	0.0589078	0.998263
-0.000216223	0.0582542	0.998302
0.000448563	0.0598611	0.998207
2.3949e-05	0.0586873	0.998276
-0.000302896	0.0592435	0.998244
0.000777631	0.0613029	0.998119
0.000324829	0.060082	0.998193
0.00151337	0.0612569	0.998121
4.83183e-05	0.0620343	0.998074
0.000341854	0.0588399	0.998267
-0.000878695	0.0693639	0.997591
-0.00214331	0.0844913	0.996422
-0.000879507	0.0697331	0.997565
-0.00335548	0.104238	0.994547
-0.00764228	0.151389	0.988445
-0.00292338	0.109436	0.99399
-0.0194993	0.201234	0.979349
-0.0421339	0.376502	0.925457
-0.0099413	0.222009	0.974994
-0.122729	0.529015	0.839691
-0.178376	0.823365	0.538751
-0.173147	0.814278	0.554051
-0.0788281	0.594231	0.800422
0.000716919	0.0634171	0.997987
0.00118866	0.0661861	0.997807
0.000801811	0.0606864	0.998157
6.3364e-06	0.0591802	0.998247
0.000344381	0.0590059	0.998258
0.000204575	0.0585716	0.998283
0.000340093	0.0591075	0.998252
-0.000633309	0.0591814	0.998247
0.000208505	0.0580618	0.998313
-0.000237833	0.0579054	0.998322
-0.0023464	0.0615071	0.998104
-0.000403697	0.0608024	0.99815
-0.00084728	0.0612293	0.998123
-0.000386534	0.0595926	0.998223
-0.000375569	0.0602742	0.998182
-4.64418e-05	0.0583883	0.998294
-1.72603e-05	0.0590916	0.998253
0.000337937	0.059665	0.998218
-7.63546e-05	0.0583662	0.998295
-0.000195005	0.0586639	0.998278
-0.000317787	0.0634674	0.997984
-0.00026915	0.0617144	0.998094
-0.000231209	0.0593088	0.99824
-0.00040271	0.0598963	0.998205
-0.000458333	0.0623245	0.998056
-0.000303606	0.0602535	0.998183
-0.000506484	0.0583763	0.998295
-0.000684194	0.0613489	0.998116
-0.00124125	0.0615047	0.998106
-0.000325937	0.0602028	0.998186
7.86996e-05	0.0585831	0.998283
0.00047047	0.0592535	0.998243
-0.000425764	0.0611557	0.998128
0.000841076	0.0598169	0.998209
0.000728793	0.0618142	0.998087
0.000942899	0.0605319	0.998166
0.000313679	0.059793	0.998211
0.00119148	0.0591163	0.99825
0.00255806	0.0633462	0.997988
0.0010015	0.0601264	0.99819
-0.000333397	0.0587623	0.998272
-0.000314435	0.0577268	0.998332
-0.000523344	0.0585678	0.998283
-0.00043702	0.057395	0.998351
0.000334992	0.0627359	0.99803
9.88018e-05	0.060535	0.998166
0.000236857	0.0593237	0.998239
0.000174939	0.0589468	0.998261
0.000249529	0.0587256	0.998274
-0.000212313	0.0616709	0.998097
-0.000916552	0.0698323	0.997558
-0.00218987	0.0848901	0.996388
-0.00266535	0.110167	0.99391
-0.00581776	0.155447	0.987827
-0.01256	0.233352	0.972311
-0.0318397	0.362878	0.931292
-0.0775141	0.590795	0.803089
-0.164723	0.820572	0.547291
-0.151235	0.829742	0.537267
0.00180899	0.0646317	0.997908
0.000542071	0.0627036	0.998032
-0.185135	0.804011	0.565059
-0.184831	0.808007	0.55943
0.000962411	0.0629735	0.998015
0.000968818	0.062184	0.998064
0.000412999	0.0585849	0.998282
0.00081718	0.0601529	0.998189
0.000240357	0.0577545	0.998331
0.000591041	0.0603473	0.998177
0.000425601	0.0586166	0.99828
0.000333377	0.0606194	0.998161
-6.0832e-05	0.0601825	0.998187
0.000287421	0.059083	0.998253
-0.00138978	0.0616972	0.998094
-0.000567888	0.0579459	0.99832
-0.000199598	0.0616653	0.998097
-0.000296191	0.0590922	0.998252
0.000179961	0.059566	0.998224
8.81027e-06	0.059326	0.998239
3.21163e-05	0.0611761	0.998127
0.000417382	0.0593314	0.998238
-0.000159803	0.059412	0.998234
-0.000186787	0.0591291	0.99825
0.00071422	0.0602891	0.998181
-0.000142882	0.058916	0.998263
-0.00181245	0.0615644	0.998101
-9.80097e-05	0.0598214	0.998209
-0.000830572	0.06008	0.998193
-0.000345572	0.0627411	0.99803
0.000252394	0.0601615	0.998189
-3.347e-05	0.0587436	0.998273
0.000293297	0.059883	0.998205
-0.000490336	0.0633222	0.997993
0.00112287	0.0601252	0.99819
0.000231647	0.0601252	0.998191
0.000256035	0.0600938	0.998193
0.000409691	0.0604333	0.998172
0.000388838	0.0614728	0.998109
0.000116019	0.0609111	0.998143
0.000337598	0.0600699	0.998194
0.000711579	0.0595942	0.998222
0.000490873	0.0586008	0.998281
0.000679208	0.0612814	0.99812
-0.00117978	0.0608811	0.998144
0.000915363	0.0602243	0.998184
-0.00164294	0.0613567	0.998115
-0.000504282	0.058399	0.998293
-0.000103599	0.0604473	0.998171
-0.000335727	0.0582989	0.998299
-8.71668e-05	0.0581786	0.998306
-0.000655119	0.0634764	0.997983
-0.000142716	0.0618313	0.998087
-0.000202853	0.0588692	0.998266
-0.00176662	0.0846621	0.996408
-0.000996983	0.069677	0.997569
-0.00108543	0.148384	0.988929
-0.00342001	0.108321	0.99411
0.0336688	0.317086	0.947799
-0.00257936	0.228418	0.97356
-0.145229	0.841029	0.521132
-0.293282	0.775389	0.559248
0.0359327	0.558326	0.828843
0.000283245	0.0637496	0.997966
-0.000496473	0.0675389	0.997717
0.000337815	0.060634	0.99816
0.00053475	0.0615585	0.998103
2.49196e-05	0.0608431	0.998147
0.000287535	0.0579079	0.998322
0.00030723	0.0581403	0.998308
0.000890372	0.0591709	0.998247
-0.00104354	0.0605681	0.998164
-0.000328644	0.0613817	0.998114
0.000541313	0.0611357	0.998129
0.000213564	0.0603024	0.99818
-1.18844e-05	0.0594122	0.998234
-0.00024652	0.0589883	0.998259
0.000127294	0.0583342	0.998297
0.00123129	0.0616955	0.998094
-0.000163015	0.0582719	0.998301
-0.000110286	0.0618763	0.998084
0.000520335	0.0631564	0.998004
-0.000395794	0.0597546	0.998213
-0.00108257	0.0610858	0.998132
-0.000377234	0.0596133	0.998221
-0.00407699	0.061958	0.99807
0.000258075	0.0596817	0.998217
-7.76472e-05	0.0627437	0.99803
-0.000149347	0.0602802	0.998181
-0.000406712	0.0595797	0.998223
3.6048e-05	0.063077	0.998009
-2.95794e-05	0.0604139	0.998173
-0.00065861	0.0622165	0.998062
0.000171401	0.063042	0.998011
3.63683e-05	0.0607332	0.998154
0.000675723	0.0650518	0.997882
-3.51547e-05	0.0589686	0.99826
-8.43117e-05	0.0597637	0.998213
-0.00096368	0.0633326	0.997992
-0.00020176	0.0593554	0.998237
-0.000465248	0.0584054	0.998293
-7.93778e-05	0.0632146	0.998
0.00014217	0.0586318	0.99828
0.000749637	0.0606224	0.99816
8.33053e-05	0.0595503	0.998225
0.000672369	0.061698	0.998095
0.000245208	0.0600644	0.998194
-0.000166404	0.0591421	0.99825
-0.000338661	0.0613892	0.998114
-0.000187542	0.0601681	0.998188
9.76995e-05	0.0592871	0.998241
0.000266122	0.0596599	0.998219
-0.000522026	0.060706	0.998156
0.000225541	0.0589075	0.998263
0.000259036	0.059586	0.998223
-0.00145793	0.0645912	0.997911
0.0009141	0.0634324	0.997986
0.00102163	0.0580159	0.998315
0.000459564	0.0603367	0.998178
0.0017161	0.0604376	0.998171
0.000332514	0.0589672	0.99826
3.97653e-05	0.0604645	0.99817
0.000854293	0.0651289	0.997876
-0.000382732	0.0588488	0.998267
-0.000185443	0.059858	0.998207
-0.000343402	0.0570751	0.99837
-0.000710905	0.0597496	0.998213
0.000146171	0.0579745	0.998318
5.94117e-05	0.05931	0.99824
0.000186588	0.0578441	0.998326
0.000331467	0.0579425	0.99832
-0.000224602	0.0608312	0.998148
0.000238199	0.0573322	0.998355
-6.61103e-05	0.0595347	0.998226
0.000353501	0.0591347	0.99825
-2.41109e-06	0.0623055	0.998057
0.000230037	0.0583312	0.998297
-0.00112695	0.0698594	0.997556
-0.00254248	0.0847995	0.996395
-0.00103466	0.0696013	0.997574
-0.00475968	0.108557	0.994079
-0.0104169	0.158672	0.987276
-0.00543952	0.107891	0.994148
-0.0164563	0.240204	0.970583
-0.0585854	0.3966	0.91612
-0.0231363	0.225751	0.97391
-0.0933219	0.591231	0.801085
-0.173745	0.824722	0.538188
-0.16895	0.831751	0.528816
-0.110846	0.603881	0.789329
0.000579006	0.0627276	0.998031
7.69856e-05	0.063523	0.99798
-1.18729e-05	0.0609322	0.998142
0.000114658	0.0608611	0.998146
0.000317681	0.0578551	0.998325
-0.000114523	0.0576572	0.998336
0.000245959	0.0600222	0.998197
8.00554e-05	0.0584656	0.998289
-0.000150438	0.0565886	0.998398
9.10518e-05	0.0566192	0.998396
-0.000439615	0.0571445	0.998366
-0.000247645	0.0572217	0.998361
-0.000794289	0.059001	0.998258
-0.000328912	0.057856	0.998325
-0.000273988	0.0613933	0.998114
0.00113437	0.062779	0.998027
0.000183027	0.0602592	0.998183
0.000201962	0.0588431	0.998267
-7.15331e-05	0.0598735	0.998206
0.00195869	0.062444	0.998047
-0.000139821	0.060676	0.998158
-0.000363435	0.0601181	0.998191
-0.000153934	0.0583268	0.998298
0.000710234	0.0643803	0.997925
-0.000277829	0.0583105	0.998298
0.000115071	0.0576324	0.998338
-0.000139783	0.0593154	0.998239
-0.000432386	0.0582799	0.9983
8.79837e-05	0.0602329	0.998184
0.000186038	0.060521	0.998167
-0.000372015	0.0607459	0.998153
-0.000399748	0.0621439	0.998067
-0.000207739	0.0591258	0.998251
0.000457413	0.061727	0.998093
-0.000213341	0.0606746	0.998158
-4.40605e-05	0.0581624	0.998307
0.000610005	0.0581427	0.998308
0.000786088	0.0577966	0.998328
0.000472144	0.0604386	0.998172
0.000789505	0.0580189	0.998315
0.000411513	0.0592776	0.998241
0.000566542	0.0588255	0.998268
0.000446418	0.0576102	0.998339
-0.000670164	0.060162	0.998188
0.00146851	0.062409	0.99805
0.000712316	0.0600345	0.998196
0.00022971	0.0577143	0.998333
0.000477856	0.0591743	0.998248
-6.17895e-05	0.0616989	0.998095
7.50026e-05	0.0594613	0.998231
-0.0023612	0.0829776	0.996549
-0.00094516	0.0691586	0.997605
-0.0138746	0.13299	0.99102
-0.00389119	0.101916	0.994785
-0.0535683	0.368961	0.9279
-0.0226836	0.17132	0.984954
-0.228312	0.79729	0.55875
-0.179427	0.821336	0.541492
-0.128851	0.58042	0.804058
0.000679177	0.0628128	0.998025
0.000376441	0.0619657	0.998078
0.000290125	0.0594436	0.998232
-5.3307e-05	0.0582638	0.998301
0.000559769	0.0609977	0.998138
0.0003106	0.0585591	0.998284
8.02101e-05	0.0578357	0.998326
-0.000255593	0.0594112	0.998234
-0.000172725	0.0595193	0.998227
-0.000219681	0.0574178	0.99835
-9.19885e-05	0.0604377	0.998172
-0.000215623	0.0583447	0.998296
-0.000328566	0.0583188	0.998298
-0.000354763	0.0578037	0.998328
-0.000100979	0.0580962	0.998311
-0.000231	0.057619	0.998339
0.000204172	0.058349	0.998296
-0.000338213	0.0600287	0.998197
0.00014491	0.0623058	0.998057
-7.72116e-05	0.0597712	0.998212
0.000468849	0.0600872	0.998193
0.000220234	0.0595979	0.998222
-0.000526546	0.0628968	0.99802
-0.00019357	0.0617995	0.998089
-0.000265899	0.0615868	0.998102
6.11832e-05	0.0589741	0.99826
0.000132165	0.0622413	0.998061
0.000317006	0.0594305	0.998232
-4.10169e-05	0.0589099	0.998263
0.000363159	0.0616822	0.998096
-0.000443233	0.0608645	0.998146
-2.10675e-05	0.0617401	0.998092
-6.58448e-05	0.0634454	0.997985
0.000343864	0.05966	0.998219
9.39774e-05	0.0601977	0.998186
-2.71126e-06	0.0592826	0.998241
-0.000139792	0.0598901	0.998205
0.000111668	0.0586326	0.99828
0.000183012	0.0602887	0.998181
-0.000424845	0.0615961	0.998101
0.000617051	0.0602298	0.998184
0.000139563	0.0617704	0.99809
0.00107136	0.0626374	0.998036
0.000495646	0.0606028	0.998162
0.00013445	0.0597098	0.998216
-0.000657251	0.0610847	0.998132
0.00035765	0.0613467	0.998116
0.00015874	0.0599732	0.9982
-5.2985e-05	0.0576086	0.998339
-4.17693e-05	0.0580504	0.998314
-0.000260717	0.0607065	0.998156
0.000261205	0.0598972	0.998205
0.00023086	0.0580883	0.998311
0.001072	0.0587569	0.998272
0.000802645	0.0596888	0.998217
0.00227709	0.0612448	0.99812
0.00114926	0.0588705	0.998265
0.000786276	0.0581422	0.998308
0.000921746	0.0577561	0.99833
7.73695e-05	0.0587837	0.998271
-6.30886e-05	0.0574023	0.998351
-6.3918e-05	0.0584339	0.998291
-0.00117839	0.060416	0.998173
-0.000467577	0.0587338	0.998274
-0.000398334	0.0587472	0.998273
9.90402e-05	0.0582288	0.998303
0.00063688	0.0615526	0.998104
-0.000101867	0.057678	0.998335
0.000210078	0.0596281	0.998221
0.000611482	0.0612332	0.998123
0.00036888	0.0581124	0.99831
-0.000295129	0.0620568	0.998073
-7.99938e-05	0.0619798	0.998077
0.000221199	0.0604786	0.998169
-0.0023189	0.0846097	0.996411
-0.00223239	0.0834749	0.996507
-0.00109267	0.0697326	0.997565
-0.00657566	0.157665	0.987471
-0.0114086	0.137605	0.990421
-0.00408299	0.10882	0.994053
-0.0303335	0.366415	0.929957
-0.0453484	0.349084	0.935993
-0.020345	0.240844	0.970351
-0.182804	0.81341	0.552219
-0.231674	0.815798	0.529906
-0.119788	0.598352	0.792228
-0.185845	0.791682	-0.58198
-0.0962126	0.406198	-0.908706
-0.0419577	0.164696	-0.985452
-0.0133972	0.0647837	-0.997809
-0.00487229	0.0224202	-0.999737
-0.000959898	0.00664063	-0.999977
-0.000362129	0.00190392	-0.999998
2.6953e-06	0.000407046	-1
2.86275e-06	7.35481e-05	-1
0	0	-1
0	0	-1
0	0	-1
0	0	-1
0	0	-1
0	0	-1
0	0	-1
0	0	-1
0	0	-1
0	0	-1
0	0	-1
0	0	-1
0	0	-1
0	0	-1
0	0	-1
0	0	-1
0	0	-1
0	0	-1
-0.2199	0.943871	-0.246479
-0.131198	0.573735	-0.808465
-0.188172	0.786123	-0.588729
-0.0615163	0.254263	-0.965177
-0.0914543	0.39816	-0.912746
-0.0242984	0.103974	-0.994283
-0.0415929	0.163816	-0.985614
-0.00951674	0.0382572	-0.999223
-0.0138751	0.0598216	-0.998113
-0.00244231	0.0119504	-0.999926
-0.00518766	0.0221877	-0.99974
-0.00075982	0.0034697	-0.999994
-0.00173121	0.00652649	-0.999977
-0.000115257	0.000802306	-1
-0.000334985	0.0019688	-0.999998
-2.18854e-05	0.000193504	-1
-9.19758e-06	0.000294755	-1
-1.4749e-05	1.34981e-05	-1
-5.26521e-06	6.85853e-05	-1
0	0	-1
0	0	-1
0	0	-1
0	0	-1
0	0	-1
0	0	-1
0	0	-1
0	0	-1
0	0	-1
0	0	-1
0	0	-1
0	0	-1
0	0	-1
0	0	-1
0	0	-1
0	0	-1
0	0	-1
0	0	-1
0	0	-1
0	0	-1
0	0	-1
0	0	-1
0	0	-1
0	0	-1
0	0	-1
0	0	-1
0	0	-1
0	0	-1
0	0	-1
0	0	-1
0	0	-1
0	0	-1
0	0	-1
0	0	-1
0	0	-1
0	0	-1
-0.220987	0.941772	-0.253438
-0.13868	0.582088	-0.801212
-0.0596873	0.251157	-0.966104
-0.0205517	0.0988407	-0.994891
-0.00755303	0.0364193	-0.999308
-0.00282705	0.0131421	-0.99991
-0.000618193	0.00309068	-0.999995
-6.92102e-05	0.000908441	-1
-2.67491e-05	0.000161837	-1
-5.63861e-06	6.84781e-06	-1
0	0	-1
0	0	-1
0	0	-1
0	0	-1
0	0	-1
0	0	-1
0	0	-1
0	0	-1
0	0	-1
0	0	-1
0	0	-1
0	0	-1
0	0	-1
0	0	-1
0	0	-1
0	0	-1
0	0	-1
0	0	-1
-0.215581	0.943886	-0.25021
-0.133035	0.582611	-0.80179
-0.18064	0.790712	-0.58493
-0.0633211	0.258895	-0.963828
-0.0941886	0.401781	-0.910879
-0.0277581	0.107602	-0.993806
-0.0423628	0.167485	-0.984964
-0.00908324	0.0383362	-0.999224
-0.0175954	0.060331	-0.998023
-0.00243123	0.0123224	-0.999921
-0.00324286	0.022249	-0.999747
-0.000607436	0.00364813	-0.999993
-0.00121019	0.00632989	-0.999979
-0.000123226	0.00092854	-1
-0.00039876	0.00170665	-0.999998
-5.69728e-05	0.0001797	-1
-0.00012024	0.000330065	-1
-1.05492e-05	2.62938e-05	-1
-1.2814e-05	3.57215e-05	-1
0	0	-1
0	0	-1
0	0	-1
0	0	-1
0	0	-1
0	0	-1
0	0	-1
0	0	-1
0	0	-1
0	0	-1
0	0	-1
0	0	-1
0	0	-1
0	0	-1
0	0	-1
0	0	-1
0	0	-1
0	0	-1
0	0	-1
0	0	-1
0	0	-1
0	0	-1
0	0	-1
0	0	-1
0	0	-1
0	0	-1
0	0	-1
0	0	-1
0	0	-1
0	0	-1
0	0	-1
0	0	-1
0	0	-1
0	0	-1
0	0	-1
0	0	-1
-0.225068	0.940154	-0.25584
-0.216232	0.94181	-0.257368
-0.184885	0.7851	-0.591131
-0.13944	0.586509	-0.797849
-0.137666	0.583719	-0.8002
-0.199984	0.77493	-0.599574
-0.0973385	0.396313	-0.912941
-0.0652987	0.262141	-0.962818
-0.0660474	0.264832	-0.96203
-0.0958874	0.393861	-0.914155
-0.0457317	0.166459	-0.984987
-0.0252139	0.100695	-0.994598
-0.0268001	0.106671	-0.993933
-0.0392462	0.167844	-0.985032
-0.0158299	0.0649108	-0.997766
-0.00832739	0.0383634	-0.999229
-0.00815881	0.038296	-0.999233
-0.0143786	0.0568659	-0.998278
-0.00453895	0.0203514	-0.999783
-0.00273763	0.0132182	-0.999909
-0.00264731	0.0120347	-0.999924
-0.00632938	0.0225832	-0.999725
-0.00135474	0.00626716	-0.999979
-0.000609297	0.00392363	-0.999992
-0.00127202	0.00285996	-0.999995
-0.000982323	0.00712166	-0.999974
-0.000214225	0.00152092	-0.999999
-0.000176168	0.000919101	-1
-0.000178424	0.000896867	-1
-0.000524987	0.00163273	-0.999999
-2.6137e-05	0.000405363	-1
-1.04811e-05	0.000141265	-1
-1.9565e-05	0.000139932	-1
-3.53808e-05	0.000390473	-1
-1.62334e-05	6.56546e-05	-1
-6.95524e-06	1.42692e-05	-1
-3.62933e-06	6.99298e-06	-1
1.1499e-05	5.71015e-05	-1
0	0	-1
0	0	-1
0	0	-1
0	0	-1
0	0	-1
0	0	-1
0	0	-1
0	0	-1
0	0	-1
0	0	-1
0	0	-1
0	0	-1
0	0	-1
0	0	-1
0	0	-1
0	0	-1
0	0	-1
0	0	-1
0	0	-1
0	0	-1
0	0	-1
0	0	-1
0	0	-1
0	0	-1
0	0	-1
0	0	-1
0	0	-1
0	0	-1
0	0	-1
0	0	-1
0	0	-1
0	0	-1
0	0	-1
0	0	-1
0	0	-1
0	0	-1
0	0	-1
0	0	-1
0	0	-1
0	0	-1
0	0	-1
0	0	-1
0	0	-1
0	0	-1
0	0	-1
0	0	-1
0	0	-1
0	0	-1
0	0	-1
0	0	-1
0	0	-1
0	0	-1
0	0	-1
0	0	-1
0	0	-1
0	0	-1
0	0	-1
0	0	-1
0	0	-1
0	0	-1
0	0	-1
0	0	-1
0	0	-1
0	0	-1
0	0	-1
0	0	-1
0	0	-1
0	0	-1
0	0	-1
0	0	-1
0	0	-1
0	0	-1
-0.235195	0.934915	-0.265739
-0.16456	0.775815	-0.609123
-0.142068	0.589451	-0.795213
-0.101018	0.403698	-0.909298
-0.0601541	0.258037	-0.96426
-0.036369	0.154801	-0.987276
-0.0206476	0.0986024	-0.994913
-0.0132679	0.0612589	-0.998034
-0.008815	0.0374905	-0.999258
-0.00516801	0.0217573	-0.99975
-0.00203306	0.0129137	-0.999915
-0.0011856	0.00740622	-0.999972
-0.000935568	0.00395957	-0.999992
-0.000285912	0.00169907	-0.999999
-0.00010264	0.000775473	-1
-8.98615e-05	0.00032686	-1
-2.20934e-05	0.000222592	-1
-1.86683e-05	7.58664e-05	-1
-5.79268e-06	1.7374e-05	-1
0	0	-1
0	0	-1
0	0	-1
0	0	-1
0	0	-1
0	0	-1
0	0	-1
0	0	-1
0	0	-1
0	0	-1
0	0	-1
0	0	-1
0	0	-1
0	0	-1
0	0	-1
0	0	-1
0	0	-1
0	0	-1
0	0	-1
0	0	-1
0	0	-1
0	0	-1
0	0	-1
0	0	-1
0	0	-1
0	0	-1
0	0	-1
0	0	-1
0	0	-1
0	0	-1
0	0	-1
0	0	-1
0	0	-1
0	0	-1
0	0	-1
0	0	-1
-0.216826	0.941563	-0.257771
-0.1349	0.587635	-0.797801
-0.0631385	0.255713	-0.964689
-0.0271825	0.106407	-0.993951
-0.0067608	0.0368001	-0.9993
-0.00227424	0.011777	-0.999928
-0.000946473	0.00313267	-0.999995
-0.000168445	0.000822941	-1
-5.15235e-05	0.000142538	-1
-1.24849e-05	1.07346e-05	-1
0	0	-1
0	0	-1
0	0	-1
0	0	-1
0	0	-1
0	0	-1
0	0	-1
0	0	-1
0	0	-1
0	0	-1
0	0	-1
0	0	-1
0	0	-1
0	0	-1
0	0	-1
0	0	-1
0	0	-1
0	0	-1
-0.227877	0.940487	-0.252105
-0.184536	0.775574	-0.603681
-0.150127	0.583401	-0.798189
-0.10001	0.397085	-0.912316
-0.0638907	0.267279	-0.961499
-0.0387843	0.167125	-0.985173
-0.0225978	0.0979087	-0.994939
-0.0144984	0.0607441	-0.998048
-0.00830722	0.0363081	-0.999306
-0.00422508	0.0203147	-0.999785
-0.00180012	0.0114394	-0.999933
-0.00145146	0.00704999	-0.999974
-0.000388196	0.00307052	-0.999995
-0.000127452	0.00158533	-0.999999
-8.17819e-05	0.000754329	-1
-0.000112454	0.000422874	-1
-2.70559e-05	0.00016248	-1
2.69252e-06	4.38836e-05	-1
-7.46491e-07	2.83282e-05	-1
0	0	-1
0	0	-1
0	0	-1
0	0	-1
0	0	-1
0	0	-1
0	0	-1
0	0	-1
0	0	-1
0	0	-1
0	0	-1
0	0	-1
0	0	-1
0	0	-1
0	0	-1
0	0	-1
0	0	-1
0	0	-1
0	0	-1
0	0	-1
0	0	-1
0	0	-1
0	0	-1
0	0	-1
0	0	-1
0	0	-1
0	0	-1
0	0	-1
0	0	-1
0	0	-1
0	0	-1
0	0	-1
0	0	-1
0	0	-1
0	0	-1
0	0	-1
-0.195057	0.783307	-0.590239
-0.113483	0.392274	-0.912821
-0.0343453	0.160873	-0.986377
-0.0142736	0.0609138	-0.998041
-0.00507355	0.0216699	-0.999752
-0.00127584	0.00645916	-0.999978
-0.000213813	0.00137158	-0.999999
-8.11976e-05	0.000456842	-1
-1.20015e-05	6.98296e-05	-1
-1.27639e-06	1.26543e-06	-1
0	0	-1
0	0	-1
0	0	-1
0	0	-1
0	0	-1
0	0	-1
0	0	-1
0	0	-1
0	0	-1
0	0	-1
0	0	-1
0	0	-1
0	0	-1
0	0	-1
0	0	-1
0	0	-1
0	0	-1
-0.212119	0.964791	0.155512
-0.21887	0.942214	-0.253632
-0.210795	0.939444	-0.270205
-0.21223	0.963428	0.163598
-0.172739	0.78783	-0.591173
-0.132323	0.588724	-0.79743
-0.136234	0.588295	-0.797088
-0.0966367	0.405513	-0.908967
-0.0737983	0.253711	-0.964461
-0.0621573	0.264489	-0.962384
-0.0419439	0.174163	-0.983823
-0.0255217	0.105562	-0.994085
-0.0220513	0.102164	-0.994523
-0.0143078	0.0607911	-0.998048
-0.00682264	0.0355838	-0.999343
-0.00862707	0.0395468	-0.99918
-0.00451504	0.0221445	-0.999745
-0.00195701	0.0127072	-0.999917
-0.00140111	0.0113916	-0.999934
-0.000154153	0.00786776	-0.999969
-0.000581539	0.00311659	-0.999995
-0.00073941	0.00356403	-0.999993
-0.00045281	0.00200206	-0.999998
-0.000207759	0.00094588	-1
-0.000154594	0.00109854	-0.999999
-0.000144166	0.000417096	-1
-4.26956e-05	0.000217233	-1
-2.932e-05	0.000158766	-1
-2.60973e-05	3.94317e-05	-1
-1.30466e-05	1.75532e-05	-1
-9.24735e-06	2.20429e-05	-1
0	0	-1
0	0	-1
0	0	-1
0	0	-1
0	0	-1
0	0	-1
0	0	-1
0	0	-1
0	0	-1
0	0	-1
0	0	-1
0	0	-1
0	0	-1
0	0	-1
0	0	-1
0	0	-1
0	0	-1
0	0	-1
0	0	-1
0	0	-1
0	0	-1
0	0	-1
0	0	-1
0	0	-1
0	0	-1
0	0	-1
0	0	-1
0	0	-1
0	0	-1
0	0	-1
0	0	-1
0	0	-1
0	0	-1
0	0	-1
0	0	-1
0	0	-1
0	0	-1
0	0	-1
0	0	-1
0	0	-1
0	0	-1
0	0	-1
0	0	-1
0	0	-1
0	0	-1
0	0	-1
0	0	-1
0	0	-1
0	0	-1
0	0	-1
0	0	-1
0	0	-1
0	0	-1
0	0	-1
0	0	-1
0	0	-1
-0.218789	0.961443	0.166611
-0.222634	0.943088	-0.247019
-0.220623	0.959361	0.175933
-0.187202	0.785943	-0.589278
-0.145955	0.582559	-0.799576
-0.0952894	0.406546	-0.908648
-0.0513073	0.264229	-0.963094
-0.0412507	0.163478	-0.985684
-0.0217271	0.101349	-0.994614
-0.0130621	0.0601503	-0.998104
-0.00821017	0.0366104	-0.999296
-0.00342796	0.0208078	-0.999778
-0.00398673	0.0132111	-0.999905
-0.000458761	0.00590298	-0.999982
-0.000684818	0.00380454	-0.999993
-0.000423794	0.00166092	-0.999999
-0.000118985	0.000964058	-1
-2.86606e-05	0.000491144	-1
-2.43546e-05	0.000136197	-1
-3.4517e-05	7.0177e-05	-1
-1.40177e-06	7.5126e-06	-1
0	0	-1
0	0	-1
0	0	-1
0	0	-1
0	0	-1
0	0	-1
0	0	-1
0	0	-1
0	0	-1
0	0	-1
0	0	-1
0	0	-1
0	0	-1
0	0	-1
0	0	-1
0	0	-1
0	0	-1
0	0	-1
0	0	-1
0	0	-1
0	0	-1
0	0	-1
0	0	-1
0	0	-1
0	0	-1
0	0	-1
0	0	-1
0	0	-1
0	0	-1
0	0	-1
0	0	-1
0	0	-1
0	0	-1
0	0	-1
0	0	-1
0	0	-1
0	0	-1
0	0	-1
-0.225933	0.959849	0.166267
-0.217201	0.941627	-0.257219
-0.211225	0.964638	0.15766
-0.172987	0.783717	-0.596543
-0.130111	0.57117	-0.810454
-0.18014	0.786877	-0.590233
-0.0981536	0.403587	-0.909661
-0.0556007	0.261871	-0.9635
-0.0974539	0.402556	-0.910193
-0.037997	0.165444	-0.985487
-0.0228097	0.0956751	-0.995151
-0.0401261	0.164406	-0.985576
-0.0135853	0.0605867	-0.99807
-0.0114706	0.0403836	-0.999118
-0.0144243	0.063244	-0.997894
-0.00474771	0.0221179	-0.999744
-0.00178693	0.0125682	-0.999919
-0.00359416	0.02065	-0.99978
-0.00181858	0.00746452	-0.99997
-0.00106732	0.00362555	-0.999993
-0.0013385	0.00637553	-0.999979
-0.000254409	0.00188806	-0.999998
-0.000117252	0.000909794	-1
-0.000349104	0.00185326	-0.999998
-3.34141e-05	0.000362215	-1
-5.74067e-05	0.000159328	-1
-9.6021e-05	0.000384005	-1
-3.05273e-05	5.53302e-05	-1
-1.49809e-05	5.16381e-06	-1
-1.59723e-05	7.17725e-05	-1
-2.71945e-06	2.57782e-06	-1
0	0	-1
0	0	-1
0	0	-1
0	0	-1
0	0	-1
0	0	-1
0	0	-1
0	0	-1
0	0	-1
0	0	-1
0	0	-1
0	0	-1
0	0	-1
0	0	-1
0	0	-1
0	0	-1
0	0	-1
0	0	-1
0	0	-1
0	0	-1
0	0	-1
0	0	-1
0	0	-1
0	0	-1
0	0	-1
0	0	-1
0	0	-1
0	0	-1
0	0	-1
0	0	-1
0	0	-1
0	0	-1
0	0	-1
0	0	-1
0	0	-1
0	0	-1
0	0	-1
0	0	-1
0	0	-1
0	0	-1
0	0	-1
0	0	-1
0	0	-1
0	0	-1
0	0	-1
0	0	-1
0	0	-1
0	0	-1
0	0	-1
0	0	-1
0	0	-1
0	0	-1
0	0	-1
0	0	-1
0	0	-1
-0.207164	0.965252	0.159283
-0.215197	0.940208	-0.264007
-0.214844	0.963366	0.160526
-0.182329	0.783905	-0.593506
-0.140955	0.597943	-0.789048
-0.0942697	0.4057	-0.909132
-0.060219	0.26265	-0.96301
-0.0459756	0.165404	-0.985154
-0.0235982	0.103572	-0.994342
-0.0151438	0.0623977	-0.997936
-0.00812043	0.0389958	-0.999206
-0.00444928	0.0215543	-0.999758
-0.0020358	0.0128293	-0.999916
-0.00131535	0.00718586	-0.999973
-0.000872255	0.0032257	-0.999994
-0.000541394	0.00189724	-0.999998
-0.000121108	0.000866354	-1
-4.97109e-05	0.000343148	-1
-2.59e-05	0.000140724	-1
-1.22896e-05	6.9178e-05	-1
-1.03738e-05	2.73874e-05	-1
0	0	-1
0	0	-1
0	0	-1
0	0	-1
0	0	-1
0	0	-1
0	0	-1
0	0	-1
0	0	-1
0	0	-1
0	0	-1
0	0	-1
0	0	-1
0	0	-1
0	0	-1
0	0	-1
0	0	-1
0	0	-1
0	0	-1
0	0	-1
0	0	-1
0	0	-1
0	0	-1
0	0	-1
0	0	-1
0	0	-1
0	0	-1
0	0	-1
0	0	-1
0	0	-1
0	0	-1
0	0	-1
0	0	-1
0	0	-1
0	0	-1
0	0	-1
0	0	-1
0	0	-1
-0.220078	0.959957	0.173344
-0.242046	0.956082	0.165292
0	0	-1
0	0	-1
-0.231159	0.958754	0.165397
-0.219081	0.9403	-0.26046
-0.225679	0.961166	0.158834
-0.139447	0.588038	-0.796722
-0.200587	0.774645	-0.599742
-0.0575019	0.264221	-0.962747
-0.0977587	0.406004	-0.908627
-0.0251217	0.104247	-0.994234
-0.0404263	0.166964	-0.985134
-0.00742404	0.0380424	-0.999249
-0.010633	0.059359	-0.99818
-0.00294011	0.0126775	-0.999915
-0.00516862	0.0224595	-0.999734
-0.00066783	0.00321962	-0.999995
-0.00162096	0.00736644	-0.999972
-0.000135478	0.000870757	-1
-0.000438632	0.00187925	-0.999998
-4.61223e-05	0.000190038	-1
-7.97232e-05	0.000444943	-1
-6.79733e-06	1.1005e-05	-1
3.21637e-06	7.37416e-05	-1
0	0	-1
0	0	-1
0	0	-1
0	0	-1
0	0	-1
0	0	-1
0	0	-1
0	0	-1
0	0	-1
0	0	-1
0	0	-1
0	0	-1
0	0	-1
0	0	-1
0	0	-1
0	0	-1
0	0	-1
0	0	-1
0	0	-1
0	0	-1
0	0	-1
0	0	-1
0	0	-1
0	0	-1
0	0	-1
0	0	-1
0	0	-1
0	0	-1
0	0	-1
0	0	-1
0	0	-1
0	0	-1
0	0	-1
0	0	-1
0	0	-1
0	0	-1
0	0	-1
0	0	-1
-0.214519	0.963842	0.158081
-0.207091	0.942987	-0.260557
-0.217083	0.963414	0.15719
-0.187079	0.79061	-0.583042
-0.143914	0.575061	-0.805353
-0.18503	0.787081	-0.588444
-0.0900787	0.410134	-0.907566
-0.0696289	0.26034	-0.963003
-0.101508	0.407847	-0.90739
-0.0363141	0.159139	-0.986588
-0.0267475	0.106111	-0.993995
-0.0446043	0.166189	-0.985085
-0.0152821	0.0642146	-0.997819
-0.00730365	0.0371448	-0.999283
-0.0178791	0.0664379	-0.99763
-0.00410005	0.0231114	-0.999724
-0.00166309	0.0120209	-0.999926
-0.00400683	0.0208861	-0.999774
-0.00137304	0.00674443	-0.999976
-0.000248108	0.00375321	-0.999993
-0.000967165	0.00709646	-0.999974
-0.000525618	0.00181383	-0.999998
-0.000285533	0.00107263	-0.999999
-0.000352205	0.00188588	-0.999998
-0.000112247	0.000332691	-1
-3.06358e-05	0.000127927	-1
-0.000142939	0.000494281	-1
-4.17693e-05	7.08663e-05	-1
-3.37e-06	1.62525e-05	-1
-2.68189e-05	8.68203e-05	-1
0	0	-1
0	0	-1
0	0	-1
0	0	-1
0	0	-1
0	0	-1
0	0	-1
0	0	-1
0	0	-1
0	0	-1
0	0	-1
0	0	-1
0	0	-1
0	0	-1
0	0	-1
0	0	-1
0	0	-1
0	0	-1
0	0	-1
0	0	-1
0	0	-1
0	0	-1
0	0	-1
0	0	-1
0	0	-1
0	0	-1
0	0	-1
0	0	-1
0	0	-1
0	0	-1
0	0	-1
0	0	-1
0	0	-1
0	0	-1
0	0	-1
0	0	-1
0	0	-1
0	0	-1
0	0	-1
0	0	-1
0	0	-1
0	0	-1
0	0	-1
0	0	-1
0	0	-1
0	0	-1
0	0	-1
0	0	-1
0	0	-1
0	0	-1
0	0	-1
0	0	-1
0	0	-1
0	0	-1
0	0	-1
0	0	-1
-0.226766	0.959888	0.164903
-0.224154	0.939424	-0.259301
-0.235163	0.958267	0.162551
-0.143593	0.585485	-0.797865
-0.194141	0.785533	-0.587578
-0.0634128	0.256036	-0.964585
-0.0836744	0.407892	-0.909188
-0.0251834	0.102801	-0.994383
-0.039545	0.169796	-0.984685
-0.00670908	0.0350245	-0.999364
-0.0115812	0.0587218	-0.998207
-0.0026263	0.0132528	-0.999909
-0.00451757	0.0219845	-0.999748
-0.000664687	0.00381981	-0.999992
-0.00112753	0.0063004	-0.99998
-0.000167009	0.000969615	-1
-0.000250351	0.00153021	-0.999999
-3.89949e-05	0.000217588	-1
-6.31714e-05	0.000464217	-1
-4.12497e-06	5.58963e-06	-1
-3.95458e-05	5.60931e-05	-1
0	0	-1
0	0	-1
0	0	-1
0	0	-1
0	0	-1
0	0	-1
0	0	-1
0	0	-1
0	0	-1
0	0	-1
0	0	-1
0	0	-1
0	0	-1
0	0	-1
0	0	-1
0	0	-1
0	0	-1
0	0	-1
0	0	-1
0	0	-1
0	0	-1
0	0	-1
0	0	-1
0	0	-1
0	0	-1
0	0	-1
0	0	-1
0	0	-1
0	0	-1
0	0	-1
0	0	-1
0	0	-1
0	0	-1
0	0	-1
0	0	-1
0	0	-1
0	0	-1
0	0	-1
-0.24724	0.954576	0.166306
-0.231079	0.93736	-0.260691
-0.228955	0.941295	-0.248079
-0.223076	0.961966	0.157666
-0.147691	0.582593	-0.799233
-0.13435	0.581579	-0.802319
-0.186012	0.786655	-0.588705
-0.0562045	0.267471	-0.961925
-0.062681	0.26726	-0.961584
-0.0960935	0.400581	-0.911208
-0.0238142	0.102782	-0.994419
-0.0238007	0.100693	-0.994633
-0.0362232	0.183078	-0.982431
-0.00684797	0.037763	-0.999263
-0.00835527	0.0337395	-0.999396
-0.0138351	0.0599212	-0.998107
-0.00232407	0.0126364	-0.999917
-0.00234751	0.0126588	-0.999917
-0.0040419	0.0223137	-0.999743
-0.000713582	0.00317323	-0.999995
-0.000693606	0.00382169	-0.999992
-0.000191103	0.0063442	-0.99998
-0.000240715	0.000722517	-1
-0.000146065	0.000657127	-1
-0.000389589	0.00203705	-0.999998
-7.08277e-05	0.000222586	-1
-6.09546e-06	0.000182696	-1
-9.71775e-05	0.000360749	-1
1.46723e-06	1.85789e-06	-1
-2.12724e-06	9.79972e-06	-1
-1.26098e-05	4.53489e-05	-1
0	0	-1
0	0	-1
0	0	-1
0	0	-1
0	0	-1
0	0	-1
0	0	-1
0	0	-1
0	0	-1
0	0	-1
0	0	-1
0	0	-1
0	0	-1
0	0	-1
0	0	-1
0	0	-1
0	0	-1
0	0	-1
0	0	-1
0	0	-1
0	0	-1
0	0	-1
0	0	-1
0	0	-1
0	0	-1
0	0	-1
0	0	-1
0	0	-1
0	0	-1
0	0	-1
0	0	-1
0	0	-1
0	0	-1
0	0	-1
0	0	-1
0	0	-1
0	0	-1
0	0	-1
0	0	-1
0	0	-1
0	0	-1
0	0	-1
0	0	-1
0	0	-1
0	0	-1
0	0	-1
0	0	-1
0	0	-1
0	0	-1
0	0	-1
0	0	-1
0	0	-1
0	0	-1
0	0	-1
0	0	-1
0	0	-1
0	0	-1
0	0	-1
0	0	-1
0	0	-1
0	0	-1
0	0	-1
0	0	-1
0	0	-1
0	0	-1
0	0	-1
0	0	-1
0	0	-1
0	0	-1
0	0	-1
0	0	-1
0	0	-1
0	0	-1
0	0	-1
0	0	-1
0	0	-1
0	0	-1
0	0	-1
0	0	-1
0	0	-1
0	0	-1
0	0	-1
0	0	-1
0	0	-1
0	0	-1
0	0	-1
0	0	-1
0	0	-1
0	0	-1
0	0	-1
0	0	-1
0	0	-1
0	0	-1
0	0	-1
0	0	-1
0	0	-1
0	0	-1
0	0	-1
0	0	-1
0	0	-1
0	0	-1
0	0	-1
0	0	-1
0	0	-1
0	0	-1
0	0	-1
0	0	-1
0	0	-1
0	0	-1
0	0	-1
0	0	-1
0	0	-1
0	0	-1
0	0	-1
0	0	-1
0	0	-1
0	0	-1
0	0	-1
0	0	-1
0	0	-1
0	0	-1
0	0	-1
0	0	-1
0	0	-1
0	0	-1
0	0	-1
0	0	-1
0	0	-1
0	0	-1
0	0	-1
0	0	-1
0	0	-1
0	0	-1
0	0	-1
0	0	-1
0	0	-1
0	0	-1
0	0	-1
0	0	-1
0	0	-1
0	0	-1
0	0	-1
0	0	-1
0	0	-1
0	0	-1
0	0	-1
0	0	-1
0	0	-1
0	0	-1
0	0	-1
0	0	-1
0	0	-1
0	0	-1
0	0	-1
0	0	-1
0	0	-1
0	0	-1
0	0	-1
0	0	-1
0	0	-1
0	0	-1
0	0	-1
0	0	-1
0	0	-1
0	0	-1
0	0	-1
0	0	-1
0	0	-1
0	0	-1
0	0	-1
0	0	-1
0	0	-1
0	0	-1
0	0	-1
0	0	-1
0	0	-1
0	0	-1
0	0	-1
0	0	-1
0	0	-1
0	0	-1
0	0	-1
0	0	-1
0	0	-1
0	0	-1
0	0	-1
0	0	-1
0	0	-1
0	0	-1
0	0	-1
0	0	-1
0	0	-1
0	0	-1
0	0	-1
0	0	-1
0	0	-1
0	0	-1
0	0	-1
0	0	-1
0	0	-1
0	0	-1
0	0	-1
0	0	-1
0	0	-1
0	0	-1
0	0	-1
0	0	-1
0	0	-1
0	0	-1
0	0	-1
0	0	-1
0	0	-1
0	0	-1
0	0	-1
0	0	-1
0	0	-1
0	0	-1
0	0	-1
0	0	-1
0	0	-1
0	0	-1
0	0	-1
0	0	-1
0	0	-1
0	0	-1
0	0	-1
0	0	-1
0	0	-1
0	0	-1
0	0	-1
0	0	-1
0	0	-1
0	0	-1
0	0	-1
0	0	-1
0	0	-1
0	0	-1
0	0	-1
0	0	-1
0	0	-1
0	0	-1
0	0	-1
0	0	-1
0	0	-1
0	0	-1
0	0	-1
0	0	-1
0	0	-1
0	0	-1
0	0	-1
0	0	-1
0	0	-1
0	0	-1
0	0	-1
0	0	-1
0	0	-1
0	0	-1
0	0	-1
0	0	-1
0	0	-1
0	0	-1
0	0	-1
0	0	-1
0	0	-1
0	0	-1
0	0	-1
0	0	-1
0	0	-1
0	0	-1
0	0	-1
0	0	-1
0	0	-1
0	0	-1
0	0	-1
0	0	-1
0	0	-1
0	0	-1
0	0	-1
0	0	-1
0	0	-1
0	0	-1
0	0	-1
0	0	-1
0	0	-1
0	0	-1
0	0	-1
0	0	-1
0	0	-1
0	0	-1
0	0	-1
0	0	-1
0	0	-1
0	0	-1
0	0	-1
0	0	-1
0	0	-1
0	0	-1
0	0	-1
0	0	-1
0	0	-1
0	0	-1
0	0	-1
0	0	-1
0	0	-1
0	0	-1
0	0	-1
0	0	-1
0	0	-1
0	0	-1
0	0	-1
0	0	-1
0	0	-1
0	0	-1
0	0	-1
0	0	-1
0	0	-1
0	0	-1
0	0	-1
0	0	-1
0	0	-1
0	0	-1
0	0	-1
0	0	-1
0	0	-1
0	0	-1
0	0	-1
0	0	-1
0	0	-1
0	0	-1
0	0	-1
0	0	-1
0	0	-1
0	0	-1
0	0	-1
0	0	-1
0	0	-1
0	0	-1
0	0	-1
0	0	-1
0	0	-1
0	0	-1
0	0	-1
0	0	-1
0	0	-1
0	0	-1
0	0	-1
0	0	-1
0	0	-1
0	0	-1
0	0	-1
0	0	-1
0	0	-1
0	0	-1
0	0	-1
0	0	-1
0	0	-1
0	0	-1
0	0	-1
0	0	-1
0	0	-1
0	0	-1
0	0	-1
0	0	-1
0	0	-1
0	0	-1
0	0	-1
0	0	-1
0	0	-1
0	0	-1
0	0	-1
0	0	-1
0	0	-1
0	0	-1
0	0	-1
0	0	-1
0	0	-1
0	0	-1
0	0	-1
0	0	-1
0	0	-1
0	0	-1
0	0	-1
0	0	-1
0	0	-1
0	0	-1
0	0	-1
0	0	-1
0	0	-1
0	0	-1
0	0	-1
0	0	-1
0	0	-1
0	0	-1
0	0	-1
0	0	-1
0	0	-1
0	0	-1
0	0	-1
0	0	-1
0	0	-1
0	0	-1
0	0	-1
0	0	-1
0	0	-1
0	0	-1
0	0	-1
0	0	-1
0	0	-1
0	0	-1
0	0	-1
0	0	-1
0	0	-1
0	0	-1
0	0	-1
0	0	-1
0	0	-1
0	0	-1
0	0	-1
0	0	-1
0	0	-1
0	0	-1
0	0	-1
0	0	-1
0	0	-1
0	0	-1
0	0	-1
0	0	-1
0	0	-1
0	0	-1
0	0	-1
0	0	-1
0	0	-1
0	0	-1
0	0	-1
0	0	-1
0	0	-1
0	0	-1
0	0	-1
0	0	-1
0	0	-1
0	0	-1
0	0	-1
0	0	-1
0	0	-1
0	0	-1
0	0	-1
0	0	-1
0	0	-1
0	0	-1
0	0	-1
0	0	-1
0	0	-1
0	0	-1
0	0	-1
0	0	-1
0	0	-1
0	0	-1
0	0	-1
0	0	-1
0	0	-1
0	0	-1
0	0	-1
0	0	-1
0	0	-1
0	0	-1
0	0	-1
0	0	-1
0	0	-1
0	0	-1
0	0	-1
0	0	-1
0	0	-1
0	0	-1
0	0	-1
0	0	-1
0	0	-1
0	0	-1
0	0	-1
0	0	-1
0	0	-1
0	0	-1
0	0	-1
0	0	-1
0	0	-1
0	0	-1
0	0	-1
0	0	-1
0	0	-1
0	0	-1
0	0	-1
0	0	-1
0	0	-1
0	0	-1
0	0	-1
0	0	-1
0	0	-1
0	0	-1
0	0	-1
0	0	-1
0	0	-1
0	0	-1
0	0	-1
0	0	-1
0	0	-1
0	0	-1
0	0	-1
0	0	-1
0	0	-1
0	0	-1
0	0	-1
0	0	-1
0	0	-1
0	0	-1
0	0	-1
0	0	-1
0	0	-1
0	0	-1
0	0	-1
0	0	-1
0	0	-1
0	0	-1
0	0	-1
0	0	-1
0	0	-1
0	0	-1
0	0	-1
0	0	-1
0	0	-1
0	0	-1
0	0	-1
0	0	-1
0	0	-1
0	0	-1
0	0	-1
0	0	-1
0	0	-1
0	0	-1
0	0	-1
0	0	-1
0	0	-1
0	0	-1
0	0	-1
0	0	-1
0	0	-1
0	0	-1
0	0	-1
0	0	-1
0	0	-1
0	0	-1
0	0	-1
0	0	-1
0	0	-1
0	0	-1
0	0	-1
0	0	-1
0	0	-1
0	0	-1
0	0	-1
0	0	-1
0	0	-1
0	0	-1
0	0	-1
0	0	-1
0	0	-1
0	0	-1
0	0	-1
0	0	-1
0	0	-1
0	0	-1
0	0	-1
0	0	-1
0	0	-1
0	0	-1
0	0	-1
0	0	-1
0	0	-1
0	0	-1
0	0	-1
0	0	-1
0	0	-1
0	0	-1
0	0	-1
0	0	-1
0	0	-1
0	0	-1
0	0	-1
0	0	-1
0	0	-1
0	0	-1
0	0	-1
0	0	-1
0	0	-1
0	0	-1
0	0	-1
0	0	-1
0	0	-1
0	0	-1
0	0	-1
0	0	-1
0	0	-1
0	0	-1
0	0	-1
0	0	-1
0	0	-1
0	0	-1
0	0	-1
0	0	-1
0	0	-1
0	0	-1
0	0	-1
0	0	-1
0	0	-1
0	0	-1
0	0	-1
0	0	-1
0	0	-1
0	0	-1
0	0	-1
0	0	-1
0	0	-1
0	0	-1
0	0	-1
0	0	-1
0	0	-1
0	0	-1
0	0	-1
0	0	-1
0	0	-1
0	0	-1
0	0	-1
0	0	-1
0	0	-1
0	0	-1
0	0	-1
0	0	-1
0	0	-1
0	0	-1
0	0	-1
0	0	-1
0	0	-1
0	0	-1
0	0	-1
0	0	-1
0	0	-1
0	0	-1
0	0	-1
0	0	-1
0	0	-1
0	0	-1
0	0	-1
0	0	-1
0	0	-1
0	0	-1
0	0	-1
0	0	-1
0	0	-1
0	0	-1
0	0	-1
0	0	-1
0	0	-1
0	0	-1
0	0	-1
0	0	-1
0	0	-1
0	0	-1
0	0	-1
0	0	-1
0	0	-1
0	0	-1
0	0	-1
0	0	-1
0	0	-1
0	0	-1
0	0	-1
0	0	-1
0	0	-1
0	0	-1
0	0	-1
0	0	-1
0	0	-1
0	0	-1
0	0	-1
0	0	-1
0	0	-1
0	0	-1
0	0	-1
0	0	-1
0	0	-1
0	0	-1
0	0	-1
0	0	-1
0	0	-1
0	0	-1
0	0	-1
0	0	-1
0	0	-1
0	0	-1
0	0	-1
0	0	-1
0	0	-1
0	0	-1
0	0	-1
0	0	-1
0	0	-1
0	0	-1
0	0	-1
0	0	-1
0	0	-1
0	0	-1
0	0	-1
0	0	-1
0	0	-1
0	0	-1
0	0	-1
0	0	-1
0	0	-1
0	0	-1
0	0	-1
0	0	-1
0	0	-1
0	0	-1
0	0	-1
0	0	-1
0	0	-1
0	0	-1
0	0	-1
0	0	-1
0	0	-1
0	0	-1
0	0	-1
0	0	-1
0	0	-1
0	0	-1
0	0	-1
0	0	-1
0	0	-1
0	0	-1
0	0	-1
0	0	-1
0	0	-1
0	0	-1
0	0	-1
0	0	-1
0	0	-1
0	0	-1
0	0	-1
0	0	-1
0	0	-1
0	0	-1
0	0	-1
0	0	-1
0	0	-1
0	0	-1
0	0	-1
0	0	-1
0	0	-1
0	0	-1
0	0	-1
0	0	-1
0	0	-1
0	0	-1
0	0	-1
0	0	-1
0	0	-1
0	0	-1
0	0	-1
0	0	-1
0	0	-1
0	0	-1
0	0	-1
0	0	-1
0	0	-1
0	0	-1
0	0	-1
0	0	-1
0	0	-1
0	0	-1
0	0	-1
0	0	-1
0	0	-1
0	0	-1
0	0	-1
0	0	-1
0	0	-1
0	0	-1
0	0	-1
0	0	-1
0	0	-1
0	0	-1
0	0	-1
0	0	-1
0	0	-1
0	0	-1
0	0	-1
0	0	-1
0	0	-1
0	0	-1
0	0	-1
0	0	-1
0	0	-1
0	0	-1
0	0	-1
0	0	-1
0	0	-1
0	0	-1
0	0	-1
0	0	-1
0	0	-1
0	0	-1
0	0	-1
0	0	-1
0	0	-1
0	0	-1
0	0	-1
0	0	-1
0	0	-1
0	0	-1
0	0	-1
0	0	-1
0	0	-1
0	0	-1
0	0	-1
0	0	-1
0	0	-1
0	0	-1
0	0	-1
0	0	-1
0	0	-1
0	0	-1
0	0	-1
0	0	-1
0	0	-1
0	0	-1
0	0	-1
0	0	-1
0	0	-1
0	0	-1
0	0	-1
0	0	-1
0	0	-1
0	0	-1
0	0	-1
0	0	-1
0	0	-1
0	0	-1
0	0	-1
0	0	-1
0	0	-1
0	0	-1
0	0	-1
0	0	-1
0	0	-1
0	0	-1
0	0	-1
0	0	-1
0	0	-1
0	0	-1
0	0	-1
0	0	-1
0	0	-1
0	0	-1
0	0	-1
0	0	-1
0	0	-1
0	0	-1
0	0	-1
0	0	-1
0	0	-1
0	0	-1
0	0	-1
0	0	-1
0	0	-1
0	0	-1
0	0	-1
0	0	-1
0	0	-1
0	0	-1
0	0	-1
0	0	-1
0	0	-1
0	0	-1
0	0	-1
0	0	-1
0	0	-1
0	0	-1
0	0	-1
0	0	-1
0	0	-1
0	0	-1
0	0	-1
0	0	-1
0	0	-1
0	0	-1
0	0	-1
0	0	-1
0	0	-1
0	0	-1
0	0	-1
0	0	-1
0	0	-1
0	0	-1
0	0	-1
0	0	-1
0	0	-1
0	0	-1
0	0	-1
0	0	-1
0	0	-1
0	0	-1
0	0	-1
0	0	-1
0	0	-1
0	0	-1
0	0	-1
0	0	-1
0	0	-1
0	0	-1
0	0	-1
0	0	-1
0	0	-1
0	0	-1
0	0	-1
0	0	-1
0	0	-1
0	0	-1
0	0	-1
0	0	-1
0	0	-1
0	0	-1
0	0	-1
0	0	-1
0	0	-1
0	0	-1
0	0	-1
0	0	-1
0	0	-1
0	0	-1
0	0	-1
0	0	-1
0	0	-1
0	0	-1
0	0	-1
0	0	-1
0	0	-1
0	0	-1
0	0	-1
0	0	-1
0	0	-1
0	0	-1
0	0	-1
0	0	-1
0	0	-1
0	0	-1
0	0	-1
0	0	-1
0	0	-1
0	0	-1
0	0	-1
0	0	-1
0	0	-1
0	0	-1
0	0	-1
0	0	-1
0	0	-1
0	0	-1
0	0	-1
0	0	-1
0	0	-1
0	0	-1
0	0	-1
0	0	-1
0	0	-1
0	0	-1
0	0	-1
0	0	-1
0	0	-1
0	0	-1
0	0	-1
0	0	-1
0	0	-1
0	0	-1
0	0	-1
0	0	-1
0	0	-1
0	0	-1
0	0	-1
0	0	-1
0	0	-1
0	0	-1
0	0	-1
0	0	-1
0	0	-1
0	0	-1
0	0	-1
0	0	-1
0	0	-1
0	0	-1
0	0	-1
0	0	-1
0	0	-1
0	0	-1
0	0	-1
0	0	-1
0	0	-1
0	0	-1
0	0	-1
0	0	-1
0	0	-1
0	0	-1
0	0	-1
0	0	-1
0	0	-1
0	0	-1
0	0	-1
0	0	-1
0	0	-1
0	0	-1
0	0	-1
0	0	-1
0	0	-1
0	0	-1
0	0	-1
0	0	-1
0	0	-1
0	0	-1
0	0	-1
0	0	-1
0	0	-1
0	0	-1
0	0	-1
0	0	-1
0	0	-1
0	0	-1
0	0	-1
0	0	-1
0	0	-1
0	0	-1
0	0	-1
0	0	-1
0	0	-1
0	0	-1
0	0	-1
0	0	-1
0	0	-1
0	0	-1
0	0	-1
0	0	-1
0	0	-1
0	0	-1
0	0	-1
0	0	-1
0	0	-1
0	0	-1
0	0	-1
0	0	-1
0	0	-1
0	0	-1
0	0	-1
0	0	-1
0	0	-1
0	0	-1
0	0	-1
0	0	-1
0	0	-1
0	0	-1
0	0	-1
0	0	-1
0	0	-1
0	0	-1
0	0	-1
0	0	-1
0	0	-1
0	0	-1
0	0	-1
0	0	-1
0	0	-1
0	0	-1
0	0	-1
0	0	-1
0	0	-1
0	0	-1
0	0	-1
