0	0	0	0	1	108
0	1	0	0	-1	108
1	0	0	0	1	108
1	1	0	0	-1	108
2	0	0	0	1	108
2	1	0	0	-1	108
3	0	0	0	1	90
3	1	0	0	-1	90
4	0	0	0	1	108
4	1	0	0	-1	108
5	0	0	0	1	108
5	1	0	0	-1	108
6	0	0	0	1	90
6	1	0	0	-1	90
7	0	0	0	1	108
7	1	0	0	-1	108
8	0	0	0	1	108
8	1	0	0	-1	108
9	0	0	0	1	90
9	1	0	0	-1	90
10	0	0	0	1	108
10	1	0	0	-1	108
11	0	0	0	1	108
11	1	0	0	-1	108
12	0	0	0	1	90
12	1	0	0	-1	90
13	0	0	0	1	108
13	1	0	0	-1	108
14	0	0	0	1	108
14	1	0	0	-1	108
15	0	0	0	1	90
15	1	0	0	-1	90
16	0	0	0	1	108
16	1	0	0	-1	108
17	0	0	0	1	108
17	1	0	0	-1	108
18	0	0	0	1	90
18	1	0	0	-1	90
19	0	0	0	1	108
19	1	0	0	-1	108
20	0	0	0	1	108
20	1	0	0	-1	108
21	0	0	0	1	90
21	1	0	0	-1	90
22	0	0	0	1	108
22	1	0	0	-1	108
23	0	0	0	1	108
23	1	0	0	-1	108
24	0	0	0	1	90
24	1	0	0	-1	90
25	0	0	0	1	108
25	1	0	0	-1	108
26	0	0	0	1	108
26	1	0	0	-1	108
27	0	0	0	1	90
27	1	0	0	-1	90
28	0	0	0	1	108
28	1	0	0	-1	108
29	0	0	0	1	108
29	1	0	0	-1	108
30	0	0	0	1	90
30	1	0	0	-1	90
31	0	0	0	1	108
31	1	0	0	-1	108
32	0	0	0	1	108
32	1	0	0	-1	108
33	0	0	0	1	90
33	1	0	0	-1	90
34	0	0	0	1	108
34	1	0	0	-1	108
35	0	0	0	1	108
35	1	0	0	-1	108
36	0	0	0	1	90
36	1	0	0	-1	90
37	0	0	0	1	108
37	1	0	0	-1	108
38	0	0	0	1	108
38	1	0	0	-1	108
39	0	0	0	1	108
39	1	0	0	-1	108
40	0	0	0	1	90
40	1	0	0	-1	90
41	0	0	0	1	108
41	1	0	0	-1	108
42	0	0	0	1	108
42	1	0	0	-1	108
43	0	-5.37447e-08	-1.55267e-08	1	90
43	1	1.41054e-08	9.06197e-09	-1	90
44	0	-0.000354604	-3.40219e-06	1	108
44	1	0.000352599	1.30162e-06	-1	108
45	0	-0.00539742	7.15183e-05	0.99998	108
45	1	0.00538281	-6.55132e-05	-0.99998	108
46	0	-0.0327345	0.000422408	0.999369	90
46	1	0.032802	-0.000448162	-0.999366	90
47	0	-0.146698	0.00232602	0.987367	108
47	1	0.146678	-0.00231695	-0.98736	108
48	0	-0.485295	0.00765702	0.860577	108
48	1	0.485292	-0.00776201	-0.860567	108
49	0	-0.898506	0.0140564	0.390036	90
49	1	0.898503	-0.0140881	-0.39002	90
50	0	-0.892321	0.012645	-0.380954	108
50	1	0.892276	-0.0125861	0.380997	108
51	0	-0.448756	0.00434012	-0.88164	108
51	1	0.44895	-0.00434264	0.881558	108
52	0	-0.14435	0.000246896	-0.98831	90
52	1	0.144327	-0.000256893	0.988315	90
53	0	-0.0340432	-0.000221119	-0.999275	108
53	1	0.0339996	0.000239046	0.999277	108
54	0	-0.00460623	-3.27806e-05	-0.999985	108
54	1	0.00460088	3.25712e-05	0.999985	108
55	0	-0.000323981	-5.57547e-06	-1	90
55	1	0.000322925	7.51841e-06	1	90
56	0	-1.25511e-06	-4.20584e-08	-1	108
56	1	1.21226e-06	-9.58448e-08	1	108
57	0	0	0	-1	108
57	1	0	0	1	108
58	0	0	0	-1	90
58	1	0	0	1	90
59	0	0	0	-1	108
59	1	0	0	1	108
60	0	0	0	-1	108
60	1	0	0	1	108
61	0	0	0	-1	90
61	1	0	0	1	90
62	0	0	0	-1	108
62	1	0	0	1	108
63	0	0	0	-1	108
63	1	0	0	1	108
64	0	0	0	-1	90
64	1	0	0	1	90
65	0	0	0	-1	108
65	1	0	0	1	108
66	0	0	0	-1	108
66	1	0	0	1	108
67	0	0	0	-1	90
67	1	0	0	1	90
68	0	0	0	-1	108
68	1	0	0	1	108
69	0	0	0	-1	108
69	1	0	0	1	108
70	0	0	0	-1	90
70	1	0	0	1	90
71	0	0	0	-1	108
71	1	0	0	1	108
72	0	0	0	-1	108
72	1	0	0	1	108
73	0	0	0	-1	90
73	1	0	0	1	90
74	0	0	0	-1	108
74	1	0	0	1	108
75	0	0	0	-1	108
75	1	0	0	1	108
76	0	0	0	-1	108
76	1	0	0	1	108
77	0	0	0	-1	90
77	1	0	0	1	90
78	0	0	0	-1	108
78	1	0	0	1	108
79	0	0	0	-1	108
79	1	0	0	1	108
80	0	0	0	-1	90
80	1	0	0	1	90
81	0	0	0	-1	108
81	1	0	0	1	108
82	0	0	0	-1	108
82	1	0	0	1	108
83	0	0	0	-1	90
83	1	0	0	1	90
84	0	0	0	-1	108
84	1	0	0	1	108
85	0	0	0	-1	108
85	1	0	0	1	108
86	0	0	0	-1	90
86	1	0	0	1	90
87	0	0	0	-1	108
87	1	0	0	1	108
88	0	0	0	-1	108
88	1	0	0	1	108
89	0	0	0	-1	90
89	1	0	0	1	90
90	0	0	0	-1	108
90	1	0	0	1	108
91	0	0	0	-1	108
91	1	0	0	1	108
92	0	0	0	-1	90
92	1	0	0	1	90
93	0	0	0	-1	108
93	1	0	0	1	108
94	0	0	0	-1	108
94	1	0	0	1	108
95	0	0	0	-1	90
95	1	0	0	1	90
96	0	0	0	-1	108
96	1	0	0	1	108
97	0	0	0	-1	108
97	1	0	0	1	108
98	0	0	0	-1	90
98	1	0	0	1	90
99	0	0	0	-1	108
99	1	0	0	1	108
