0	0	-0.000249231	0.0108413	0.999941	108
1	0	-0.000281	0.0118431	0.99993	108
2	0	-0.000250956	0.0118574	0.99993	108
3	0	-0.000153257	0.0115826	0.999933	90
4	0	-0.000112458	0.0114556	0.999934	108
5	0	9.1172e-05	0.0115072	0.999934	108
6	0	0.000125932	0.0118046	0.99993	90
7	0	-4.37635e-05	0.0121286	0.999926	108
8	0	-0.000230705	0.0117733	0.999931	108
9	0	0.000165882	0.0117305	0.999931	90
10	0	4.66017e-05	0.0116516	0.999932	108
11	0	-4.1936e-05	0.0117328	0.999931	108
12	0	-6.25638e-05	0.0116257	0.999932	90
13	0	-7.53078e-06	0.0115219	0.999934	108
14	0	-5.6379e-05	0.0115537	0.999933	108
15	0	-0.000228832	0.0116002	0.999933	90
16	0	-0.000163168	0.0116975	0.999931	108
17	0	-0.000317825	0.01156	0.999933	108
18	0	-0.000222238	0.0114751	0.999934	90
19	0	-0.000240969	0.0115423	0.999933	108
20	0	9.43751e-05	0.0119288	0.999929	108
21	0	0.000611022	0.0140057	0.999901	90
22	0	-0.00307752	0.0266532	0.999599	108
23	0	-0.0468793	0.128764	0.987978	108
24	0	-0.227058	0.593993	0.714876	90
25	0	-0.242116	0.690149	-0.544055	108
26	0	-0.0297134	0.136986	-0.986765	108
27	0	0.00384473	0.0190396	-0.999766	90
28	0	0.00240059	0.00262052	-0.999992	108
29	0	0.000486002	0.000191246	-1	108
30	0	3.32625e-05	3.45667e-06	-1	90
31	0	0	0	-1	108
32	0	0	0	-1	108
33	0	0	0	-1	90
34	0	0	0	-1	108
35	0	0	0	-1	108
36	0	0	0	-1	90
37	0	0	0	-1	108
38	0	0	0	-1	108
39	0	0	0	-1	108
40	0	0	0	-1	90
41	0	0	0	-1	108
42	0	0	0	-1	108
43	0	0	0	-1	90
44	0	0	0	-1	108
45	0	0	0	-1	108
46	0	0	0	-1	90
47	0	0	0	-1	108
48	0	0	0	-1	108
49	0	0	0	-1	90
