0	0	-4.90766e-07	0.000156618	1	108
1	0	-3.17643e-06	0.000168968	1	108
2	0	3.74846e-07	0.000174665	1	108
3	0	-2.90277e-07	0.000177525	1	90
4	0	1.41086e-06	0.000176755	1	108
5	0	-2.57435e-06	0.000182118	1	108
6	0	-2.60034e-06	0.000175036	1	90
7	0	3.7826e-08	0.000171382	1	108
8	0	3.53131e-06	0.000169856	1	108
9	0	2.27584e-06	0.000171725	1	90
10	0	-3.15008e-06	0.000172404	1	108
11	0	-7.42637e-07	0.000175613	1	108
12	0	6.0072e-06	0.00016949	1	90
13	0	2.30584e-06	0.000172633	1	108
14	0	-1.49973e-06	0.000172843	1	108
15	0	-3.80887e-06	0.000171367	1	90
16	0	-3.51573e-06	0.000171915	1	108
17	0	-6.11648e-06	0.000177902	1	108
18	0	-7.97784e-06	0.00018954	1	90
19	0	-3.34429e-05	0.000267331	1	108
20	0	-0.000228853	0.000821288	1	108
21	0	-0.00127909	0.00372749	0.999991	90
22	0	-0.00763097	0.0212432	0.999677	108
23	0	-0.0498555	0.138176	0.986203	108
24	0	-0.22041	0.611304	0.703057	90
25	0	-0.251479	0.6979	-0.537137	108
26	0	-0.0546619	0.152026	-0.983283	108
27	0	-0.0093012	0.0261611	-0.999541	90
28	0	-0.00162529	0.00480191	-0.999984	108
29	0	-0.000170627	0.000683175	-1	108
30	0	7.24004e-06	7.94859e-05	-1	90
31	0	1.5715e-06	2.02651e-06	-1	108
32	0	0	0	-1	108
33	0	0	0	-1	90
34	0	0	0	-1	108
35	0	0	0	-1	108
36	0	0	0	-1	90
37	0	0	0	-1	108
38	0	0	0	-1	108
39	0	0	0	-1	108
40	0	0	0	-1	90
41	0	0	0	-1	108
42	0	0	0	-1	108
43	0	0	0	-1	90
44	0	0	0	-1	108
45	0	0	0	-1	108
46	0	0	0	-1	90
47	0	0	0	-1	108
48	0	0	0	-1	108
49	0	0	0	-1	90
