4104
6.92539e-05	0.0981708	0.99517
-1.86538e-05	0.0982588	0.995161
-1.75349e-05	0.0983013	0.995157
-4.76574e-05	0.0982812	0.995159
-2.17702e-05	0.0982607	0.995161
-3.67837e-05	0.0982788	0.995159
-2.40019e-05	0.0982961	0.995157
-6.49104e-06	0.098319	0.995155
-2.71572e-05	0.0983069	0.995156
-1.8843e-05	0.0983369	0.995153
-2.8354e-05	0.0982884	0.995158
-3.03228e-05	0.0983038	0.995156
9.19042e-06	0.0983324	0.995154
-3.5032e-05	0.0983175	0.995155
-4.39612e-05	0.0983078	0.995156
4.32177e-05	0.0982849	0.995158
2.15864e-05	0.0983706	0.99515
6.66262e-06	0.0983444	0.995152
1.06287e-05	0.0983094	0.995156
2.97458e-05	0.0982826	0.995159
3.31528e-05	0.0983226	0.995155
3.30669e-05	0.098277	0.995159
4.86306e-05	0.0983535	0.995152
7.65127e-06	0.0982616	0.995161
1.16793e-06	0.098278	0.995159
-1.94824e-05	0.0982929	0.995158
1.77493e-05	0.0983671	0.99515
2.11329e-05	0.0983005	0.995157
-3.72193e-05	0.0982673	0.99516
-1.4319e-05	0.0981453	0.995172
-1.04669e-05	0.0982713	0.99516
-3.85645e-05	0.098193	0.995167
-2.37285e-05	0.098295	0.995157
-3.97872e-05	0.0982795	0.995159
-3.1955e-05	0.0982991	0.995157
-3.91398e-05	0.098359	0.995151
-2.92761e-05	0.0982948	0.995157
-4.58868e-05	0.098286	0.995158
-3.4019e-05	0.0983187	0.995155
-6.50611e-05	0.0983347	0.995153
4.46581e-08	0.098322	0.995155
8.83563e-06	0.0983128	0.995156
-2.24043e-05	0.0983234	0.995155
-2.34464e-05	0.0983477	0.995152
-8.1886e-06	0.0983582	0.995151
-3.3308e-06	0.0983499	0.995152
5.54812e-06	0.098329	0.995154
-4.01094e-05	0.0983863	0.995148
-2.73206e-05	0.0982837	0.995158
-2.05706e-05	0.098292	0.995158
2.95236e-05	0.0982844	0.995158
-2.38184e-05	0.0982832	0.995158
1.01162e-06	0.0982967	0.995157
1.89109e-05	0.0982856	0.995158
-1.84835e-05	0.0982889	0.995158
1.17182e-05	0.0983038	0.995156
3.49575e-06	0.0982895	0.995158
-7.83682e-06	0.0982874	0.995158
2.40364e-05	0.0983086	0.995156
1.92862e-05	0.098286	0.995158
7.58636e-06	0.0983424	0.995153
9.19591e-06	0.098297	0.995157
-1.58389e-05	0.0983419	0.995153
2.36515e-05	0.0983076	0.995156
2.00336e-05	0.0983053	0.995156
-5.55614e-05	0.0983107	0.995156
2.29955e-05	0.0982757	0.995159
5.83964e-06	0.0983162	0.995155
4.33658e-06	0.098313	0.995156
1.01076e-05	0.0983216	0.995155
1.94266e-05	0.0982778	0.995159
2.66489e-05	0.0982644	0.99516
1.44498e-05	0.0982652	0.99516
1.30018e-05	0.0982622	0.995161
2.16834e-05	0.0982965	0.995157
-1.67566e-06	0.0982648	0.99516
-1.21084e-05	0.098302	0.995157
3.70612e-05	0.0983243	0.995154
9.2095e-06	0.0983835	0.995149
-2.81148e-05	0.0982782	0.995159
2.00373e-05	0.0982906	0.995158
-3.24733e-06	0.0983295	0.995154
-2.06769e-06	0.0982553	0.995161
-3.06354e-06	0.098284	0.995158
-7.45517e-06	0.0982093	0.995166
-1.28808e-05	0.0982051	0.995166
-5.39011e-05	0.0982519	0.995162
-5.73043e-05	0.0983444	0.995152
-2.80393e-05	0.0983044	0.995156
-2.09409e-05	0.0982935	0.995157
-1.21829e-05	0.0983106	0.995156
-2.89374e-05	0.0984175	0.995145
-1.88171e-05	0.0982973	0.995157
-1.83288e-05	0.0983015	0.995157
-2.89727e-05	0.0982729	0.99516
-5.70899e-06	0.098284	0.995158
5.87744e-06	0.0982973	0.995157
4.5456e-05	0.0983269	0.995154
-3.04764e-05	0.098313	0.995156
-5.65744e-06	0.0983019	0.995157
5.82867e-06	0.0983012	0.995157
1.60382e-05	0.0982961	0.995157
2.07896e-05	0.0983628	0.995151
1.46532e-05	0.0982757	0.995159
3.04903e-05	0.0983076	0.995156
-1.56394e-05	0.0982663	0.99516
2.05865e-05	0.0982568	0.995161
-2.53094e-06	0.0983262	0.995154
1.60716e-05	0.0982868	0.995158
-7.6281e-06	0.0983364	0.995153
2.40736e-05	0.0983301	0.995154
-4.97909e-06	0.0982341	0.995163
-6.08396e-06	0.0982883	0.995158
-6.49989e-06	0.0981773	0.995169
-1.71099e-05	0.0982253	0.995164
-5.83293e-05	0.0982069	0.995166
-2.77276e-05	0.0983342	0.995153
-6.26193e-06	0.0982785	0.995159
-6.85832e-05	0.0982995	0.995157
-3.55686e-05	0.098263	0.99516
-6.39105e-05	0.0982751	0.995159
-6.52194e-05	0.0982942	0.995157
-1.11275e-05	0.098314	0.995155
-3.46541e-05	0.098309	0.995156
-9.80759e-06	0.0982958	0.995157
-1.44948e-05	0.0982761	0.995159
1.85073e-05	0.0983378	0.995153
-6.11181e-06	0.0983371	0.995153
-2.94694e-05	0.0983561	0.995151
-2.63551e-05	0.0983138	0.995155
-1.93072e-05	0.0983489	0.995152
-4.88301e-05	0.0983127	0.995156
-1.42284e-05	0.0983054	0.995156
-2.86123e-05	0.0983923	0.995148
-3.88832e-05	0.0983063	0.995156
-2.19694e-05	0.098315	0.995155
-6.85002e-06	0.0983557	0.995151
-1.86485e-05	0.0982979	0.995157
-1.6645e-05	0.0982738	0.995159
-5.71322e-06	0.0982849	0.995158
6.90617e-06	0.0983274	0.995154
-1.03866e-05	0.0982619	0.995161
-5.25016e-06	0.0983167	0.995155
1.78885e-05	0.0982852	0.995158
2.73058e-05	0.0983859	0.995148
-2.45644e-05	0.0983114	0.995156
2.52319e-05	0.0983335	0.995154
3.64214e-07	0.0983279	0.995154
8.7777e-06	0.0983007	0.995157
-2.4989e-07	0.0982979	0.995157
1.49908e-05	0.0983118	0.995156
2.83124e-05	0.0982697	0.99516
1.90025e-05	0.0982881	0.995158
1.96612e-05	0.0983336	0.995154
4.56104e-05	0.0983349	0.995153
1.92847e-05	0.0983029	0.995157
1.26805e-05	0.0983212	0.995155
1.34773e-05	0.0983435	0.995153
-1.01885e-05	0.0983104	0.995156
3.58206e-05	0.0983065	0.995156
-1.27805e-05	0.098272	0.99516
-1.46426e-05	0.0982646	0.99516
1.10798e-06	0.0983031	0.995157
-1.19552e-05	0.098313	0.995156
-3.04313e-06	0.0983194	0.995155
-1.3139e-05	0.09834	0.995153
-3.15398e-05	0.0982675	0.99516
-2.18462e-05	0.0983342	0.995153
-5.73241e-06	0.0981717	0.995169
-3.20683e-05	0.0981581	0.995171
-1.03503e-05	0.0981673	0.99517
-8.92188e-06	0.098187	0.995168
-7.58171e-06	0.0982251	0.995164
-2.39206e-05	0.0982281	0.995164
-1.20422e-05	0.0982355	0.995163
2.30322e-05	0.0982097	0.995166
-4.29295e-05	0.0983085	0.995156
-4.13838e-05	0.0982697	0.99516
-8.2511e-05	0.0983318	0.995154
-1.78429e-05	0.0982496	0.995162
-6.74056e-05	0.0983613	0.995151
-1.04792e-05	0.0982812	0.995159
-4.05417e-05	0.0982627	0.995161
-5.2067e-05	0.0982843	0.995158
-6.80591e-05	0.098316	0.995155
-5.37721e-05	0.0982718	0.99516
-4.42721e-05	0.0982593	0.995161
-7.4116e-06	0.0982498	0.995162
-2.0287e-05	0.0982937	0.995157
1.11081e-05	0.0983489	0.995152
-2.87626e-05	0.0982739	0.995159
-1.2214e-05	0.0982962	0.995157
-2.79697e-05	0.0982858	0.995158
-2.52769e-05	0.0983108	0.995156
-1.06017e-05	0.0982884	0.995158
-6.74576e-06	0.0982789	0.995159
4.94482e-06	0.0983391	0.995153
1.07422e-05	0.0983205	0.995155
-2.65285e-05	0.098317	0.995155
-1.41011e-05	0.0983141	0.995155
-2.67837e-05	0.0983341	0.995153
-2.54489e-05	0.0983235	0.995155
-2.9971e-05	0.0983482	0.995152
-3.45112e-05	0.0983622	0.995151
-3.32883e-05	0.0983372	0.995153
-4.10243e-05	0.09831	0.995156
-0.000120743	0.0983616	0.995151
-4.63224e-05	0.0983102	0.995156
-3.12667e-05	0.0983184	0.995155
-3.32504e-05	0.0983066	0.995156
-1.96902e-05	0.0983285	0.995154
-2.55506e-05	0.0983551	0.995151
1.72622e-05	0.09832	0.995155
-1.66769e-05	0.0982683	0.99516
-2.47821e-05	0.0983095	0.995156
-3.67934e-05	0.0983308	0.995154
7.33604e-06	0.0983029	0.995157
7.28248e-06	0.0982821	0.995159
-4.54605e-05	0.0983179	0.995155
-4.52355e-05	0.0982903	0.995158
-1.5348e-05	0.0982869	0.995158
-2.33964e-05	0.0982836	0.995158
-1.26484e-05	0.0982741	0.995159
-4.5713e-06	0.0983014	0.995157
1.24644e-05	0.0982527	0.995161
-4.87167e-06	0.098275	0.995159
-1.01303e-06	0.0983094	0.995156
-2.00159e-05	0.0983191	0.995155
3.81377e-05	0.0982723	0.99516
2.93412e-05	0.0983096	0.995156
7.18209e-06	0.0983305	0.995154
2.22832e-05	0.0982667	0.99516
1.12016e-05	0.0983325	0.995154
2.15652e-06	0.0982782	0.995159
1.57845e-05	0.0983481	0.995152
2.36526e-05	0.0983427	0.995153
2.69257e-05	0.0983743	0.995149
4.10666e-05	0.0983892	0.995148
6.24544e-06	0.0983647	0.99515
1.2457e-05	0.0983129	0.995156
1.74326e-05	0.0983621	0.995151
1.01161e-05	0.0983136	0.995155
1.39087e-05	0.0982742	0.995159
1.55849e-05	0.0982985	0.995157
3.80347e-05	0.0982865	0.995158
1.84905e-05	0.0983017	0.995157
1.10736e-05	0.0982755	0.995159
3.24143e-05	0.098329	0.995154
-7.49927e-07	0.098274	0.995159
4.00781e-05	0.098272	0.99516
8.53195e-05	0.0983093	0.995156
1.0909e-05	0.0982653	0.99516
4.67574e-05	0.0983028	0.995157
-8.26961e-06	0.0982509	0.995162
1.08579e-05	0.0982943	0.995157
5.28812e-05	0.0982837	0.995158
-9.59102e-06	0.0983526	0.995152
5.61106e-06	0.0982809	0.995159
2.67772e-05	0.0983393	0.995153
-6.66068e-08	0.0982827	0.995159
-1.80172e-05	0.0983145	0.995155
5.49616e-05	0.0982843	0.995158
-1.56946e-05	0.0982862	0.995158
4.94243e-07	0.098264	0.99516
2.25469e-05	0.0983349	0.995153
-1.19935e-05	0.0983104	0.995156
1.59368e-05	0.0982994	0.995157
2.71236e-05	0.0982596	0.995161
-6.70463e-06	0.0982958	0.995157
-2.61291e-05	0.0983286	0.995154
-8.36008e-07	0.0983077	0.995156
4.33117e-06	0.0982945	0.995157
-2.00212e-07	0.0983069	0.995156
1.785e-05	0.0982634	0.99516
2.23542e-07	0.0983406	0.995153
3.99974e-05	0.0983095	0.995156
1.40327e-05	0.0982621	0.995161
-3.43216e-05	0.0982494	0.995162
5.31279e-06	0.0982812	0.995159
1.53308e-05	0.0982473	0.995162
-1.88467e-05	0.0981649	0.99517
2.35587e-06	0.0981664	0.99517
-1.09722e-05	0.0981706	0.99517
-2.00032e-06	0.0982209	0.995165
-1.86145e-05	0.0982285	0.995164
1.28201e-05	0.0982952	0.995157
-2.06398e-05	0.0983081	0.995156
-4.33109e-05	0.0982941	0.995157
-6.20874e-05	0.0982817	0.995159
-4.95916e-05	0.0983141	0.995155
-1.36406e-05	0.0982642	0.99516
-3.22386e-06	0.0982826	0.995159
1.04415e-05	0.0982804	0.995159
-2.08e-05	0.0982886	0.995158
-1.55548e-05	0.0982891	0.995158
2.29815e-05	0.0983108	0.995156
-2.3345e-05	0.0983329	0.995154
-8.62543e-05	0.0983231	0.995155
-3.47885e-05	0.0983712	0.99515
-4.40853e-05	0.0983368	0.995153
-2.36876e-05	0.0983302	0.995154
-1.75439e-05	0.0983305	0.995154
-6.80357e-06	0.0983149	0.995155
-1.42905e-05	0.0982768	0.995159
4.01323e-06	0.0982887	0.995158
-2.80309e-05	0.0983008	0.995157
-3.50778e-05	0.0983342	0.995153
-1.51074e-05	0.0982746	0.995159
2.10693e-05	0.0982702	0.99516
-9.48712e-06	0.0982664	0.99516
-1.66948e-05	0.0982702	0.99516
-7.6255e-06	0.098287	0.995158
7.95164e-07	0.0982959	0.995157
1.11095e-05	0.0982901	0.995158
-8.03701e-06	0.0982905	0.995158
8.18518e-06	0.0982983	0.995157
4.24453e-06	0.0982612	0.995161
7.84805e-06	0.0983044	0.995156
1.2958e-05	0.0983	0.995157
-6.0806e-06	0.0982749	0.995159
2.1098e-05	0.0983077	0.995156
1.64944e-05	0.0982863	0.995158
1.54551e-05	0.0983034	0.995156
1.33854e-05	0.0982756	0.995159
-2.33401e-06	0.0983172	0.995155
-5.99221e-06	0.0982667	0.99516
2.19102e-05	0.0983135	0.995155
-1.24379e-07	0.0982703	0.99516
8.19416e-06	0.0983083	0.995156
-6.66296e-06	0.0983116	0.995156
-1.83568e-05	0.0983123	0.995156
1.58164e-05	0.098313	0.995156
1.59804e-05	0.0983614	0.995151
-1.12658e-06	0.098283	0.995159
2.67253e-05	0.0982487	0.995162
2.59179e-05	0.0982364	0.995163
-1.09355e-05	0.0981693	0.99517
-5.33579e-06	0.0982112	0.995166
-1.17916e-05	0.0982514	0.995162
-1.82354e-05	0.0982633	0.99516
-2.35929e-05	0.098247	0.995162
-2.12544e-05	0.0982912	0.995158
-2.18136e-05	0.098288	0.995158
-6.41696e-06	0.0983233	0.995155
-6.42624e-05	0.0984244	0.995145
-3.98284e-05	0.0983531	0.995152
-7.17577e-06	0.0983684	0.99515
-2.11179e-05	0.0982823	0.995159
-8.77631e-06	0.0982645	0.99516
8.63393e-06	0.0983147	0.995155
-8.98866e-06	0.098247	0.995162
-6.38601e-06	0.0982809	0.995159
1.02018e-05	0.0983459	0.995152
-3.54702e-05	0.0983506	0.995152
2.44017e-05	0.0982725	0.99516
1.92318e-05	0.0983011	0.995157
4.43918e-05	0.0982954	0.995157
4.34206e-05	0.0983863	0.995148
6.31393e-06	0.0982876	0.995158
1.58822e-06	0.0982779	0.995159
-2.39359e-06	0.098296	0.995157
-6.36095e-07	0.0983086	0.995156
-2.08078e-05	0.0983154	0.995155
9.28967e-07	0.098273	0.995159
-2.01473e-05	0.0982035	0.995166
-1.6125e-05	0.0982211	0.995165
9.38749e-06	0.0981696	0.99517
1.1181e-05	0.0981953	0.995167
-2.1881e-05	0.0982293	0.995164
-3.23899e-05	0.0982605	0.995161
-5.41872e-05	0.0983199	0.995155
-2.20623e-05	0.0983333	0.995154
-2.85252e-05	0.0982586	0.995161
-3.37046e-05	0.0983416	0.995153
-3.06379e-05	0.0982718	0.99516
-1.10746e-05	0.0983187	0.995155
5.04108e-05	0.0982979	0.995157
-1.76149e-05	0.0983563	0.995151
7.15126e-06	0.0983515	0.995152
-1.72662e-05	0.0983255	0.995154
-3.31219e-05	0.0983261	0.995154
-7.05173e-05	0.0983483	0.995152
-4.27221e-05	0.0983546	0.995151
-4.55464e-05	0.0983916	0.995148
-1.47902e-05	0.0983214	0.995155
-2.75997e-06	0.098324	0.995154
-2.49795e-05	0.0983115	0.995156
-2.8308e-05	0.0983	0.995157
-2.89923e-05	0.0983158	0.995155
-2.16145e-05	0.0982772	0.995159
-4.50122e-05	0.0982833	0.995158
-1.53768e-05	0.0982915	0.995158
2.09017e-05	0.0982885	0.995158
-2.05832e-05	0.098322	0.995155
2.4698e-05	0.0982807	0.995159
2.40356e-05	0.0984106	0.995146
1.85376e-05	0.0983804	0.995149
5.39929e-05	0.0983195	0.995155
1.48448e-05	0.0983364	0.995153
2.47942e-05	0.0982861	0.995158
1.2693e-05	0.0982989	0.995157
-3.51986e-05	0.0983508	0.995152
1.48653e-06	0.0982719	0.99516
2.23597e-05	0.0982645	0.99516
-3.81193e-06	0.0983368	0.995153
1.8955e-05	0.0982864	0.995158
1.11231e-05	0.0983158	0.995155
1.27206e-05	0.098289	0.995158
1.45501e-05	0.0983335	0.995154
2.40968e-05	0.098262	0.995161
-5.98311e-06	0.0983173	0.995155
1.31404e-05	0.0982485	0.995162
3.45974e-06	0.0982981	0.995157
3.75671e-05	0.0983092	0.995156
1.50971e-05	0.0983141	0.995155
2.85146e-06	0.0983217	0.995155
-4.15243e-06	0.0984111	0.995146
7.04116e-07	0.0983007	0.995157
3.65595e-05	0.0984147	0.995145
-3.20815e-06	0.0982641	0.99516
6.20951e-06	0.0981391	0.995173
-1.08621e-05	0.0982139	0.995165
-1.97318e-05	0.0982808	0.995159
-1.85927e-06	0.0983204	0.995155
-4.31934e-05	0.0983165	0.995155
-5.86131e-05	0.0983023	0.995157
7.32818e-06	0.0982947	0.995157
-2.7858e-05	0.0983494	0.995152
-2.67887e-05	0.0982967	0.995157
-1.68381e-05	0.0982991	0.995157
-3.60401e-05	0.0983347	0.995153
1.5137e-06	0.0983	0.995157
-1.84646e-05	0.098309	0.995156
-3.07085e-05	0.0983107	0.995156
-1.35431e-05	0.0983136	0.995155
1.68854e-05	0.098273	0.995159
1.19382e-05	0.0983255	0.995154
8.52983e-06	0.0983232	0.995155
-5.46823e-06	0.0983021	0.995157
1.39971e-05	0.098307	0.995156
3.16523e-05	0.0982722	0.99516
2.35999e-05	0.0983199	0.995155
3.32545e-05	0.0982641	0.99516
-7.00794e-06	0.0982672	0.99516
1.17236e-05	0.0982817	0.995159
2.56448e-06	0.0982771	0.995159
2.50473e-06	0.0982799	0.995159
-1.78431e-05	0.0982503	0.995162
2.74702e-06	0.0982193	0.995165
2.22025e-05	0.0981901	0.995168
-2.59523e-06	0.0982132	0.995165
1.60254e-05	0.0982422	0.995163
-1.27204e-05	0.0982454	0.995162
-3.42233e-05	0.098273	0.995159
-4.32051e-06	0.0982379	0.995163
-3.22209e-05	0.0982497	0.995162
-5.28957e-05	0.0982932	0.995158
-3.50289e-05	0.0982716	0.99516
-7.54084e-06	0.0983641	0.99515
-2.27619e-05	0.098259	0.995161
-2.34877e-05	0.0982472	0.995162
-2.55475e-05	0.0982792	0.995159
-3.24569e-05	0.0982443	0.995162
-3.01047e-05	0.0982401	0.995163
-1.91517e-05	0.0983425	0.995153
-4.55358e-05	0.0982772	0.995159
-2.73896e-05	0.0982921	0.995158
-5.42219e-05	0.0982858	0.995158
4.4951e-06	0.0983091	0.995156
-1.80098e-05	0.0983464	0.995152
-1.44056e-05	0.0983221	0.995155
-4.14222e-05	0.09829	0.995158
-1.28397e-05	0.0983081	0.995156
-2.09368e-05	0.0983076	0.995156
-3.03478e-05	0.0982996	0.995157
4.01901e-07	0.0983499	0.995152
-2.834e-05	0.0983609	0.995151
-1.58459e-05	0.0983117	0.995156
-2.3663e-06	0.0983056	0.995156
-1.44712e-05	0.0982906	0.995158
-1.95835e-05	0.0983049	0.995156
-1.1248e-05	0.0982692	0.99516
-8.2814e-06	0.0982919	0.995158
-6.02663e-05	0.0982913	0.995158
3.73865e-05	0.0983256	0.995154
-1.84551e-06	0.0982979	0.995157
1.58375e-06	0.0983299	0.995154
-1.51722e-05	0.0983168	0.995155
-4.41774e-05	0.0983306	0.995154
-1.20327e-05	0.098284	0.995158
-1.1512e-05	0.0983367	0.995153
-1.59709e-05	0.0982983	0.995157
1.20573e-05	0.0982748	0.995159
1.56966e-05	0.0983047	0.995156
9.5529e-06	0.0982715	0.99516
9.00194e-06	0.0982623	0.995161
1.52803e-06	0.0982872	0.995158
1.97022e-05	0.0983554	0.995151
1.56877e-05	0.098317	0.995155
4.41223e-05	0.0983583	0.995151
1.09107e-05	0.0982924	0.995158
2.91955e-05	0.0983057	0.995156
-4.27052e-06	0.0983014	0.995157
1.91538e-05	0.0983236	0.995154
2.34396e-05	0.0982817	0.995159
1.86537e-05	0.0982981	0.995157
2.63668e-05	0.0982816	0.995159
2.42873e-05	0.0983013	0.995157
6.01533e-05	0.0982546	0.995161
1.31928e-05	0.0983241	0.995154
1.47942e-05	0.0983314	0.995154
3.36738e-05	0.0983084	0.995156
1.65129e-05	0.098293	0.995158
8.59907e-06	0.098312	0.995156
1.23632e-06	0.0983105	0.995156
1.08769e-05	0.0982749	0.995159
-2.65728e-06	0.0983393	0.995153
2.39309e-05	0.0983493	0.995152
8.16657e-06	0.0982864	0.995158
2.21487e-06	0.0983439	0.995152
-1.56656e-05	0.098282	0.995159
-4.13248e-05	0.0983242	0.995154
-4.48135e-05	0.0982825	0.995159
-2.87951e-05	0.0983176	0.995155
3.12246e-06	0.0983271	0.995154
1.73081e-05	0.0983629	0.995151
1.66748e-06	0.0983267	0.995154
1.56933e-05	0.0983139	0.995155
9.69212e-06	0.098289	0.995158
-7.44891e-06	0.0983215	0.995155
8.01886e-06	0.0982443	0.995162
1.64231e-05	0.0982796	0.995159
-1.33657e-06	0.098217	0.995165
-2.1177e-05	0.0982373	0.995163
8.99702e-06	0.0981673	0.99517
3.35462e-06	0.0981677	0.99517
-4.38951e-05	0.0982554	0.995161
-7.94754e-06	0.098236	0.995163
-4.84316e-05	0.0982645	0.99516
-3.25592e-05	0.0983149	0.995155
-1.99197e-05	0.0982888	0.995158
-3.90861e-05	0.0983036	0.995156
-2.09131e-05	0.0982643	0.99516
-3.83774e-05	0.0982469	0.995162
-3.9923e-05	0.0982898	0.995158
-4.51131e-05	0.0983441	0.995152
-5.1062e-05	0.0983288	0.995154
6.50294e-05	0.0983397	0.995153
-2.18242e-06	0.098352	0.995152
-2.36358e-05	0.0983183	0.995155
-3.41889e-05	0.0983529	0.995152
-2.02301e-05	0.0983092	0.995156
-4.34063e-06	0.0983274	0.995154
-4.77944e-07	0.0983494	0.995152
3.06553e-07	0.0983077	0.995156
-1.3489e-05	0.0982621	0.995161
-3.4544e-05	0.0982869	0.995158
-1.62733e-05	0.0982629	0.99516
-2.37878e-05	0.0982791	0.995159
2.31922e-06	0.0983199	0.995155
-1.89746e-05	0.0982995	0.995157
-5.55996e-05	0.0983263	0.995154
-1.66155e-05	0.0982886	0.995158
-5.65615e-05	0.0982959	0.995157
6.16017e-06	0.0982934	0.995157
3.81151e-05	0.0983521	0.995152
-1.17031e-05	0.0983424	0.995153
1.49783e-05	0.0983167	0.995155
6.14683e-06	0.0983187	0.995155
1.07533e-05	0.0983097	0.995156
9.54982e-06	0.0983251	0.995154
5.82737e-06	0.0983242	0.995154
4.31871e-05	0.0983089	0.995156
1.41314e-05	0.0982567	0.995161
2.4969e-05	0.0983345	0.995153
5.01302e-05	0.0982633	0.99516
2.52702e-05	0.0982722	0.99516
-6.85326e-06	0.098289	0.995158
1.04547e-05	0.0982899	0.995158
3.06637e-05	0.0982977	0.995157
8.44517e-06	0.0982658	0.99516
-2.94307e-05	0.0983122	0.995156
5.86178e-06	0.0982649	0.99516
1.88802e-05	0.0982533	0.995161
-7.91621e-06	0.0982699	0.99516
-8.30491e-07	0.098278	0.995159
-9.45802e-06	0.0983177	0.995155
-6.95963e-06	0.0983529	0.995152
1.44088e-05	0.0982787	0.995159
8.14852e-06	0.0982272	0.995164
1.16187e-05	0.0982143	0.995165
-2.38963e-05	0.09825	0.995162
3.87247e-05	0.0981576	0.995171
1.59856e-05	0.09822	0.995165
1.78985e-05	0.0981897	0.995168
2.30233e-05	0.0982064	0.995166
-2.45823e-05	0.0982252	0.995164
-6.38246e-06	0.0982035	0.995166
4.94448e-06	0.0982674	0.99516
-6.18817e-05	0.0982384	0.995163
-3.34993e-05	0.0982361	0.995163
-5.83717e-05	0.0983252	0.995154
-4.76836e-05	0.0982611	0.995161
-4.41268e-05	0.0982677	0.99516
-2.16246e-05	0.0982555	0.995161
-2.81341e-05	0.0982476	0.995162
-4.7733e-05	0.0982556	0.995161
-4.01148e-05	0.098269	0.99516
-2.69023e-05	0.0982554	0.995161
-9.63027e-06	0.0983047	0.995156
-1.59012e-05	0.0983303	0.995154
-1.25651e-05	0.0982774	0.995159
-1.68524e-05	0.0982574	0.995161
-1.93226e-05	0.0983501	0.995152
-1.94006e-05	0.0983296	0.995154
-2.05316e-05	0.0983226	0.995155
-1.4161e-05	0.0983087	0.995156
-8.55228e-06	0.098312	0.995156
-1.80346e-05	0.0982937	0.995157
-1.93937e-05	0.0983064	0.995156
-1.05949e-05	0.0982871	0.995158
-3.43631e-05	0.0983277	0.995154
-4.05583e-05	0.0983093	0.995156
-3.73441e-06	0.0982949	0.995157
-1.57122e-05	0.0983456	0.995152
-1.50803e-06	0.0982639	0.99516
1.44617e-05	0.0983087	0.995156
-2.31873e-06	0.098279	0.995159
-9.29332e-06	0.0982679	0.99516
4.62497e-06	0.0982981	0.995157
-3.97919e-06	0.0982834	0.995158
-5.22111e-05	0.098319	0.995155
-1.01751e-06	0.0983292	0.995154
-2.58842e-05	0.0983041	0.995156
-4.86602e-06	0.098262	0.995161
1.28637e-06	0.0982832	0.995158
2.62102e-06	0.0982525	0.995162
-1.53498e-05	0.0982519	0.995162
1.93986e-06	0.0982787	0.995159
5.40779e-06	0.098256	0.995161
1.01527e-06	0.0983714	0.99515
4.44177e-08	0.0983513	0.995152
3.02188e-05	0.0983201	0.995155
-5.00265e-06	0.0983366	0.995153
8.5277e-06	0.0982901	0.995158
6.82823e-06	0.0983228	0.995155
-3.65395e-06	0.0983168	0.995155
-4.98394e-06	0.0983389	0.995153
5.50607e-05	0.0982971	0.995157
1.81942e-05	0.0983009	0.995157
2.43918e-05	0.0982896	0.995158
8.70777e-06	0.0983016	0.995157
2.63803e-05	0.0982499	0.995162
1.97952e-05	0.0982763	0.995159
2.45943e-05	0.0982579	0.995161
2.9846e-05	0.0982617	0.995161
1.65399e-05	0.0983131	0.995156
1.84712e-05	0.0983095	0.995156
1.33828e-05	0.098303	0.995157
-4.50617e-06	0.0982715	0.99516
-2.58211e-06	0.0983175	0.995155
3.88056e-05	0.0983081	0.995156
1.47741e-05	0.0982839	0.995158
3.32727e-05	0.0983161	0.995155
1.14059e-05	0.0982501	0.995162
-1.51212e-06	0.098251	0.995162
3.67712e-07	0.0983194	0.995155
3.75434e-05	0.0982778	0.995159
3.52183e-05	0.0983285	0.995154
-3.32538e-06	0.098269	0.99516
2.45393e-05	0.0983173	0.995155
-3.10789e-06	0.0983317	0.995154
2.80305e-05	0.0983199	0.995155
6.17304e-06	0.0983099	0.995156
5.3565e-06	0.0982479	0.995162
1.58444e-05	0.0982971	0.995157
-1.6482e-05	0.0982085	0.995166
1.17883e-05	0.0982162	0.995165
-4.29842e-06	0.0981601	0.995171
-2.79511e-05	0.0981925	0.995167
-1.17076e-05	0.0982367	0.995163
-6.3151e-06	0.0982204	0.995165
-1.33948e-05	0.098247	0.995162
2.65376e-05	0.0982695	0.99516
-3.09778e-05	0.0982907	0.995158
-2.08283e-05	0.0982845	0.995158
-4.24999e-05	0.098264	0.99516
-4.36359e-05	0.0982543	0.995161
-4.19138e-05	0.0983469	0.995152
-7.23296e-06	0.0982918	0.995158
-7.67111e-06	0.0982698	0.99516
-4.62033e-05	0.0983229	0.995155
-2.54715e-05	0.098311	0.995156
-2.55512e-05	0.0983277	0.995154
-1.05617e-05	0.098349	0.995152
-8.6147e-05	0.0983581	0.995151
-4.43731e-05	0.0983493	0.995152
-3.57768e-05	0.0982867	0.995158
-2.17735e-05	0.0983489	0.995152
-1.66884e-05	0.0983102	0.995156
-1.03678e-05	0.0983412	0.995153
-4.6507e-05	0.098385	0.995148
-5.95797e-06	0.0983297	0.995154
-2.09644e-07	0.0982876	0.995158
-3.6005e-05	0.0982881	0.995158
2.15225e-05	0.098289	0.995158
-8.54123e-06	0.0982618	0.995161
-2.5853e-05	0.0982763	0.995159
1.3301e-05	0.0982701	0.99516
-9.14721e-06	0.098301	0.995157
2.44065e-05	0.0983029	0.995157
9.25705e-06	0.0983381	0.995153
2.83599e-05	0.0983361	0.995153
-2.07057e-05	0.0983411	0.995153
4.12213e-05	0.0982927	0.995158
-1.0122e-05	0.0983086	0.995156
-4.79233e-06	0.0982988	0.995157
2.05276e-05	0.0982555	0.995161
1.76458e-05	0.0982672	0.99516
2.29588e-05	0.0982979	0.995157
1.7489e-05	0.0983088	0.995156
5.09342e-05	0.0983322	0.995154
-2.77382e-07	0.0983527	0.995152
2.24822e-05	0.0983287	0.995154
1.06456e-05	0.0982876	0.995158
-1.25277e-06	0.0983324	0.995154
1.08968e-05	0.0983345	0.995153
-4.9426e-06	0.0982784	0.995159
-3.29148e-05	0.0983203	0.995155
1.7948e-05	0.0983305	0.995154
-1.20542e-06	0.0982895	0.995158
1.1171e-05	0.0982996	0.995157
-1.57727e-05	0.0983037	0.995156
-2.75727e-06	0.0983374	0.995153
1.19549e-06	0.0982623	0.995161
-3.85929e-05	0.0982263	0.995164
5.99089e-06	0.0982313	0.995164
-2.00108e-05	0.0982225	0.995164
-1.37465e-05	0.0981818	0.995168
-3.35533e-05	0.0981908	0.995168
-1.56796e-05	0.0982554	0.995161
-1.74713e-05	0.098182	0.995168
-2.98962e-05	0.0982632	0.99516
-1.79178e-07	0.0982659	0.99516
9.5259e-06	0.0983008	0.995157
-4.93081e-05	0.0983214	0.995155
-5.06094e-05	0.098308	0.995156
-4.84038e-05	0.0982974	0.995157
5.70623e-06	0.0982851	0.995158
-1.32849e-05	0.098277	0.995159
7.67509e-06	0.0982892	0.995158
-1.99163e-05	0.098288	0.995158
-7.4055e-05	0.0982954	0.995157
-8.2795e-06	0.0983046	0.995156
-2.44558e-05	0.0983287	0.995154
-3.39474e-05	0.0983854	0.995148
-2.71882e-05	0.098342	0.995153
-2.12678e-05	0.0983411	0.995153
-5.48743e-06	0.098326	0.995154
8.09666e-06	0.0983517	0.995152
2.53433e-06	0.0982972	0.995157
-1.50348e-05	0.098335	0.995153
-5.08647e-05	0.0983433	0.995153
-3.67024e-05	0.0983236	0.995154
3.4516e-06	0.0982544	0.995161
-2.56485e-05	0.0982772	0.995159
-2.34304e-05	0.0983253	0.995154
1.23581e-05	0.0982517	0.995162
2.3073e-06	0.0983097	0.995156
-1.25713e-05	0.0982843	0.995158
-4.13466e-06	0.0982992	0.995157
8.06215e-06	0.098282	0.995159
1.17237e-05	0.0983032	0.995157
-2.62805e-05	0.0983571	0.995151
-3.17124e-05	0.0982827	0.995159
2.63982e-05	0.098328	0.995154
1.652e-05	0.098305	0.995156
-2.20566e-06	0.0982802	0.995159
-2.03901e-06	0.0982963	0.995157
3.60548e-05	0.0983039	0.995156
2.85859e-05	0.0983175	0.995155
-2.95103e-05	0.0983965	0.995147
2.15052e-05	0.0982638	0.99516
-1.80834e-07	0.0983161	0.995155
2.66422e-05	0.098347	0.995152
3.02826e-06	0.0982749	0.995159
-5.61056e-05	0.0982809	0.995159
1.08054e-05	0.0983484	0.995152
2.43691e-06	0.0982917	0.995158
-3.90955e-05	0.0983736	0.99515
2.68664e-05	0.098265	0.99516
1.80064e-05	0.0982818	0.995159
6.77969e-06	0.0982436	0.995162
1.35419e-06	0.098255	0.995161
1.36086e-05	0.0981899	0.995168
1.40375e-05	0.0982781	0.995159
-4.70753e-06	0.0981816	0.995169
1.07808e-06	0.0981726	0.995169
6.30712e-07	0.0982069	0.995166
1.01135e-05	0.0982131	0.995165
-4.19803e-05	0.0982606	0.995161
1.80162e-05	0.0982017	0.995167
-1.484e-05	0.098265	0.99516
-1.14246e-05	0.0982686	0.99516
-1.87471e-05	0.0982459	0.995162
-3.35946e-05	0.0982581	0.995161
2.9265e-06	0.0982884	0.995158
-2.37404e-05	0.0983045	0.995156
-1.81276e-05	0.0983067	0.995156
-2.48525e-05	0.0982789	0.995159
-2.23166e-05	0.098249	0.995162
-3.14963e-05	0.0982649	0.99516
-4.40175e-05	0.09827	0.99516
-2.72633e-05	0.098263	0.99516
-7.61735e-06	0.0982674	0.99516
-2.58822e-05	0.0982658	0.99516
-4.49097e-05	0.0983023	0.995157
-1.2304e-05	0.098291	0.995158
-1.78973e-05	0.0983031	0.995157
-1.67824e-05	0.0983434	0.995153
-2.43609e-05	0.0983695	0.99515
-2.09702e-06	0.098311	0.995156
-1.44897e-05	0.0983768	0.995149
-2.26078e-05	0.0983014	0.995157
-3.75499e-05	0.0983396	0.995153
-4.65608e-06	0.0983483	0.995152
-2.04221e-05	0.0982932	0.995158
-2.18405e-05	0.0983401	0.995153
-1.98582e-06	0.0983237	0.995154
-1.52693e-05	0.0982884	0.995158
1.05047e-06	0.0983114	0.995156
-2.9529e-05	0.098273	0.995159
7.50785e-07	0.0983002	0.995157
-1.04122e-05	0.0983026	0.995157
1.27611e-06	0.0982902	0.995158
-1.43575e-05	0.098309	0.995156
-2.94177e-05	0.0983064	0.995156
-2.09838e-05	0.0982642	0.99516
1.95497e-05	0.0982421	0.995163
-2.25316e-05	0.0983236	0.995154
-2.88109e-05	0.098314	0.995155
-2.48873e-05	0.0983017	0.995157
-1.85005e-06	0.0982731	0.995159
-1.87447e-05	0.0982707	0.99516
-2.02549e-05	0.0982863	0.995158
2.85464e-05	0.0983351	0.995153
1.22236e-05	0.098353	0.995152
1.01648e-05	0.0983602	0.995151
3.55753e-05	0.0983539	0.995151
-1.14297e-05	0.098343	0.995153
1.78899e-05	0.0983686	0.99515
9.744e-06	0.0982708	0.99516
9.00089e-06	0.0983061	0.995156
3.66312e-05	0.0982775	0.995159
-1.83105e-05	0.0982746	0.995159
5.10381e-05	0.0982576	0.995161
3.10716e-05	0.0982969	0.995157
-9.17325e-07	0.0983278	0.995154
3.09335e-05	0.0982671	0.99516
3.65834e-05	0.098307	0.995156
1.8578e-05	0.0983027	0.995157
2.82332e-05	0.0983018	0.995157
2.4524e-06	0.0983507	0.995152
-1.89544e-06	0.098339	0.995153
8.49403e-06	0.0983214	0.995155
-5.12919e-06	0.0983082	0.995156
1.35599e-06	0.0982757	0.995159
5.89236e-06	0.0983106	0.995156
-1.39191e-05	0.0982941	0.995157
1.53106e-05	0.0983016	0.995157
6.66572e-06	0.098265	0.99516
-7.77121e-06	0.0982791	0.995159
-1.9306e-05	0.0983111	0.995156
-1.53047e-05	0.0982949	0.995157
-8.40469e-06	0.0982858	0.995158
-1.36259e-05	0.0983202	0.995155
1.80327e-05	0.0982902	0.995158
-1.778e-05	0.098262	0.995161
-3.99105e-06	0.0983002	0.995157
-8.68147e-07	0.0982708	0.99516
7.63905e-06	0.0982283	0.995164
1.31884e-05	0.0982332	0.995163
1.58327e-05	0.0982389	0.995163
2.26948e-05	0.0981719	0.995169
-8.20601e-06	0.0981923	0.995167
4.91316e-07	0.0981939	0.995167
-2.73237e-05	0.0983037	0.995156
-4.3355e-05	0.0982696	0.99516
-1.05068e-05	0.0983025	0.995157
-2.43807e-05	0.0983132	0.995156
-4.83251e-05	0.0982583	0.995161
-2.12995e-05	0.0982871	0.995158
-6.07904e-06	0.0983646	0.99515
-4.55141e-05	0.0983129	0.995156
-6.57033e-06	0.0983202	0.995155
-1.46491e-05	0.0983332	0.995154
-2.99288e-05	0.098356	0.995151
-1.1827e-05	0.09832	0.995155
-3.52833e-05	0.0983342	0.995153
-3.49553e-05	0.0983139	0.995155
-1.74674e-05	0.0983275	0.995154
-1.01595e-05	0.0983169	0.995155
-2.73563e-05	0.0982949	0.995157
6.22066e-06	0.0983288	0.995154
-4.07909e-05	0.0983087	0.995156
-1.4342e-05	0.0983351	0.995153
-3.94905e-05	0.0983301	0.995154
-1.61848e-05	0.0982966	0.995157
-3.17577e-05	0.098267	0.99516
-3.33399e-05	0.0982686	0.99516
-1.18831e-05	0.0982554	0.995161
-1.46168e-05	0.098254	0.995161
1.21772e-05	0.0983514	0.995152
6.22824e-06	0.0982774	0.995159
9.05651e-06	0.0983143	0.995155
-3.25387e-06	0.0983864	0.995148
4.22133e-06	0.0983365	0.995153
1.22015e-05	0.0982985	0.995157
-7.27863e-06	0.0983091	0.995156
4.08806e-06	0.0982867	0.995158
2.09845e-05	0.0982898	0.995158
2.75544e-05	0.0982789	0.995159
1.79319e-05	0.0983149	0.995155
4.37427e-05	0.0982532	0.995161
1.44584e-05	0.0982729	0.995159
6.75874e-05	0.0983134	0.995156
-3.43601e-07	0.0982618	0.995161
4.69381e-05	0.0982796	0.995159
4.03376e-05	0.0982581	0.995161
7.73045e-06	0.0982507	0.995162
1.10834e-05	0.09835	0.995152
4.64169e-05	0.098258	0.995161
3.28582e-06	0.0982887	0.995158
1.42688e-05	0.0982719	0.99516
4.32586e-06	0.0983398	0.995153
8.36027e-06	0.0983388	0.995153
-1.23769e-05	0.0982474	0.995162
-2.11214e-05	0.0983138	0.995155
3.85646e-06	0.0982655	0.99516
-2.07713e-05	0.0982542	0.995161
2.04508e-05	0.0982104	0.995166
-5.50966e-06	0.0981872	0.995168
1.0757e-06	0.0981597	0.995171
-2.66213e-05	0.0982606	0.995161
-2.38829e-05	0.0982716	0.99516
8.44986e-06	0.0982198	0.995165
2.02513e-05	0.098298	0.995157
-1.35024e-05	0.0982969	0.995157
-5.33881e-05	0.0982754	0.995159
-3.54383e-05	0.0982714	0.99516
-5.04554e-05	0.0982732	0.995159
-5.22101e-06	0.0982599	0.995161
-4.75165e-05	0.0982663	0.99516
-4.25492e-05	0.0982659	0.99516
-9.16337e-06	0.0983131	0.995156
-3.31105e-05	0.0983178	0.995155
-3.42572e-05	0.0982877	0.995158
-2.6686e-05	0.0982628	0.99516
-2.0623e-05	0.0982939	0.995157
-3.33251e-05	0.0982827	0.995159
-4.35665e-06	0.0982597	0.995161
1.11913e-05	0.0983027	0.995157
-2.48001e-05	0.0983603	0.995151
-5.11401e-05	0.0983037	0.995156
-3.31252e-05	0.0983004	0.995157
-2.7613e-05	0.0983012	0.995157
-3.1318e-05	0.0983257	0.995154
-3.28304e-05	0.0982919	0.995158
-3.66629e-06	0.098308	0.995156
2.17901e-06	0.0983097	0.995156
-2.94856e-05	0.0983331	0.995154
4.70444e-06	0.0982902	0.995158
1.36223e-05	0.0983188	0.995155
-7.82068e-06	0.0982936	0.995157
-5.01039e-06	0.0983532	0.995152
1.77319e-05	0.0983518	0.995152
3.25325e-07	0.0983333	0.995154
-4.14651e-05	0.0983351	0.995153
3.82222e-06	0.0982965	0.995157
1.03378e-05	0.0983025	0.995157
7.13202e-06	0.0982367	0.995163
3.77256e-05	0.0982964	0.995157
-2.16297e-05	0.0982738	0.995159
2.90345e-05	0.0982739	0.995159
-1.27947e-05	0.098274	0.995159
7.52343e-06	0.0982933	0.995157
4.73033e-07	0.0982899	0.995158
-8.04051e-07	0.098329	0.995154
6.53008e-06	0.0983795	0.995149
3.24064e-06	0.0983405	0.995153
-2.00666e-05	0.0983667	0.99515
6.02309e-06	0.098333	0.995154
3.25892e-05	0.0982953	0.995157
1.56519e-05	0.0983091	0.995156
3.10231e-05	0.098301	0.995157
8.50008e-08	0.0983211	0.995155
1.94478e-06	0.0983084	0.995156
1.53624e-05	0.0982936	0.995157
2.65158e-05	0.0982936	0.995157
1.68291e-05	0.0983191	0.995155
4.93759e-05	0.098399	0.995147
2.08249e-05	0.0983049	0.995156
4.22555e-06	0.0982575	0.995161
4.12224e-05	0.098294	0.995157
2.52889e-05	0.0982698	0.99516
5.51127e-06	0.0982751	0.995159
-3.96711e-06	0.0982831	0.995158
-1.03849e-05	0.0983057	0.995156
3.65457e-06	0.0982895	0.995158
-1.69789e-05	0.09825	0.995162
-7.4084e-06	0.0982447	0.995162
8.10617e-07	0.0982606	0.995161
-6.40436e-06	0.0982671	0.99516
1.36462e-05	0.0982459	0.995162
-8.4021e-06	0.0982323	0.995164
1.61988e-05	0.0983534	0.995152
-2.56853e-06	0.0983062	0.995156
5.70005e-06	0.0982705	0.99516
1.13615e-05	0.0982809	0.995159
2.04435e-06	0.0982722	0.99516
3.43925e-05	0.098323	0.995155
-3.16907e-06	0.0982396	0.995163
6.3298e-06	0.0982761	0.995159
-1.92893e-05	0.0982768	0.995159
-1.05995e-05	0.0982701	0.99516
9.09622e-06	0.0982313	0.995164
-3.58123e-05	0.0981329	0.995173
2.91387e-05	0.0981139	0.995175
-5.49504e-06	0.0980953	0.995177
2.62157e-05	0.0981413	0.995172
3.47785e-05	0.0981291	0.995174
1.92393e-05	0.0981558	0.995171
1.24086e-05	0.0981372	0.995173
-2.82237e-05	0.0981457	0.995172
-1.05165e-05	0.0981938	0.995167
2.99104e-06	0.098138	0.995173
-5.19571e-05	0.0981401	0.995173
-3.39849e-05	0.0981271	0.995174
-1.20585e-05	0.0982075	0.995166
4.89417e-06	0.0981509	0.995172
-2.96881e-05	0.0981466	0.995172
-1.8292e-06	0.0981348	0.995173
1.80554e-05	0.0981741	0.995169
1.86878e-05	0.0981788	0.995169
7.093e-05	0.0983147	0.995155
0.00024647	0.0986545	0.995122
0.000611896	0.0996811	0.995019
0.00202735	0.103508	0.994627
0.00477297	0.114074	0.993461
0.0137062	0.134894	0.990765
0.0441213	0.221531	0.974155
0.103998	0.3676	0.924151
0.167802	0.620782	0.765815
0.26556	0.871105	0.413102
-4.09658e-05	0.098111	0.995175
-2.14896e-05	0.098113	0.995175
-9.96424e-07	0.0980997	0.995177
-1.16228e-05	0.0981416	0.995172
-1.12442e-05	0.0981616	0.99517
1.30979e-05	0.0981185	0.995175
2.39974e-05	0.0981013	0.995176
1.0894e-05	0.098124	0.995174
2.69269e-05	0.0981216	0.995174
2.14878e-05	0.0981591	0.995171
1.49629e-05	0.0981415	0.995172
7.58982e-08	0.0981155	0.995175
1.26482e-05	0.0981342	0.995173
8.14606e-06	0.0981391	0.995173
-2.08061e-05	0.0981214	0.995174
-2.85859e-05	0.0981219	0.995174
-2.44993e-05	0.0981232	0.995174
-3.17634e-05	0.0981467	0.995172
-2.84891e-05	0.0981896	0.995168
-2.58166e-05	0.0981551	0.995171
-1.94267e-05	0.0981699	0.99517
-1.95554e-05	0.0981483	0.995172
-5.1202e-05	0.0982281	0.995164
-1.71506e-05	0.0981556	0.995171
-7.34227e-06	0.0981284	0.995174
-1.7886e-05	0.0981924	0.995167
-1.0076e-05	0.0981658	0.99517
3.0536e-06	0.0981397	0.995173
-4.22065e-06	0.0981153	0.995175
-2.74778e-05	0.0981261	0.995174
-5.76926e-06	0.098122	0.995174
-1.90793e-05	0.0981149	0.995175
5.62239e-05	0.0982361	0.995163
6.13884e-05	0.0981778	0.995169
3.91569e-05	0.0982233	0.995164
-3.846e-06	0.0982183	0.995165
8.60284e-05	0.0984229	0.995145
7.33526e-05	0.0983027	0.995157
0.000323429	0.0990993	0.995077
0.000188043	0.0986567	0.995122
0.00110676	0.100884	0.994898
0.000754785	0.099841	0.995003
0.00305037	0.106775	0.994279
0.00286235	0.10241	0.994738
0.00910587	0.124412	0.992189
0.00435346	0.113573	0.99352
0.0255097	0.16847	0.985377
0.015856	0.141341	0.989834
0.0612702	0.277157	0.958869
0.0454745	0.218716	0.974728
0.136308	0.479567	0.866854
0.102412	0.362033	0.926523
0.230673	0.758825	0.609076
0.181818	0.611097	0.770391
0.259916	0.87255	0.413643
-9.05243e-06	0.0981704	0.99517
2.6096e-06	0.0980969	0.995177
1.33168e-05	0.0981911	0.995168
3.23142e-05	0.0981394	0.995173
6.37268e-05	0.098174	0.995169
2.47436e-05	0.0981867	0.995168
-1.22005e-05	0.0981019	0.995176
-9.48504e-06	0.0981523	0.995171
-2.31038e-05	0.098163	0.99517
7.68277e-06	0.098163	0.99517
2.43184e-05	0.0981368	0.995173
-1.45081e-05	0.0981734	0.995169
2.49233e-05	0.0981818	0.995168
-8.546e-06	0.0981088	0.995176
-2.30894e-05	0.0981694	0.99517
-8.46953e-06	0.0981178	0.995175
-5.25916e-06	0.0981716	0.995169
1.27835e-05	0.0982581	0.995161
0.000131292	0.0984381	0.995143
0.000416799	0.0991683	0.995071
0.00118236	0.100882	0.994898
0.00333834	0.106793	0.994276
0.00950094	0.12381	0.99226
0.0274756	0.173783	0.984401
0.0687845	0.285813	0.955814
0.132799	0.471326	0.871904
0.228513	0.754527	0.6152
3.61759e-05	0.0981698	0.99517
-1.96e-05	0.0981518	0.995171
1.85696e-05	0.0981544	0.995171
5.47483e-06	0.0981183	0.995175
9.40181e-06	0.0981188	0.995175
5.0922e-06	0.0981078	0.995176
5.37748e-06	0.0981025	0.995176
1.39791e-05	0.0980925	0.995177
1.06452e-05	0.0981406	0.995173
3.37561e-05	0.0981354	0.995173
9.1915e-06	0.0981768	0.995169
5.26914e-05	0.0981435	0.995172
-2.38111e-05	0.0981556	0.995171
1.02008e-05	0.0981874	0.995168
-3.82599e-05	0.0981718	0.995169
-2.06534e-05	0.0981187	0.995175
-1.54241e-05	0.0981841	0.995168
6.03728e-06	0.098151	0.995172
-2.63959e-05	0.0981846	0.995168
-6.05803e-05	0.098171	0.99517
-1.97644e-05	0.0981484	0.995172
-4.32363e-05	0.0981551	0.995171
-3.53403e-05	0.0981395	0.995173
-1.66235e-05	0.098165	0.99517
-2.05588e-05	0.0981569	0.995171
3.34115e-06	0.0981503	0.995172
-3.6589e-06	0.0981125	0.995175
-5.18115e-06	0.0981453	0.995172
1.8828e-05	0.0981722	0.995169
3.30406e-06	0.0981562	0.995171
-5.97196e-07	0.0981917	0.995168
4.79536e-06	0.0981266	0.995174
2.92636e-05	0.0982436	0.995162
-2.36207e-07	0.0981451	0.995172
2.25773e-05	0.0982525	0.995162
3.89875e-05	0.0982009	0.995167
0.000133129	0.0984427	0.995143
4.21674e-05	0.0983211	0.995155
0.000398197	0.0991028	0.995077
0.000189777	0.0986613	0.995121
0.000979651	0.101243	0.994861
0.000534916	0.0997601	0.995011
0.00334402	0.107135	0.994239
0.00206505	0.103798	0.994596
0.00826662	0.124233	0.992219
0.00609284	0.114025	0.993459
0.0273738	0.175177	0.984156
0.0169477	0.143953	0.989439
0.0612093	0.268945	0.961209
0.0424876	0.216541	0.975348
0.134837	0.491823	0.860191
0.103352	0.378469	0.919826
0.218093	0.75683	0.616152
0.181362	0.626325	0.758172
0.266348	0.867976	0.419138
-1.04223e-05	0.0981473	0.995172
2.36796e-06	0.0981145	0.995175
1.24263e-06	0.0981039	0.995176
-1.23271e-05	0.0982182	0.995165
1.73074e-05	0.0981361	0.995173
-9.648e-06	0.0981332	0.995173
1.3611e-05	0.0981261	0.995174
3.19714e-05	0.0980905	0.995178
-5.48566e-05	0.0981401	0.995173
9.02147e-06	0.0981007	0.995176
-1.62431e-05	0.098085	0.995178
-1.53327e-05	0.0980841	0.995178
1.83448e-05	0.0981286	0.995174
7.85703e-06	0.0981494	0.995172
9.62949e-06	0.0981591	0.995171
-9.06287e-06	0.0981207	0.995175
2.90691e-05	0.0981149	0.995175
1.7055e-05	0.0980909	0.995177
4.9476e-05	0.0981445	0.995172
3.31405e-05	0.0980984	0.995177
1.73571e-05	0.0981106	0.995176
-1.27339e-05	0.0981773	0.995169
5.84816e-06	0.0981152	0.995175
3.07145e-05	0.0981049	0.995176
1.80457e-05	0.0981493	0.995172
2.84547e-06	0.0981835	0.995168
-2.18353e-06	0.098117	0.995175
-3.07253e-05	0.0981679	0.99517
-1.1135e-05	0.0981363	0.995173
-1.17959e-05	0.0981425	0.995172
-3.4427e-05	0.0982001	0.995167
-9.20053e-06	0.0981456	0.995172
-9.47368e-06	0.098132	0.995173
-1.3249e-05	0.098177	0.995169
-1.93081e-05	0.0981606	0.995171
6.56289e-06	0.0981233	0.995174
-1.86448e-06	0.0981606	0.995171
-3.43162e-05	0.0981574	0.995171
-4.8215e-05	0.0981932	0.995167
-2.84108e-05	0.0981253	0.995174
-1.1806e-05	0.0981301	0.995174
6.50922e-06	0.0981338	0.995173
-5.8277e-06	0.0981161	0.995175
-3.54282e-05	0.0981152	0.995175
-5.02557e-05	0.0981877	0.995168
-7.66635e-06	0.0981457	0.995172
-1.0066e-05	0.0981655	0.99517
1.42669e-05	0.09816	0.995171
-1.55025e-05	0.0981559	0.995171
-2.61852e-06	0.0981512	0.995172
-4.79201e-05	0.0981291	0.995174
-6.83159e-06	0.0981212	0.995174
3.57889e-06	0.0981451	0.995172
-3.50896e-05	0.0981258	0.995174
1.73608e-05	0.0981503	0.995172
6.41717e-06	0.0981643	0.99517
-1.22216e-05	0.098111	0.995175
-4.99962e-06	0.0981257	0.995174
-2.63764e-05	0.0981478	0.995172
1.6529e-05	0.0981377	0.995173
-9.29984e-06	0.0981382	0.995173
5.49043e-06	0.0981354	0.995173
1.85399e-05	0.0981354	0.995173
3.54152e-05	0.0981957	0.995167
1.24384e-05	0.0981736	0.995169
7.02259e-07	0.0981773	0.995169
1.01046e-05	0.0981642	0.99517
1.8047e-05	0.0981394	0.995173
1.29286e-05	0.0981766	0.995169
1.12007e-05	0.0982636	0.99516
2.40972e-05	0.0982437	0.995162
9.44335e-06	0.0981868	0.995168
5.96656e-05	0.0983151	0.995155
9.8421e-05	0.0984247	0.995144
0.00010703	0.0984494	0.995142
6.20701e-05	0.0983073	0.995156
0.000202287	0.0986798	0.995119
0.000358114	0.0991274	0.995075
0.00028416	0.099056	0.995082
0.000222562	0.0986648	0.995121
0.000682383	0.0998328	0.995004
0.00114385	0.100998	0.994886
0.00112711	0.100756	0.99491
0.000714849	0.0999873	0.994988
0.00216916	0.102896	0.99469
0.00316868	0.107797	0.994168
0.00335383	0.10767	0.994181
0.00171231	0.102977	0.994682
0.00504793	0.113146	0.993566
0.00895616	0.12528	0.992081
0.00901276	0.126138	0.991972
0.0060194	0.113931	0.99347
0.0127137	0.139376	0.990158
0.0254152	0.171191	0.98491
0.0239535	0.174501	0.984366
0.015682	0.145851	0.989182
0.0390684	0.210226	0.976872
0.0720056	0.288784	0.954683
0.0806012	0.275448	0.957931
0.0443548	0.217413	0.975071
0.0976193	0.351026	0.931263
0.132101	0.480993	0.866715
0.150607	0.4681	0.870747
0.102194	0.371928	0.922619
0.179609	0.616427	0.766654
0.23193	0.745602	0.624729
0.212623	0.747896	0.628842
0.179838	0.624025	0.760428
0.267422	0.870954	0.412219
0.258673	0.873837	0.411701
-6.46343e-06	0.0981454	0.995172
-2.47545e-05	0.0981183	0.995175
-9.35728e-06	0.0981077	0.995176
-6.97651e-08	0.0981121	0.995175
6.23126e-06	0.0981365	0.995173
-2.35251e-05	0.0981084	0.995176
-1.71761e-05	0.098121	0.995174
1.02641e-05	0.0981484	0.995172
1.60996e-05	0.0981249	0.995174
5.095e-05	0.0981296	0.995174
1.08972e-05	0.0981235	0.995174
9.99655e-07	0.0981064	0.995176
-1.00183e-06	0.0981231	0.995174
1.00722e-06	0.0981438	0.995172
1.66563e-05	0.0981708	0.99517
-8.19699e-06	0.0981205	0.995175
-1.82433e-05	0.0981134	0.995175
3.60247e-06	0.0981875	0.995168
-2.32533e-05	0.0981525	0.995171
-2.34454e-05	0.0981179	0.995175
-1.2736e-05	0.0981207	0.995175
-2.22188e-06	0.098146	0.995172
8.30579e-06	0.0981466	0.995172
2.02935e-05	0.0981481	0.995172
3.82885e-06	0.098168	0.99517
-3.37391e-06	0.0981453	0.995172
-3.17513e-05	0.0981571	0.995171
-1.85602e-05	0.0981443	0.995172
5.74889e-06	0.0981306	0.995174
8.44425e-06	0.0981307	0.995174
-1.30533e-05	0.098163	0.99517
2.04552e-05	0.0981801	0.995169
2.84882e-06	0.0981416	0.995172
-3.81208e-06	0.0981848	0.995168
-7.29932e-06	0.098278	0.995159
1.4242e-05	0.0982601	0.995161
7.15272e-05	0.0983104	0.995156
0.000104774	0.0984507	0.995142
0.000239301	0.0987308	0.995114
0.000486281	0.0991677	0.995071
0.000729355	0.0999904	0.994988
0.00125403	0.101363	0.994849
0.00263988	0.103328	0.994644
0.0034293	0.10739	0.994211
0.00569399	0.114016	0.993463
0.00987507	0.126173	0.991959
0.0138243	0.135762	0.990645
0.0249284	0.177682	0.983772
0.0473756	0.222659	0.973745
0.0741697	0.287414	0.95493
0.103667	0.372037	0.922411
0.149293	0.493329	0.856935
0.181071	0.624129	0.76005
0.219524	0.757775	0.614481
0.264279	0.872999	0.409914
-8.72819e-06	0.098132	0.995173
1.87764e-05	0.0981404	0.995173
1.17582e-05	0.0980841	0.995178
3.15511e-05	0.0981287	0.995174
4.65145e-05	0.098133	0.995173
2.71731e-05	0.0981186	0.995175
-6.98085e-07	0.0981209	0.995174
-4.30963e-06	0.0981807	0.995169
5.50854e-06	0.0981729	0.995169
-3.60677e-05	0.0981645	0.99517
-3.26072e-05	0.0981788	0.995169
-2.64599e-05	0.0981755	0.995169
-7.08735e-06	0.0981653	0.99517
4.66619e-06	0.0981896	0.995168
-8.75218e-06	0.0981401	0.995173
-1.97979e-05	0.098108	0.995176
1.30518e-05	0.0981636	0.99517
5.37237e-05	0.0982699	0.99516
0.000117999	0.0984497	0.995142
0.000324784	0.0990257	0.995085
0.00112784	0.101489	0.994836
0.00371791	0.107739	0.994172
0.0110237	0.125569	0.992024
0.0225061	0.168798	0.985394
0.07054	0.285966	0.95564
0.14193	0.489696	0.860264
0.229035	0.755622	0.61366
-1.97191e-05	0.098172	0.995169
1.30717e-05	0.098134	0.995173
2.12466e-06	0.0981652	0.99517
-8.53804e-06	0.0981073	0.995176
1.27909e-05	0.0981029	0.995176
-7.29736e-06	0.0981046	0.995176
1.76202e-05	0.0980973	0.995177
2.41967e-05	0.0981592	0.995171
2.65628e-05	0.0981265	0.995174
4.40642e-05	0.0981095	0.995176
5.10491e-05	0.0981231	0.995174
1.28754e-05	0.0981224	0.995174
1.31922e-05	0.0981762	0.995169
-3.66456e-05	0.0981406	0.995173
-1.24304e-05	0.0981243	0.995174
-5.06603e-05	0.0981094	0.995176
-1.68864e-05	0.0981275	0.995174
-7.48715e-06	0.0981022	0.995176
-9.64577e-06	0.0981068	0.995176
-3.89064e-05	0.0981058	0.995176
-6.78719e-06	0.0981418	0.995172
3.5144e-06	0.098143	0.995172
-2.25266e-05	0.098166	0.99517
-4.52245e-05	0.0981412	0.995172
-2.11753e-05	0.0981769	0.995169
-3.01251e-05	0.0981301	0.995174
-1.97732e-05	0.0981156	0.995175
1.02184e-05	0.0981265	0.995174
-1.22515e-05	0.0981449	0.995172
1.89989e-05	0.0981535	0.995171
-4.6918e-05	0.0981399	0.995173
8.50035e-06	0.0981435	0.995172
-9.76319e-06	0.098169	0.99517
9.06062e-06	0.0981445	0.995172
-4.95372e-06	0.0982025	0.995166
2.44868e-05	0.0982416	0.995163
6.2553e-05	0.0983024	0.995157
0.000117826	0.0984471	0.995142
0.00020936	0.0986496	0.995122
0.000420471	0.0990402	0.995083
0.000675202	0.0999744	0.99499
0.000832855	0.101046	0.994881
0.00141487	0.103133	0.994667
0.00380374	0.108469	0.994093
0.00595189	0.114548	0.9934
0.00978158	0.123981	0.992236
0.0171629	0.14327	0.989535
0.0259407	0.162713	0.986332
0.0383766	0.210813	0.976773
0.0673191	0.275561	0.958924
0.0961336	0.349201	0.932104
0.140501	0.489477	0.860623
0.183895	0.623226	0.760113
0.215397	0.762327	0.610296
0.265757	0.874229	0.406322
-1.02734e-05	0.0981704	0.99517
-5.74141e-06	0.0980969	0.995177
2.76225e-06	0.0980842	0.995178
6.08597e-05	0.0981412	0.995172
3.69049e-05	0.0981046	0.995176
1.04242e-05	0.0981031	0.995176
-1.93753e-06	0.0981037	0.995176
1.00553e-05	0.0981844	0.995168
-2.19665e-05	0.0981099	0.995176
-3.96838e-05	0.0982028	0.995166
-4.08931e-05	0.0981452	0.995172
-2.06225e-05	0.0981466	0.995172
-2.32275e-06	0.0981183	0.995175
1.5476e-05	0.0981467	0.995172
2.92951e-05	0.098118	0.995175
-1.79226e-06	0.0981605	0.995171
4.32033e-05	0.0982162	0.995165
-1.19844e-05	0.0982324	0.995164
6.48114e-05	0.0983209	0.995155
0.000196508	0.098684	0.995119
0.000787712	0.0999236	0.994995
0.00213999	0.103628	0.994614
0.00644573	0.115456	0.993292
0.0166275	0.147319	0.988949
0.0401586	0.211201	0.976617
0.102136	0.37853	0.919937
0.179512	0.62115	0.762855
0.259261	0.874182	0.410597
5.49525e-06	0.0981579	0.995171
-7.86216e-06	0.0981532	0.995171
-1.95042e-05	0.0981356	0.995173
-1.97499e-05	0.0981457	0.995172
-4.42162e-07	0.0981204	0.995175
-9.22142e-06	0.0980925	0.995177
6.27123e-06	0.0981089	0.995176
-2.2241e-05	0.0981456	0.995172
1.97821e-05	0.09812	0.995175
8.99139e-06	0.0981333	0.995173
6.89504e-06	0.098091	0.995177
2.3268e-06	0.0981025	0.995176
1.80501e-05	0.0981611	0.995171
-5.9031e-08	0.0981412	0.995173
-3.53941e-05	0.0981565	0.995171
2.08909e-05	0.0981137	0.995175
1.17301e-05	0.0981687	0.99517
4.19473e-05	0.0981499	0.995172
8.64514e-07	0.098171	0.99517
3.35147e-06	0.0981625	0.99517
4.41202e-06	0.0981173	0.995175
2.46211e-05	0.0981569	0.995171
-4.51254e-06	0.0981268	0.995174
-2.984e-06	0.0981704	0.99517
-9.11779e-06	0.0981387	0.995173
7.82061e-06	0.0981666	0.99517
-1.7474e-05	0.0981652	0.99517
-7.89725e-06	0.0981471	0.995172
-2.40161e-05	0.098218	0.995165
8.93647e-06	0.0981817	0.995169
-3.99844e-06	0.0982226	0.995164
-4.71025e-05	0.0981567	0.995171
-1.68264e-05	0.0981339	0.995173
-2.91425e-05	0.0981186	0.995175
-1.39249e-05	0.0981403	0.995173
-2.02074e-05	0.0981677	0.99517
-2.4053e-05	0.0981438	0.995172
-2.13124e-05	0.0981502	0.995172
-2.01117e-05	0.0981136	0.995175
2.03524e-05	0.0981289	0.995174
-1.23404e-05	0.0981444	0.995172
1.08487e-05	0.098145	0.995172
-1.5717e-05	0.0981757	0.995169
-1.56734e-05	0.0981877	0.995168
5.22638e-06	0.0981305	0.995174
-3.33528e-06	0.0981345	0.995173
7.85179e-06	0.0981276	0.995174
-1.90777e-06	0.0981174	0.995175
-3.62208e-06	0.0981973	0.995167
1.65706e-05	0.0981556	0.995171
-1.25451e-05	0.0981124	0.995175
1.71149e-05	0.0981825	0.995168
1.39074e-05	0.0982273	0.995164
3.87869e-06	0.098175	0.995169
3.51134e-05	0.0982189	0.995165
3.11621e-05	0.0982083	0.995166
6.68103e-05	0.0983137	0.995155
0.000119573	0.0984313	0.995144
0.000122199	0.0984357	0.995143
0.000260543	0.0986932	0.995118
0.000377833	0.0991372	0.995074
0.000416296	0.099129	0.995075
0.000556013	0.0998258	0.995005
0.00128943	0.101265	0.994859
0.00112859	0.100967	0.994889
0.0020598	0.101896	0.994793
0.00305423	0.108265	0.994117
0.0043485	0.107335	0.994213
0.00454266	0.113769	0.993497
0.0105037	0.125254	0.992069
0.00978741	0.124155	0.992215
0.0172796	0.142606	0.989629
0.0278937	0.173327	0.984469
0.0279362	0.177619	0.983703
0.0428239	0.223491	0.973765
0.0669052	0.289715	0.954772
0.0604956	0.280736	0.957876
0.0948422	0.370707	0.923895
0.137945	0.489469	0.861041
0.142398	0.483028	0.863948
0.197079	0.603911	0.772303
0.227967	0.757788	0.611382
0.224708	0.758921	0.611184
0.23752	0.873852	0.424225
0.289881	0.943154	0.162573
0.285309	0.944456	0.163101
4.6449e-06	0.0981554	0.995171
-1.63908e-05	0.0982106	0.995166
-3.44883e-06	0.0981369	0.995173
-1.74515e-05	0.098128	0.995174
-9.01862e-06	0.0980898	0.995178
1.12591e-06	0.0981395	0.995173
-2.38085e-05	0.0981478	0.995172
-1.58678e-05	0.0981499	0.995172
-8.76512e-06	0.098159	0.995171
4.63385e-05	0.0981198	0.995175
0.000117315	0.0981503	0.995172
7.5469e-05	0.09815	0.995172
-2.38867e-05	0.0981233	0.995174
-2.10635e-05	0.0981156	0.995175
3.11772e-06	0.0981395	0.995173
-2.0558e-06	0.0981216	0.995174
-2.0599e-05	0.0981115	0.995175
-3.42652e-05	0.0981195	0.995175
-8.27902e-06	0.098111	0.995175
-2.94127e-05	0.0980971	0.995177
-1.41409e-06	0.0981462	0.995172
-1.92036e-05	0.0981534	0.995171
-2.07303e-05	0.0981363	0.995173
1.51876e-05	0.0981411	0.995173
-3.37778e-05	0.0981178	0.995175
-4.32931e-06	0.0981796	0.995169
2.5056e-05	0.098181	0.995169
6.82463e-06	0.0981822	0.995168
1.37255e-05	0.0981553	0.995171
-9.09379e-07	0.0981436	0.995172
-9.71875e-06	0.0981278	0.995174
-6.98967e-05	0.0981632	0.99517
-1.47068e-05	0.0981079	0.995176
-5.0903e-06	0.0981271	0.995174
2.38623e-05	0.0981597	0.995171
6.86404e-06	0.0981899	0.995168
5.31515e-06	0.0982428	0.995162
2.78515e-05	0.0982168	0.995165
5.78706e-05	0.0982866	0.995158
9.84856e-05	0.0984242	0.995145
0.000170847	0.0986698	0.99512
0.00028091	0.0989334	0.995094
0.000496562	0.0998162	0.995006
0.00137127	0.101237	0.994861
0.00182094	0.103282	0.99465
0.00269384	0.106053	0.994357
0.00574702	0.111912	0.993701
0.00963422	0.125391	0.992061
0.016578	0.143413	0.989524
0.0256943	0.173122	0.984565
0.044051	0.210458	0.97661
0.0649286	0.269608	0.960779
0.0959969	0.373063	0.922827
0.135805	0.477442	0.868105
0.174098	0.614292	0.769633
0.218645	0.749955	0.624309
0.265903	0.873992	0.406735
0.289703	0.943773	0.159262
0.290327	0.943766	0.158163
-1.98856e-05	0.0981452	0.995172
-3.34669e-05	0.0981562	0.995171
-1.08564e-05	0.098134	0.995173
-1.70617e-05	0.098105	0.995176
-1.99819e-05	0.09815	0.995172
-5.83581e-06	0.0981237	0.995174
-2.42656e-06	0.0981329	0.995173
-1.27303e-05	0.0981054	0.995176
-6.2154e-07	0.0981238	0.995174
4.2281e-07	0.0981271	0.995174
1.2867e-06	0.0981191	0.995175
4.75901e-05	0.0981008	0.995176
6.06544e-06	0.0981119	0.995175
-7.83954e-06	0.098153	0.995171
1.26625e-05	0.0981568	0.995171
-5.01673e-06	0.0981353	0.995173
3.90217e-06	0.0981165	0.995175
1.51648e-05	0.0981209	0.995174
-5.6037e-06	0.0981596	0.995171
5.19067e-06	0.0981866	0.995168
8.69244e-07	0.0981077	0.995176
-2.92397e-05	0.0981128	0.995175
1.85031e-06	0.0981277	0.995174
-2.38678e-05	0.0981335	0.995173
-1.063e-05	0.0981282	0.995174
-2.95263e-05	0.0981266	0.995174
1.52382e-05	0.0981659	0.99517
-3.37454e-05	0.0981405	0.995173
-3.34215e-05	0.0981417	0.995172
-1.99659e-05	0.0981253	0.995174
-1.66928e-05	0.0981334	0.995173
-4.889e-06	0.0981603	0.995171
-2.43444e-06	0.0981318	0.995173
-9.32566e-06	0.0981889	0.995168
-1.53915e-05	0.0981564	0.995171
5.72843e-06	0.0981623	0.99517
-2.08541e-05	0.0981238	0.995174
-7.36151e-06	0.0981526	0.995171
-2.12818e-05	0.0982317	0.995164
2.03844e-05	0.0981415	0.995172
-9.11325e-06	0.0981409	0.995173
8.02747e-06	0.0981322	0.995173
1.1286e-05	0.0981874	0.995168
1.83925e-05	0.0981599	0.995171
3.83287e-07	0.0981254	0.995174
-7.38133e-06	0.0981183	0.995175
-1.93006e-05	0.0981238	0.995174
2.60159e-05	0.0981447	0.995172
3.27738e-06	0.0981155	0.995175
2.60535e-05	0.098218	0.995165
2.65506e-06	0.0981221	0.995174
-9.80998e-07	0.0981491	0.995172
1.77116e-05	0.098123	0.995174
3.28913e-06	0.0981849	0.995168
2.02575e-05	0.0982222	0.995165
-1.65637e-05	0.098186	0.995168
7.38817e-05	0.0982924	0.995158
0.00011663	0.0984344	0.995144
7.40894e-05	0.0983074	0.995156
0.000202247	0.0986527	0.995122
0.000436034	0.0990523	0.995082
0.000247546	0.0987137	0.995116
0.000706657	0.0998572	0.995002
0.00144111	0.101198	0.994865
0.000659276	0.0999341	0.994994
0.00238395	0.103137	0.994664
0.00352005	0.104963	0.99447
0.00233908	0.102658	0.994714
0.00542308	0.113047	0.993575
0.00918159	0.123126	0.992349
0.00611953	0.114607	0.993392
0.0103361	0.136873	0.990535
0.0255095	0.171194	0.984907
0.016699	0.14373	0.989476
0.0390269	0.210393	0.976838
0.0631788	0.285094	0.956415
0.0419939	0.224657	0.973533
0.102319	0.375842	0.921018
0.135788	0.489619	0.861298
0.100401	0.359884	0.927579
0.182718	0.621116	0.762121
0.222779	0.759894	0.61068
0.18535	0.624989	0.75831
0.264302	0.871787	0.412471
0.286164	0.944551	0.16104
0.290385	0.943405	0.160198
0.259188	0.871198	0.416935
-1.42845e-05	0.098161	0.995171
-4.16515e-05	0.0981925	0.995167
-1.65365e-05	0.098163	0.99517
-2.16408e-05	0.0982036	0.995166
-1.98643e-05	0.0981496	0.995172
-2.11898e-05	0.098128	0.995174
-1.0206e-05	0.0981039	0.995176
7.54419e-06	0.098106	0.995176
-2.35822e-05	0.0981116	0.995175
8.03964e-06	0.0981025	0.995176
-2.90283e-05	0.0981412	0.995172
2.11662e-05	0.0981212	0.995174
3.85125e-06	0.0981516	0.995171
-7.28909e-06	0.0981314	0.995173
5.10476e-06	0.0981241	0.995174
1.00102e-05	0.0981303	0.995174
-2.21985e-05	0.0981257	0.995174
-1.98998e-05	0.0981152	0.995175
-2.66762e-05	0.0981606	0.995171
-1.8289e-05	0.0981751	0.995169
-4.02396e-05	0.0981681	0.99517
-2.60428e-05	0.0981896	0.995168
-4.99701e-05	0.098159	0.995171
-3.54515e-06	0.0981634	0.99517
9.71978e-07	0.0981492	0.995172
7.12914e-07	0.0982083	0.995166
3.92194e-07	0.098177	0.995169
-8.57857e-06	0.0981286	0.995174
-3.57916e-06	0.0981289	0.995174
-2.72975e-05	0.0981461	0.995172
6.45675e-06	0.0981235	0.995174
-4.80575e-06	0.0981591	0.995171
1.66558e-05	0.0981454	0.995172
1.76124e-05	0.098153	0.995171
-2.03494e-05	0.0982644	0.99516
-1.25519e-05	0.0981928	0.995167
6.07922e-07	0.0981946	0.995167
3.59454e-05	0.0982405	0.995163
7.9953e-05	0.0982987	0.995157
0.000113685	0.0984426	0.995143
0.00019567	0.0986644	0.995121
0.000379383	0.0991296	0.995074
0.000690042	0.0996834	0.995019
0.00111016	0.101024	0.994883
0.00189776	0.103706	0.994606
0.00248734	0.107176	0.994237
0.0063529	0.113033	0.993571
0.00934315	0.126285	0.99195
0.0158322	0.143851	0.989473
0.024653	0.172613	0.984681
0.0456143	0.214897	0.975571
0.0730163	0.275511	0.958521
0.106528	0.37215	0.922039
0.137192	0.495666	0.857609
0.17644	0.618032	0.766097
0.218976	0.749299	0.62498
0.266712	0.86761	0.419663
0.29073	0.943127	0.161207
0.289771	0.943402	0.161322
9.74123e-07	0.0981601	0.995171
-5.82882e-06	0.0981721	0.995169
0.289231	0.944175	0.15773
0.288964	0.944042	0.15901
-3.0616e-05	0.0981934	0.995167
2.28431e-05	0.0981788	0.995169
-1.58353e-05	0.0981323	0.995173
-4.35886e-06	0.0981827	0.995168
-3.9512e-05	0.0981969	0.995167
-1.45985e-05	0.0981147	0.995175
5.16796e-06	0.0981048	0.995176
-3.06365e-05	0.098142	0.995172
-8.45152e-06	0.0981567	0.995171
5.68679e-05	0.0981481	0.995172
4.02913e-05	0.0981492	0.995172
2.92792e-05	0.098127	0.995174
-1.00627e-06	0.0981125	0.995175
3.15081e-06	0.0981289	0.995174
-7.49619e-06	0.0981142	0.995175
-7.24185e-06	0.098118	0.995175
-2.39483e-07	0.0981089	0.995176
3.19197e-06	0.0981024	0.995176
9.05981e-07	0.0981717	0.995169
2.92187e-06	0.0981336	0.995173
-6.71146e-06	0.0981449	0.995172
-1.6088e-05	0.0981737	0.995169
2.52658e-05	0.0981534	0.995171
-8.19661e-05	0.0981846	0.995168
-2.63058e-06	0.0981388	0.995173
-1.11619e-06	0.0981826	0.995168
8.1269e-06	0.0981917	0.995168
5.77719e-07	0.0981579	0.995171
-8.57546e-06	0.0981145	0.995175
-3.78859e-05	0.0981522	0.995171
1.01469e-05	0.0981643	0.99517
7.98074e-06	0.0981006	0.995177
-1.42688e-05	0.0981557	0.995171
-1.87204e-05	0.0981788	0.995169
7.0345e-06	0.0982638	0.99516
-5.09412e-06	0.0981886	0.995168
3.43764e-05	0.098239	0.995163
-1.97448e-05	0.0982141	0.995165
0.000119466	0.098449	0.995142
6.80076e-05	0.0983201	0.995155
0.000407379	0.0991622	0.995071
0.000249061	0.0987046	0.995117
0.0013295	0.101114	0.994874
0.000736258	0.0999567	0.994992
0.00270929	0.107491	0.994202
0.00167249	0.103416	0.994637
0.00940866	0.124986	0.992114
0.00619221	0.115129	0.993331
0.0236284	0.176936	0.983939
0.0161955	0.147082	0.988992
0.0688371	0.283342	0.956545
0.0349837	0.198578	0.97946
0.14935	0.483633	0.862435
0.103071	0.372263	0.922387
0.219507	0.759479	0.612379
0.172734	0.617163	0.767641
0.286351	0.944204	0.162733
0.287721	0.944082	0.161015
0.26211	0.873282	0.410703
-1.09959e-06	0.0981839	0.995168
2.29328e-05	0.0982028	0.995166
-9.03547e-06	0.098184	0.995168
-8.33077e-06	0.0981557	0.995171
2.82528e-05	0.0981431	0.995172
1.83523e-05	0.0981523	0.995171
1.88363e-05	0.0981138	0.995175
-1.53828e-06	0.0980893	0.995178
9.59756e-06	0.0981243	0.995174
7.38669e-06	0.0981171	0.995175
2.99144e-06	0.0981259	0.995174
1.75145e-05	0.0981435	0.995172
2.50824e-06	0.09815	0.995172
1.32515e-05	0.098182	0.995168
3.98469e-05	0.0981243	0.995174
2.46244e-05	0.0981586	0.995171
4.42744e-05	0.0981021	0.995176
2.39591e-05	0.098119	0.995175
-2.90444e-05	0.0981658	0.99517
2.51945e-05	0.0981032	0.995176
-1.13296e-05	0.0981986	0.995167
3.49501e-05	0.098122	0.995174
4.25115e-05	0.0981279	0.995174
-2.73651e-05	0.098129	0.995174
-1.41616e-05	0.0981286	0.995174
7.83374e-06	0.0981143	0.995175
1.53979e-05	0.098183	0.995168
-6.73811e-06	0.0981328	0.995173
9.75387e-06	0.0981756	0.995169
-1.19341e-05	0.0981644	0.99517
-1.50926e-05	0.098196	0.995167
-1.72191e-05	0.0981651	0.99517
-2.74027e-05	0.09814	0.995173
-9.84987e-06	0.0981655	0.99517
-9.67352e-06	0.0981281	0.995174
-3.30846e-05	0.0981396	0.995173
-2.74652e-05	0.0981752	0.995169
-7.59014e-06	0.0981821	0.995168
-1.52487e-05	0.0981389	0.995173
5.7454e-07	0.0981533	0.995171
9.68249e-06	0.0981379	0.995173
-2.95339e-05	0.0981728	0.995169
-1.82753e-06	0.0981396	0.995173
-4.66972e-06	0.0981527	0.995171
4.83607e-05	0.0981542	0.995171
-1.48544e-06	0.0981071	0.995176
4.81664e-06	0.0981121	0.995175
-4.96876e-06	0.0981018	0.995176
-3.70271e-05	0.0981165	0.995175
-1.54489e-05	0.0981476	0.995172
2.84517e-06	0.0982042	0.995166
-3.91538e-06	0.098157	0.995171
-9.96863e-06	0.098155	0.995171
-1.13772e-05	0.0982324	0.995163
3.15583e-05	0.0982663	0.99516
1.34172e-05	0.0982024	0.995166
7.20388e-05	0.09832	0.995155
0.00010425	0.0984381	0.995143
6.12082e-05	0.098306	0.995156
0.00022979	0.0986619	0.995121
0.000417794	0.0991097	0.995076
0.000208762	0.0986691	0.99512
0.000695831	0.0998548	0.995002
0.00125255	0.101175	0.994868
0.000615474	0.0999157	0.994996
0.00212154	0.104032	0.994572
0.00337151	0.107226	0.994229
0.00216014	0.104007	0.994574
0.00657068	0.114434	0.993409
0.00850198	0.127014	0.991864
0.00569146	0.114828	0.993369
0.0125319	0.140164	0.990049
0.0211081	0.166537	0.985809
0.0158182	0.143307	0.989552
0.0420521	0.210967	0.976588
0.06551	0.271336	0.960253
0.0312609	0.2099	0.977223
0.10139	0.369337	0.923748
0.129218	0.475125	0.870379
0.099588	0.375613	0.921411
0.17739	0.621524	0.763047
0.217481	0.748707	0.626211
0.18557	0.62353	0.759457
0.263184	0.872687	0.411279
0.290569	0.943124	0.161513
0.286535	0.944164	0.162641
0.262851	0.874492	0.407642
-1.43868e-05	0.0981618	0.99517
2.6501e-06	0.0981651	0.99517
-1.98264e-05	0.0981106	0.995176
-2.65215e-05	0.0981472	0.995172
-1.11686e-05	0.0981321	0.995173
4.84968e-06	0.0981488	0.995172
-1.14101e-05	0.0981163	0.995175
-1.61328e-05	0.0981471	0.995172
4.14287e-05	0.0981643	0.99517
1.43764e-05	0.0981149	0.995175
5.3366e-05	0.0981143	0.995175
8.07271e-05	0.098123	0.995174
3.08956e-05	0.0981348	0.995173
3.66965e-05	0.0980726	0.995179
-8.43278e-06	0.0980937	0.995177
-2.20319e-05	0.0981028	0.995176
-1.1977e-05	0.0981	0.995177
-2.348e-05	0.0981157	0.995175
-5.61852e-06	0.0980945	0.995177
-1.22312e-05	0.0981631	0.99517
2.13777e-05	0.098111	0.995175
-1.06338e-05	0.0981209	0.995175
1.25905e-05	0.0981132	0.995175
2.82634e-06	0.0981205	0.995175
-1.31964e-05	0.0981435	0.995172
-2.67072e-05	0.0981117	0.995175
-2.56214e-07	0.0981914	0.995168
-8.56064e-06	0.0981796	0.995169
8.50859e-06	0.0981352	0.995173
-8.81465e-06	0.0981209	0.995175
-1.00531e-05	0.0981197	0.995175
-3.04253e-06	0.0981178	0.995175
-9.05326e-06	0.0981212	0.995174
-7.198e-06	0.0981171	0.995175
-9.16045e-06	0.0982094	0.995166
-5.25871e-06	0.0981679	0.99517
2.04968e-05	0.0982167	0.995165
2.93557e-05	0.0982271	0.995164
9.87603e-05	0.0984417	0.995143
4.299e-05	0.0982966	0.995157
0.000316856	0.0990021	0.995087
0.000208969	0.0986754	0.99512
0.00110044	0.101102	0.994875
0.000833905	0.100011	0.994986
0.00328194	0.107514	0.994198
0.00201373	0.103592	0.994618
0.0120779	0.125686	0.991997
0.0065414	0.115402	0.993297
0.0260094	0.168571	0.985346
0.0152168	0.142659	0.989655
0.070618	0.279906	0.957427
0.0379892	0.214385	0.97601
0.139931	0.476525	0.867954
0.104856	0.358902	0.927467
0.233716	0.75401	0.613878
0.181664	0.624577	0.75954
0.289907	0.943768	0.15892
0.291388	0.94368	0.15672
0.264539	0.875837	0.403644
-1.13147e-05	0.0982011	0.995167
-9.85945e-06	0.0981617	0.99517
2.80223e-06	0.0981311	0.995173
-6.97723e-06	0.0981101	0.995176
2.1548e-05	0.0981539	0.995171
1.13141e-05	0.098093	0.995177
8.99336e-06	0.0981211	0.995174
-1.57663e-05	0.0980941	0.995177
4.07833e-05	0.0981435	0.995172
1.38104e-05	0.0981089	0.995176
2.59459e-05	0.0981421	0.995172
1.71131e-05	0.0981411	0.995173
1.87725e-05	0.0981044	0.995176
-1.96243e-06	0.0981603	0.995171
-6.19978e-06	0.0981632	0.99517
1.52362e-05	0.0981285	0.995174
1.31356e-05	0.0981833	0.995168
3.64633e-06	0.0981144	0.995175
1.30292e-05	0.0980878	0.995178
-8.60019e-06	0.0981921	0.995167
-4.366e-06	0.0981158	0.995175
1.34014e-06	0.0981543	0.995171
1.74968e-05	0.0981588	0.995171
-5.33373e-06	0.0981247	0.995174
-1.81623e-05	0.0981286	0.995174
-8.27065e-08	0.0981177	0.995175
-4.64576e-07	0.0981652	0.99517
-1.41317e-05	0.0981552	0.995171
-3.78614e-06	0.0981327	0.995173
-1.13761e-05	0.0981466	0.995172
-7.30641e-05	0.0981664	0.99517
1.00149e-05	0.0981808	0.995169
-5.34088e-05	0.09817	0.99517
-2.27942e-05	0.0981653	0.99517
-2.93778e-05	0.0981669	0.99517
6.14739e-06	0.0981372	0.995173
-2.59487e-05	0.0981349	0.995173
-8.77384e-06	0.0981678	0.99517
1.61485e-05	0.0981915	0.995168
-3.98958e-06	0.0981223	0.995174
1.18326e-05	0.0981326	0.995173
8.73402e-06	0.0981263	0.995174
1.05078e-05	0.0981056	0.995176
2.73447e-05	0.0982054	0.995166
-4.06146e-07	0.0981169	0.995175
2.04243e-05	0.0981127	0.995175
2.19624e-05	0.0981342	0.995173
1.59256e-05	0.0981656	0.99517
2.25593e-06	0.0981256	0.995174
-1.39864e-05	0.0981307	0.995174
2.32945e-06	0.0982293	0.995164
1.10878e-05	0.0981843	0.995168
-5.08486e-06	0.0981379	0.995173
1.623e-05	0.09824	0.995163
1.94547e-05	0.0982591	0.995161
-2.57362e-05	0.0982295	0.995164
0.000132111	0.0984553	0.995141
0.000102121	0.0984541	0.995142
6.36593e-05	0.0983029	0.995157
0.000346006	0.0990297	0.995084
0.000419824	0.0990836	0.995079
0.000250857	0.0986958	0.995118
0.00131551	0.101071	0.994878
0.00145391	0.101254	0.99486
0.000727436	0.0997492	0.995012
0.00344869	0.107101	0.994242
0.00384244	0.107344	0.994214
0.00239337	0.103518	0.994625
0.00865718	0.125419	0.992066
0.0102168	0.124871	0.99212
0.0044628	0.112988	0.993586
0.0251601	0.172281	0.984726
0.024028	0.173915	0.984467
0.0137531	0.145882	0.989206
0.0701874	0.283969	0.956261
0.0654437	0.275358	0.959112
0.0377863	0.210161	0.976936
0.126465	0.473955	0.87142
0.139956	0.473513	0.869596
0.103963	0.366234	0.924697
0.206141	0.752839	0.625092
0.218714	0.757039	0.615676
0.179001	0.621383	0.762786
0.287979	0.944056	0.160707
0.289769	0.943528	0.160592
0.260157	0.870203	0.418408
0.249818	0.773994	-0.581828
0.162727	0.484524	-0.85951
0.0931392	0.254351	-0.962617
0.0427668	0.111033	-0.992896
0.0168006	0.0447311	-0.998858
0.00538655	0.0145672	-0.999879
0.00191218	0.00448768	-0.999988
0.000329981	0.00125345	-0.999999
0.000112813	0.000241301	-1
9.97409e-06	3.20788e-05	-1
0	0	-1
0	0	-1
0	0	-1
0	0	-1
0	0	-1
0	0	-1
0	0	-1
0	0	-1
0	0	-1
0	0	-1
0	0	-1
0	0	-1
0	0	-1
0	0	-1
0	0	-1
0	0	-1
0	0	-1
0.280977	0.888755	-0.362168
0.217832	0.630019	-0.745403
0.252137	0.786043	-0.564414
0.128923	0.362682	-0.922952
0.154002	0.478236	-0.864624
0.0506905	0.173475	-0.983533
0.0875398	0.246405	-0.965205
0.0200957	0.0657992	-0.997631
0.0419678	0.107357	-0.993334
0.00685827	0.0236281	-0.999697
0.017566	0.0460835	-0.998783
0.00321292	0.00833548	-0.99996
0.00574164	0.0130383	-0.999899
0.000663395	0.00210167	-0.999998
0.00142291	0.00459986	-0.999988
0.000253403	0.000719864	-1
0.000511967	0.00156662	-0.999999
2.39902e-05	0.000140607	-1
7.54571e-05	0.000259451	-1
0	0	-1
1.16974e-05	2.78462e-05	-1
0	0	-1
0	0	-1
0	0	-1
0	0	-1
0	0	-1
0	0	-1
0	0	-1
0	0	-1
0	0	-1
0	0	-1
0	0	-1
0	0	-1
0	0	-1
0	0	-1
0	0	-1
0	0	-1
0	0	-1
0	0	-1
0	0	-1
0	0	-1
0	0	-1
0	0	-1
0	0	-1
0	0	-1
0	0	-1
0	0	-1
0	0	-1
0	0	-1
0	0	-1
0	0	-1
0	0	-1
0	0	-1
0	0	-1
0	0	-1
0.271412	0.888429	-0.370176
0.218161	0.633002	-0.742775
0.124486	0.361261	-0.924118
0.0581252	0.16356	-0.98482
0.0251009	0.0618097	-0.997772
0.011044	0.0270219	-0.999574
0.00164178	0.00880581	-0.99996
0.000854731	0.00238736	-0.999997
0.000244581	0.000706359	-1
2.5435e-05	0.000128797	-1
0	0	-1
0	0	-1
0	0	-1
0	0	-1
0	0	-1
0	0	-1
0	0	-1
0	0	-1
0	0	-1
0	0	-1
0	0	-1
0	0	-1
0	0	-1
0	0	-1
0	0	-1
0	0	-1
0	0	-1
0	0	-1
0.278377	0.891795	-0.356663
0.212195	0.643871	-0.735122
0.249384	0.782409	-0.570652
0.121773	0.357045	-0.926116
0.168493	0.484813	-0.858235
0.0539516	0.16308	-0.985137
0.0789699	0.241153	-0.967269
0.0242994	0.0670552	-0.997453
0.0408431	0.109791	-0.993115
0.00815331	0.0246889	-0.999662
0.014973	0.0438419	-0.998926
0.00271744	0.00858752	-0.999959
0.00460818	0.0150378	-0.999876
0.000779955	0.00224694	-0.999997
0.00194201	0.00471308	-0.999987
0.00025346	0.000679335	-1
0.000440436	0.00127893	-0.999999
8.97535e-05	0.000111732	-1
0.000112542	0.000270848	-1
0	0	-1
2.90315e-07	1.88185e-05	-1
0	0	-1
0	0	-1
0	0	-1
0	0	-1
0	0	-1
0	0	-1
0	0	-1
0	0	-1
0	0	-1
0	0	-1
0	0	-1
0	0	-1
0	0	-1
0	0	-1
0	0	-1
0	0	-1
0	0	-1
0	0	-1
0	0	-1
0	0	-1
0	0	-1
0	0	-1
0	0	-1
0	0	-1
0	0	-1
0	0	-1
0	0	-1
0	0	-1
0	0	-1
0	0	-1
0	0	-1
0	0	-1
0	0	-1
0	0	-1
0.281524	0.887459	-0.364911
0.281938	0.889159	-0.360428
0.244818	0.786499	-0.566995
0.203375	0.636744	-0.743771
0.197778	0.641613	-0.741092
0.244674	0.780396	-0.575427
0.166694	0.479776	-0.86141
0.120514	0.358526	-0.925708
0.119479	0.366235	-0.92282
0.161726	0.491357	-0.855811
0.0890516	0.251881	-0.963652
0.0618731	0.166128	-0.984161
0.0576419	0.159949	-0.985441
0.0742663	0.250367	-0.965298
0.0460436	0.112349	-0.992601
0.026132	0.067328	-0.997389
0.0271627	0.0709539	-0.99711
0.042092	0.103875	-0.993699
0.0143638	0.042935	-0.998975
0.00841243	0.0234211	-0.99969
0.00912428	0.0265775	-0.999605
0.0181228	0.0439435	-0.99887
0.00375164	0.0149803	-0.999881
0.00283991	0.00899894	-0.999955
0.00305889	0.00663947	-0.999973
0.00502354	0.0150266	-0.999874
0.00168226	0.00450606	-0.999988
0.00109244	0.0023782	-0.999997
0.000811781	0.0024258	-0.999997
0.00190416	0.00480199	-0.999987
0.000494926	0.00118802	-0.999999
0.000306873	0.000688548	-1
0.000157297	0.000613822	-1
0.000652797	0.00137217	-0.999999
0.000155689	0.000333669	-1
3.54602e-05	8.81884e-05	-1
5.73815e-05	0.000133362	-1
7.60464e-05	0.00025164	-1
1.23835e-07	5.20816e-05	-1
0	0	-1
6.77331e-06	6.51357e-06	-1
1.40398e-05	3.82409e-05	-1
0	0	-1
0	0	-1
0	0	-1
0	0	-1
0	0	-1
0	0	-1
0	0	-1
0	0	-1
0	0	-1
0	0	-1
0	0	-1
0	0	-1
0	0	-1
0	0	-1
0	0	-1
0	0	-1
0	0	-1
0	0	-1
0	0	-1
0	0	-1
0	0	-1
0	0	-1
0	0	-1
0	0	-1
0	0	-1
0	0	-1
0	0	-1
0	0	-1
0	0	-1
0	0	-1
0	0	-1
0	0	-1
0	0	-1
0	0	-1
0	0	-1
0	0	-1
0	0	-1
0	0	-1
0	0	-1
0	0	-1
0	0	-1
0	0	-1
0	0	-1
0	0	-1
0	0	-1
0	0	-1
0	0	-1
0	0	-1
0	0	-1
0	0	-1
0	0	-1
0	0	-1
0	0	-1
0	0	-1
0	0	-1
0	0	-1
0	0	-1
0	0	-1
0	0	-1
0	0	-1
0	0	-1
0	0	-1
0	0	-1
0	0	-1
0	0	-1
0	0	-1
0	0	-1
0	0	-1
0.273343	0.888659	-0.368197
0.242472	0.772917	-0.58635
0.203439	0.628478	-0.750752
0.160688	0.482072	-0.86127
0.111022	0.361602	-0.925699
0.0696831	0.246722	-0.966578
0.05171	0.167068	-0.984588
0.0411295	0.094603	-0.994665
0.0252347	0.0625053	-0.997726
0.0166934	0.0432195	-0.998926
0.0102622	0.0258439	-0.999613
0.00500436	0.0160211	-0.999859
0.00365373	0.00751105	-0.999965
0.00151543	0.00362009	-0.999992
0.00105398	0.0026239	-0.999996
0.00064147	0.00137652	-0.999999
0.000225863	0.000561358	-1
7.80754e-05	0.000299504	-1
4.98155e-05	0.000144908	-1
2.06064e-05	2.34899e-05	-1
0	0	-1
0	0	-1
0	0	-1
0	0	-1
0	0	-1
0	0	-1
0	0	-1
0	0	-1
0	0	-1
0	0	-1
0	0	-1
0	0	-1
0	0	-1
0	0	-1
0	0	-1
0	0	-1
0	0	-1
0	0	-1
0	0	-1
0	0	-1
0	0	-1
0	0	-1
0	0	-1
0	0	-1
0	0	-1
0	0	-1
0	0	-1
0	0	-1
0	0	-1
0	0	-1
0	0	-1
0	0	-1
0	0	-1
0	0	-1
0	0	-1
0.279806	0.888008	-0.364898
0.188718	0.632646	-0.751095
0.131956	0.346601	-0.928685
0.0556969	0.16033	-0.985491
0.0281135	0.0715777	-0.997039
0.00848965	0.0271894	-0.999594
0.00253743	0.00753213	-0.999968
0.000738606	0.00253702	-0.999997
0.000154972	0.000561042	-1
3.64864e-05	9.63461e-05	-1
0	0	-1
0	0	-1
0	0	-1
0	0	-1
0	0	-1
0	0	-1
0	0	-1
0	0	-1
0	0	-1
0	0	-1
0	0	-1
0	0	-1
0	0	-1
0	0	-1
0	0	-1
0	0	-1
0	0	-1
0	0	-1
0.276301	0.887767	-0.368142
0.241726	0.774898	-0.584039
0.201163	0.642759	-0.739185
0.148185	0.49937	-0.853622
0.124344	0.375025	-0.918638
0.0924524	0.255511	-0.962375
0.060977	0.166997	-0.98407
0.0436629	0.101677	-0.993859
0.0284772	0.0716822	-0.997021
0.0172544	0.0433482	-0.998911
0.0108915	0.0252231	-0.999623
0.00578486	0.0161072	-0.999854
0.00295458	0.00724461	-0.999969
0.00144867	0.004267	-0.99999
0.00113775	0.00273779	-0.999996
0.000256763	0.00110169	-0.999999
0.000236328	0.000603799	-1
8.40542e-05	0.000234246	-1
5.67366e-05	0.000104477	-1
3.7431e-06	3.39642e-05	-1
0	0	-1
0	0	-1
0	0	-1
0	0	-1
0	0	-1
0	0	-1
0	0	-1
0	0	-1
0	0	-1
0	0	-1
0	0	-1
0	0	-1
0	0	-1
0	0	-1
0	0	-1
0	0	-1
0	0	-1
0	0	-1
0	0	-1
0	0	-1
0	0	-1
0	0	-1
0	0	-1
0	0	-1
0	0	-1
0	0	-1
0	0	-1
0	0	-1
0	0	-1
0	0	-1
0	0	-1
0	0	-1
0	0	-1
0	0	-1
0	0	-1
0.248675	0.781186	-0.572633
0.155954	0.489719	-0.857819
0.0824812	0.255452	-0.963297
0.0418869	0.106912	-0.993386
0.0160222	0.038976	-0.999112
0.00508703	0.0132631	-0.999899
0.00138801	0.0048377	-0.999987
0.000500402	0.00124319	-0.999999
9.71944e-05	0.000266081	-1
-1.69567e-05	1.46828e-05	-1
0	0	-1
0	0	-1
0	0	-1
0	0	-1
0	0	-1
0	0	-1
0	0	-1
0	0	-1
0	0	-1
0	0	-1
0	0	-1
0	0	-1
0	0	-1
0	0	-1
0	0	-1
0	0	-1
0	0	-1
0.295924	0.949197	-0.107025
0.279715	0.886285	-0.369132
0.280847	0.888844	-0.362053
0.298389	0.948604	-0.105428
0.250956	0.770819	-0.585542
0.210324	0.637927	-0.740819
0.206894	0.634634	-0.744603
0.162754	0.494373	-0.853877
0.128732	0.364998	-0.922065
0.109112	0.324352	-0.939622
0.0913321	0.247181	-0.964655
0.0598121	0.16222	-0.98494
0.0545075	0.171164	-0.983734
0.0387239	0.105891	-0.993623
0.0231215	0.0726627	-0.997089
0.0232024	0.0717256	-0.997154
0.0138115	0.0435214	-0.998957
0.00849848	0.0251957	-0.999646
0.00796199	0.0279025	-0.999579
0.00532082	0.0148204	-0.999876
0.0031125	0.00842093	-0.99996
0.00351014	0.00869501	-0.999956
0.00154268	0.00484775	-0.999987
0.000647681	0.00236494	-0.999997
0.00060102	0.00235959	-0.999997
0.000334161	0.00127251	-0.999999
0.000214263	0.000578646	-1
0.000218761	0.000471493	-1
8.25427e-05	0.000262746	-1
4.87232e-05	0.000125981	-1
2.30857e-05	7.95991e-05	-1
-8.2031e-07	1.13085e-05	-1
0	0	-1
0	0	-1
0	0	-1
0	0	-1
0	0	-1
0	0	-1
0	0	-1
0	0	-1
0	0	-1
0	0	-1
0	0	-1
0	0	-1
0	0	-1
0	0	-1
0	0	-1
0	0	-1
0	0	-1
0	0	-1
0	0	-1
0	0	-1
0	0	-1
0	0	-1
0	0	-1
0	0	-1
0	0	-1
0	0	-1
0	0	-1
0	0	-1
0	0	-1
0	0	-1
0	0	-1
0	0	-1
0	0	-1
0	0	-1
0	0	-1
0	0	-1
0	0	-1
0	0	-1
0	0	-1
0	0	-1
0	0	-1
0	0	-1
0	0	-1
0	0	-1
0	0	-1
0	0	-1
0	0	-1
0	0	-1
0	0	-1
0	0	-1
0	0	-1
0	0	-1
0	0	-1
0	0	-1
0	0	-1
0.296599	0.948502	-0.111238
0.284169	0.888574	-0.360116
0.294834	0.94914	-0.110483
0.248861	0.775676	-0.579995
0.220823	0.647162	-0.729671
0.159337	0.498734	-0.851984
0.117626	0.358657	-0.926029
0.0913213	0.248502	-0.964317
0.0601219	0.168295	-0.983901
0.0338631	0.104822	-0.993914
0.0222354	0.0694185	-0.99734
0.0165609	0.0444333	-0.998875
0.0101854	0.0247829	-0.999641
0.00505041	0.0102366	-0.999935
0.00259284	0.00715153	-0.999971
0.000990335	0.00482041	-0.999988
0.000807713	0.0020042	-0.999998
0.000338344	0.00105082	-0.999999
0.000160997	0.000538799	-1
0.000109132	0.000318888	-1
1.41784e-05	0.000119348	-1
8.07109e-06	6.67285e-05	-1
0	0	-1
0	0	-1
0	0	-1
0	0	-1
0	0	-1
0	0	-1
0	0	-1
0	0	-1
0	0	-1
0	0	-1
0	0	-1
0	0	-1
0	0	-1
0	0	-1
0	0	-1
0	0	-1
0	0	-1
0	0	-1
0	0	-1
0	0	-1
0	0	-1
0	0	-1
0	0	-1
0	0	-1
0	0	-1
0	0	-1
0	0	-1
0	0	-1
0	0	-1
0	0	-1
0	0	-1
0	0	-1
0	0	-1
0	0	-1
0	0	-1
0	0	-1
0	0	-1
0.295095	0.949446	-0.107102
0.27836	0.891499	-0.357415
0.293808	0.949977	-0.105925
0.251103	0.77277	-0.582901
0.20231	0.637566	-0.743357
0.24752	0.770358	-0.587608
0.164156	0.501499	-0.849442
0.119597	0.35622	-0.926717
0.161712	0.487951	-0.857761
0.0839652	0.248997	-0.964858
0.0527205	0.159196	-0.985838
0.0844106	0.240529	-0.966965
0.036818	0.093526	-0.994936
0.0259144	0.0710971	-0.997133
0.0375687	0.104118	-0.993855
0.0193553	0.0407968	-0.99898
0.00901285	0.0257961	-0.999627
0.017688	0.0408652	-0.999008
0.00483088	0.0143666	-0.999885
0.00300527	0.00866158	-0.999958
0.00597352	0.0167744	-0.999841
0.00147796	0.00360435	-0.999992
0.000642663	0.00221642	-0.999997
0.00155222	0.00435144	-0.999989
0.000546998	0.00107955	-0.999999
0.000134415	0.000405105	-1
0.000446908	0.00116043	-0.999999
8.84522e-05	0.000289414	-1
2.54642e-05	8.95445e-05	-1
0.000109235	0.000274722	-1
6.58602e-06	3.05497e-05	-1
4.16726e-06	-4.44966e-07	-1
3.57899e-06	2.13832e-05	-1
0	0	-1
0	0	-1
0	0	-1
0	0	-1
0	0	-1
0	0	-1
0	0	-1
0	0	-1
0	0	-1
0	0	-1
0	0	-1
0	0	-1
0	0	-1
0	0	-1
0	0	-1
0	0	-1
0	0	-1
0	0	-1
0	0	-1
0	0	-1
0	0	-1
0	0	-1
0	0	-1
0	0	-1
0	0	-1
0	0	-1
0	0	-1
0	0	-1
0	0	-1
0	0	-1
0	0	-1
0	0	-1
0	0	-1
0	0	-1
0	0	-1
0	0	-1
0	0	-1
0	0	-1
0	0	-1
0	0	-1
0	0	-1
0	0	-1
0	0	-1
0	0	-1
0	0	-1
0	0	-1
0	0	-1
0	0	-1
0	0	-1
0	0	-1
0	0	-1
0	0	-1
0	0	-1
0.296306	0.949321	-0.104846
0.279961	0.890361	-0.358999
0.295833	0.949462	-0.104905
0.253259	0.777912	-0.575076
0.21209	0.634232	-0.743483
0.16143	0.478478	-0.863133
0.1144	0.347877	-0.930534
0.0828203	0.247222	-0.965413
0.0573901	0.171126	-0.983576
0.039311	0.111423	-0.992995
0.0239705	0.0647933	-0.997611
0.015445	0.0378774	-0.999163
0.0100701	0.0247587	-0.999643
0.00643634	0.0133883	-0.99989
0.00294587	0.00853888	-0.999959
0.00160017	0.00498218	-0.999986
0.000915541	0.0025324	-0.999996
0.000491158	0.00122509	-0.999999
0.000134621	0.000518359	-1
0.000120056	0.00029343	-1
3.63443e-05	0.000114462	-1
1.21528e-05	3.40439e-05	-1
0	0	-1
0	0	-1
0	0	-1
0	0	-1
0	0	-1
0	0	-1
0	0	-1
0	0	-1
0	0	-1
0	0	-1
0	0	-1
0	0	-1
0	0	-1
0	0	-1
0	0	-1
0	0	-1
0	0	-1
0	0	-1
0	0	-1
0	0	-1
0	0	-1
0	0	-1
0	0	-1
0	0	-1
0	0	-1
0	0	-1
0	0	-1
0	0	-1
0	0	-1
0	0	-1
0	0	-1
0	0	-1
0	0	-1
0	0	-1
0	0	-1
0	0	-1
0	0	-1
0.296133	0.9489	-0.109059
0.293733	0.949361	-0.11151
0	0	-1
0	0	-1
0.292519	0.949983	-0.109383
0.277096	0.88924	-0.363964
0.293009	0.950146	-0.106624
0.207552	0.619996	-0.756655
0.247422	0.777753	-0.577825
0.110616	0.348921	-0.930601
0.156494	0.483287	-0.861362
0.0570664	0.171226	-0.983578
0.0839331	0.25642	-0.962914
0.0175981	0.063564	-0.997823
0.0379804	0.104798	-0.993768
0.00959136	0.0262164	-0.99961
0.0147236	0.0369091	-0.99921
0.00294139	0.0087414	-0.999957
0.00579165	0.0159409	-0.999856
0.000938088	0.00256835	-0.999996
0.00166969	0.00500051	-0.999986
0.000349015	0.000683856	-1
0.000424899	0.00122756	-0.999999
3.76851e-05	0.000125688	-1
7.27381e-05	0.00017902	-1
-2.97593e-07	3.08307e-06	-1
2.54706e-05	5.22088e-05	-1
0	0	-1
0	0	-1
0	0	-1
0	0	-1
0	0	-1
0	0	-1
0	0	-1
0	0	-1
0	0	-1
0	0	-1
0	0	-1
0	0	-1
0	0	-1
0	0	-1
0	0	-1
0	0	-1
0	0	-1
0	0	-1
0	0	-1
0	0	-1
0	0	-1
0	0	-1
0	0	-1
0	0	-1
0	0	-1
0	0	-1
0	0	-1
0	0	-1
0	0	-1
0	0	-1
0	0	-1
0	0	-1
0	0	-1
0	0	-1
0	0	-1
0	0	-1
0.294669	0.949722	-0.105826
0.281986	0.888047	-0.363121
0.297176	0.948668	-0.108239
0.248577	0.776524	-0.578981
0.211723	0.642061	-0.736838
0.243922	0.746332	-0.619266
0.168538	0.49038	-0.855057
0.122987	0.341413	-0.931832
0.167	0.486327	-0.85767
0.0882115	0.251193	-0.963909
0.0653214	0.164527	-0.984207
0.0934894	0.254475	-0.96255
0.0415219	0.102774	-0.993838
0.0244552	0.063503	-0.997682
0.0405114	0.107768	-0.99335
0.0157207	0.0373841	-0.999177
0.0111116	0.0255512	-0.999612
0.0164557	0.0448507	-0.998858
0.00569278	0.0146281	-0.999877
0.00186868	0.00691913	-0.999974
0.00516182	0.0119163	-0.999916
0.0013556	0.00465252	-0.999988
0.00104964	0.00258854	-0.999996
0.00135735	0.00442624	-0.999989
0.000488961	0.00118071	-0.999999
9.94966e-05	0.000539015	-1
0.000146722	0.000876975	-1
0.00010676	0.000287922	-1
6.63437e-05	6.27818e-05	-1
0.000116258	0.000282168	-1
1.5754e-05	8.85644e-06	-1
0	0	-1
0	0	-1
0	0	-1
0	0	-1
0	0	-1
0	0	-1
0	0	-1
0	0	-1
0	0	-1
0	0	-1
0	0	-1
0	0	-1
0	0	-1
0	0	-1
0	0	-1
0	0	-1
0	0	-1
0	0	-1
0	0	-1
0	0	-1
0	0	-1
0	0	-1
0	0	-1
0	0	-1
0	0	-1
0	0	-1
0	0	-1
0	0	-1
0	0	-1
0	0	-1
0	0	-1
0	0	-1
0	0	-1
0	0	-1
0	0	-1
0	0	-1
0	0	-1
0	0	-1
0	0	-1
0	0	-1
0	0	-1
0	0	-1
0	0	-1
0	0	-1
0	0	-1
0	0	-1
0	0	-1
0	0	-1
0	0	-1
0	0	-1
0	0	-1
0	0	-1
0	0	-1
0	0	-1
0	0	-1
0.295728	0.949226	-0.107312
0.279052	0.888035	-0.365409
0.295208	0.949493	-0.106373
0.196253	0.637077	-0.745398
0.238183	0.779994	-0.578686
0.111138	0.371691	-0.92168
0.157428	0.509542	-0.845922
0.0548857	0.171562	-0.983643
0.0871152	0.245859	-0.965383
0.0290839	0.0704036	-0.997095
0.0424313	0.113699	-0.992609
0.00880129	0.024478	-0.999662
0.0167363	0.0455255	-0.998823
0.00273254	0.00782907	-0.999966
0.0055394	0.0134966	-0.999894
0.000611328	0.00220984	-0.999997
0.00194533	0.00355007	-0.999992
0.000249144	0.00050673	-1
0.000279628	0.000917589	-1
1.38912e-05	0.000102689	-1
3.06856e-05	0.000248858	-1
0	0	-1
1.28796e-05	4.50726e-05	-1
0	0	-1
0	0	-1
0	0	-1
0	0	-1
0	0	-1
0	0	-1
0	0	-1
0	0	-1
0	0	-1
0	0	-1
0	0	-1
0	0	-1
0	0	-1
0	0	-1
0	0	-1
0	0	-1
0	0	-1
0	0	-1
0	0	-1
0	0	-1
0	0	-1
0	0	-1
0	0	-1
0	0	-1
0	0	-1
0	0	-1
0	0	-1
0	0	-1
0	0	-1
0	0	-1
0	0	-1
0	0	-1
0	0	-1
0	0	-1
0	0	-1
0	0	-1
0.293626	0.949917	-0.106965
0.280671	0.890327	-0.358526
0.277405	0.89261	-0.355379
0.294662	0.950046	-0.102893
0.208063	0.640192	-0.739502
0.208768	0.645702	-0.734497
0.25843	0.776021	-0.575331
0.11589	0.353598	-0.928191
0.11189	0.363355	-0.924907
0.159321	0.488638	-0.857817
0.057166	0.149152	-0.98716
0.059351	0.169079	-0.983814
0.0872479	0.238819	-0.967137
0.0265923	0.0701949	-0.997179
0.0284097	0.0710475	-0.997068
0.0376828	0.105327	-0.993723
0.0126658	0.0249012	-0.99961
0.00835067	0.0233455	-0.999693
0.0164834	0.0461638	-0.998798
0.00231023	0.00778404	-0.999967
0.00345336	0.00704703	-0.999969
0.00586675	0.0149431	-0.999871
0.000560932	0.00303757	-0.999995
0.000843026	0.00203888	-0.999998
0.00153103	0.00465168	-0.999988
0.000152154	0.000523007	-1
9.04129e-05	0.000480484	-1
0.000488572	0.00123945	-0.999999
1.93578e-05	0.00010456	-1
2.50761e-05	9.57586e-05	-1
8.32463e-05	0.000220294	-1
0	0	-1
0	0	-1
1.3327e-05	3.3935e-05	-1
0	0	-1
0	0	-1
0	0	-1
0	0	-1
0	0	-1
0	0	-1
0	0	-1
0	0	-1
0	0	-1
0	0	-1
0	0	-1
0	0	-1
0	0	-1
0	0	-1
0	0	-1
0	0	-1
0	0	-1
0	0	-1
0	0	-1
0	0	-1
0	0	-1
0	0	-1
0	0	-1
0	0	-1
0	0	-1
0	0	-1
0	0	-1
0	0	-1
0	0	-1
0	0	-1
0	0	-1
0	0	-1
0	0	-1
0	0	-1
0	0	-1
0	0	-1
0	0	-1
0	0	-1
0	0	-1
0	0	-1
0	0	-1
0	0	-1
0	0	-1
0	0	-1
0	0	-1
0	0	-1
0	0	-1
0	0	-1
0	0	-1
0	0	-1
0	0	-1
0	0	-1
0	0	-1
0	0	-1
0	0	-1
0	0	-1
0	0	-1
0	0	-1
0	0	-1
0	0	-1
0	0	-1
0	0	-1
0	0	-1
0	0	-1
0	0	-1
0	0	-1
0	0	-1
0	0	-1
0	0	-1
0	0	-1
0	0	-1
0	0	-1
0	0	-1
0	0	-1
0	0	-1
0	0	-1
0	0	-1
0	0	-1
0	0	-1
0	0	-1
0	0	-1
0	0	-1
0	0	-1
0	0	-1
0	0	-1
0	0	-1
0	0	-1
0	0	-1
0	0	-1
0	0	-1
0	0	-1
0	0	-1
0	0	-1
0	0	-1
0	0	-1
0	0	-1
0	0	-1
0	0	-1
0	0	-1
0	0	-1
0	0	-1
0	0	-1
0	0	-1
0	0	-1
0	0	-1
0	0	-1
0	0	-1
0	0	-1
0	0	-1
0	0	-1
0	0	-1
0	0	-1
0	0	-1
0	0	-1
0	0	-1
0	0	-1
0	0	-1
0	0	-1
0	0	-1
0	0	-1
0	0	-1
0	0	-1
0	0	-1
0	0	-1
0	0	-1
0	0	-1
0	0	-1
0	0	-1
0	0	-1
0	0	-1
0	0	-1
0	0	-1
0	0	-1
0	0	-1
0	0	-1
0	0	-1
0	0	-1
0	0	-1
0	0	-1
0	0	-1
0	0	-1
0	0	-1
0	0	-1
0	0	-1
0	0	-1
0	0	-1
0	0	-1
0	0	-1
0	0	-1
0	0	-1
0	0	-1
0	0	-1
0	0	-1
0	0	-1
0	0	-1
0	0	-1
0	0	-1
0	0	-1
0	0	-1
0	0	-1
0	0	-1
0	0	-1
0	0	-1
0	0	-1
0	0	-1
0	0	-1
0	0	-1
0	0	-1
0	0	-1
0	0	-1
0	0	-1
0	0	-1
0	0	-1
0	0	-1
0	0	-1
0	0	-1
0	0	-1
0	0	-1
0	0	-1
0	0	-1
0	0	-1
0	0	-1
0	0	-1
0	0	-1
0	0	-1
0	0	-1
0	0	-1
0	0	-1
0	0	-1
0	0	-1
0	0	-1
0	0	-1
0	0	-1
0	0	-1
0	0	-1
0	0	-1
0	0	-1
0	0	-1
0	0	-1
0	0	-1
0	0	-1
0	0	-1
0	0	-1
0	0	-1
0	0	-1
0	0	-1
0	0	-1
0	0	-1
0	0	-1
0	0	-1
0	0	-1
0	0	-1
0	0	-1
0	0	-1
0	0	-1
0	0	-1
0	0	-1
0	0	-1
0	0	-1
0	0	-1
0	0	-1
0	0	-1
0	0	-1
0	0	-1
0	0	-1
0	0	-1
0	0	-1
0	0	-1
0	0	-1
0	0	-1
0	0	-1
0	0	-1
0	0	-1
0	0	-1
0	0	-1
0	0	-1
0	0	-1
0	0	-1
0	0	-1
0	0	-1
0	0	-1
0	0	-1
0	0	-1
0	0	-1
0	0	-1
0	0	-1
0	0	-1
0	0	-1
0	0	-1
0	0	-1
0	0	-1
0	0	-1
0	0	-1
0	0	-1
0	0	-1
0	0	-1
0	0	-1
0	0	-1
0	0	-1
0	0	-1
0	0	-1
0	0	-1
0	0	-1
0	0	-1
0	0	-1
0	0	-1
0	0	-1
0	0	-1
0	0	-1
0	0	-1
0	0	-1
0	0	-1
0	0	-1
0	0	-1
0	0	-1
0	0	-1
0	0	-1
0	0	-1
0	0	-1
0	0	-1
0	0	-1
0	0	-1
0	0	-1
0	0	-1
0	0	-1
0	0	-1
0	0	-1
0	0	-1
0	0	-1
0	0	-1
0	0	-1
0	0	-1
0	0	-1
0	0	-1
0	0	-1
0	0	-1
0	0	-1
0	0	-1
0	0	-1
0	0	-1
0	0	-1
0	0	-1
0	0	-1
0	0	-1
0	0	-1
0	0	-1
0	0	-1
0	0	-1
0	0	-1
0	0	-1
0	0	-1
0	0	-1
0	0	-1
0	0	-1
0	0	-1
0	0	-1
0	0	-1
0	0	-1
0	0	-1
0	0	-1
0	0	-1
0	0	-1
0	0	-1
0	0	-1
0	0	-1
0	0	-1
0	0	-1
0	0	-1
0	0	-1
0	0	-1
0	0	-1
0	0	-1
0	0	-1
0	0	-1
0	0	-1
0	0	-1
0	0	-1
0	0	-1
0	0	-1
0	0	-1
0	0	-1
0	0	-1
0	0	-1
0	0	-1
0	0	-1
0	0	-1
0	0	-1
0	0	-1
0	0	-1
0	0	-1
0	0	-1
0	0	-1
0	0	-1
0	0	-1
0	0	-1
0	0	-1
0	0	-1
0	0	-1
0	0	-1
0	0	-1
0	0	-1
0	0	-1
0	0	-1
0	0	-1
0	0	-1
0	0	-1
0	0	-1
0	0	-1
0	0	-1
0	0	-1
0	0	-1
0	0	-1
0	0	-1
0	0	-1
0	0	-1
0	0	-1
0	0	-1
0	0	-1
0	0	-1
0	0	-1
0	0	-1
0	0	-1
0	0	-1
0	0	-1
0	0	-1
0	0	-1
0	0	-1
0	0	-1
0	0	-1
0	0	-1
0	0	-1
0	0	-1
0	0	-1
0	0	-1
0	0	-1
0	0	-1
0	0	-1
0	0	-1
0	0	-1
0	0	-1
0	0	-1
0	0	-1
0	0	-1
0	0	-1
0	0	-1
0	0	-1
0	0	-1
0	0	-1
0	0	-1
0	0	-1
0	0	-1
0	0	-1
0	0	-1
0	0	-1
0	0	-1
0	0	-1
0	0	-1
0	0	-1
0	0	-1
0	0	-1
0	0	-1
0	0	-1
0	0	-1
0	0	-1
0	0	-1
0	0	-1
0	0	-1
0	0	-1
0	0	-1
0	0	-1
0	0	-1
0	0	-1
0	0	-1
0	0	-1
0	0	-1
0	0	-1
0	0	-1
0	0	-1
0	0	-1
0	0	-1
0	0	-1
0	0	-1
0	0	-1
0	0	-1
0	0	-1
0	0	-1
0	0	-1
0	0	-1
0	0	-1
0	0	-1
0	0	-1
0	0	-1
0	0	-1
0	0	-1
0	0	-1
0	0	-1
0	0	-1
0	0	-1
0	0	-1
0	0	-1
0	0	-1
0	0	-1
0	0	-1
0	0	-1
0	0	-1
0	0	-1
0	0	-1
0	0	-1
0	0	-1
0	0	-1
0	0	-1
0	0	-1
0	0	-1
0	0	-1
0	0	-1
0	0	-1
0	0	-1
0	0	-1
0	0	-1
0	0	-1
0	0	-1
0	0	-1
0	0	-1
0	0	-1
0	0	-1
0	0	-1
0	0	-1
0	0	-1
0	0	-1
0	0	-1
0	0	-1
0	0	-1
0	0	-1
0	0	-1
0	0	-1
0	0	-1
0	0	-1
0	0	-1
0	0	-1
0	0	-1
0	0	-1
0	0	-1
0	0	-1
0	0	-1
0	0	-1
0	0	-1
0	0	-1
0	0	-1
0	0	-1
0	0	-1
0	0	-1
0	0	-1
0	0	-1
0	0	-1
0	0	-1
0	0	-1
0	0	-1
0	0	-1
0	0	-1
0	0	-1
0	0	-1
0	0	-1
0	0	-1
0	0	-1
0	0	-1
0	0	-1
0	0	-1
0	0	-1
0	0	-1
0	0	-1
0	0	-1
0	0	-1
0	0	-1
0	0	-1
0	0	-1
0	0	-1
0	0	-1
0	0	-1
0	0	-1
0	0	-1
0	0	-1
0	0	-1
0	0	-1
0	0	-1
0	0	-1
0	0	-1
0	0	-1
0	0	-1
0	0	-1
0	0	-1
0	0	-1
0	0	-1
0	0	-1
0	0	-1
0	0	-1
0	0	-1
0	0	-1
0	0	-1
0	0	-1
0	0	-1
0	0	-1
0	0	-1
0	0	-1
0	0	-1
0	0	-1
0	0	-1
0	0	-1
0	0	-1
0	0	-1
0	0	-1
0	0	-1
0	0	-1
0	0	-1
0	0	-1
0	0	-1
0	0	-1
0	0	-1
0	0	-1
0	0	-1
0	0	-1
0	0	-1
0	0	-1
0	0	-1
0	0	-1
0	0	-1
0	0	-1
0	0	-1
0	0	-1
0	0	-1
0	0	-1
0	0	-1
0	0	-1
0	0	-1
0	0	-1
0	0	-1
0	0	-1
0	0	-1
0	0	-1
0	0	-1
0	0	-1
0	0	-1
0	0	-1
0	0	-1
0	0	-1
0	0	-1
0	0	-1
0	0	-1
0	0	-1
0	0	-1
0	0	-1
0	0	-1
0	0	-1
0	0	-1
0	0	-1
0	0	-1
0	0	-1
0	0	-1
0	0	-1
0	0	-1
0	0	-1
0	0	-1
0	0	-1
0	0	-1
0	0	-1
0	0	-1
0	0	-1
0	0	-1
0	0	-1
0	0	-1
0	0	-1
0	0	-1
0	0	-1
0	0	-1
0	0	-1
0	0	-1
0	0	-1
0	0	-1
0	0	-1
0	0	-1
0	0	-1
0	0	-1
0	0	-1
0	0	-1
0	0	-1
0	0	-1
0	0	-1
0	0	-1
0	0	-1
0	0	-1
0	0	-1
0	0	-1
0	0	-1
0	0	-1
0	0	-1
0	0	-1
0	0	-1
0	0	-1
0	0	-1
0	0	-1
0	0	-1
0	0	-1
0	0	-1
0	0	-1
0	0	-1
0	0	-1
0	0	-1
0	0	-1
0	0	-1
0	0	-1
0	0	-1
0	0	-1
0	0	-1
0	0	-1
0	0	-1
0	0	-1
0	0	-1
0	0	-1
0	0	-1
0	0	-1
0	0	-1
0	0	-1
0	0	-1
0	0	-1
0	0	-1
0	0	-1
0	0	-1
0	0	-1
0	0	-1
0	0	-1
0	0	-1
0	0	-1
0	0	-1
0	0	-1
0	0	-1
0	0	-1
0	0	-1
0	0	-1
0	0	-1
0	0	-1
0	0	-1
0	0	-1
0	0	-1
0	0	-1
0	0	-1
0	0	-1
0	0	-1
0	0	-1
0	0	-1
0	0	-1
0	0	-1
0	0	-1
0	0	-1
0	0	-1
0	0	-1
0	0	-1
0	0	-1
0	0	-1
0	0	-1
0	0	-1
0	0	-1
0	0	-1
0	0	-1
0	0	-1
0	0	-1
0	0	-1
0	0	-1
0	0	-1
0	0	-1
0	0	-1
0	0	-1
0	0	-1
0	0	-1
0	0	-1
0	0	-1
0	0	-1
0	0	-1
0	0	-1
0	0	-1
0	0	-1
0	0	-1
0	0	-1
0	0	-1
0	0	-1
0	0	-1
0	0	-1
0	0	-1
0	0	-1
0	0	-1
0	0	-1
0	0	-1
0	0	-1
0	0	-1
0	0	-1
0	0	-1
0	0	-1
0	0	-1
0	0	-1
0	0	-1
0	0	-1
0	0	-1
0	0	-1
0	0	-1
0	0	-1
0	0	-1
0	0	-1
0	0	-1
0	0	-1
0	0	-1
0	0	-1
0	0	-1
0	0	-1
0	0	-1
0	0	-1
0	0	-1
0	0	-1
0	0	-1
0	0	-1
0	0	-1
0	0	-1
0	0	-1
0	0	-1
0	0	-1
0	0	-1
0	0	-1
0	0	-1
0	0	-1
0	0	-1
0	0	-1
0	0	-1
0	0	-1
0	0	-1
0	0	-1
0	0	-1
0	0	-1
0	0	-1
0	0	-1
0	0	-1
0	0	-1
0	0	-1
0	0	-1
0	0	-1
0	0	-1
0	0	-1
0	0	-1
0	0	-1
0	0	-1
0	0	-1
0	0	-1
0	0	-1
0	0	-1
0	0	-1
0	0	-1
0	0	-1
0	0	-1
0	0	-1
0	0	-1
0	0	-1
0	0	-1
0	0	-1
0	0	-1
0	0	-1
0	0	-1
0	0	-1
0	0	-1
0	0	-1
0	0	-1
0	0	-1
0	0	-1
0	0	-1
0	0	-1
0	0	-1
0	0	-1
0	0	-1
0	0	-1
0	0	-1
0	0	-1
0	0	-1
0	0	-1
0	0	-1
0	0	-1
0	0	-1
0	0	-1
0	0	-1
0	0	-1
0	0	-1
0	0	-1
0	0	-1
0	0	-1
0	0	-1
0	0	-1
0	0	-1
0	0	-1
0	0	-1
0	0	-1
0	0	-1
0	0	-1
0	0	-1
0	0	-1
0	0	-1
0	0	-1
0	0	-1
0	0	-1
0	0	-1
0	0	-1
0	0	-1
0	0	-1
0	0	-1
0	0	-1
0	0	-1
0	0	-1
0	0	-1
0	0	-1
0	0	-1
0	0	-1
0	0	-1
0	0	-1
0	0	-1
0	0	-1
0	0	-1
0	0	-1
0	0	-1
0	0	-1
0	0	-1
0	0	-1
0	0	-1
0	0	-1
0	0	-1
0	0	-1
0	0	-1
0	0	-1
0	0	-1
0	0	-1
0	0	-1
0	0	-1
0	0	-1
0	0	-1
0	0	-1
0	0	-1
0	0	-1
0	0	-1
0	0	-1
0	0	-1
0	0	-1
0	0	-1
0	0	-1
0	0	-1
0	0	-1
0	0	-1
0	0	-1
0	0	-1
0	0	-1
0	0	-1
0	0	-1
0	0	-1
0	0	-1
0	0	-1
0	0	-1
0	0	-1
0	0	-1
0	0	-1
0	0	-1
0	0	-1
0	0	-1
0	0	-1
0	0	-1
0	0	-1
0	0	-1
0	0	-1
0	0	-1
0	0	-1
0	0	-1
0	0	-1
0	0	-1
0	0	-1
0	0	-1
0	0	-1
0	0	-1
0	0	-1
0	0	-1
0	0	-1
0	0	-1
0	0	-1
0	0	-1
0	0	-1
0	0	-1
0	0	-1
0	0	-1
0	0	-1
0	0	-1
0	0	-1
0	0	-1
0	0	-1
0	0	-1
0	0	-1
0	0	-1
0	0	-1
0	0	-1
0	0	-1
0	0	-1
0	0	-1
0	0	-1
0	0	-1
0	0	-1
0	0	-1
0	0	-1
0	0	-1
0	0	-1
0	0	-1
0	0	-1
0	0	-1
0	0	-1
0	0	-1
0	0	-1
0	0	-1
0	0	-1
0	0	-1
0	0	-1
0	0	-1
0	0	-1
0	0	-1
0	0	-1
0	0	-1
0	0	-1
0	0	-1
0	0	-1
0	0	-1
0	0	-1
0	0	-1
0	0	-1
0	0	-1
0	0	-1
0	0	-1
0	0	-1
0	0	-1
0	0	-1
0	0	-1
0	0	-1
0	0	-1
0	0	-1
0	0	-1
0	0	-1
0	0	-1
0	0	-1
0	0	-1
0	0	-1
0	0	-1
0	0	-1
0	0	-1
0	0	-1
0	0	-1
0	0	-1
0	0	-1
0	0	-1
0	0	-1
0	0	-1
0	0	-1
0	0	-1
0	0	-1
0	0	-1
0	0	-1
0	0	-1
0	0	-1
0	0	-1
0	0	-1
0	0	-1
0	0	-1
0	0	-1
0	0	-1
0	0	-1
0	0	-1
0	0	-1
0	0	-1
0	0	-1
0	0	-1
0	0	-1
0	0	-1
0	0	-1
0	0	-1
0	0	-1
0	0	-1
0	0	-1
0	0	-1
0	0	-1
0	0	-1
0	0	-1
0	0	-1
0	0	-1
0	0	-1
0	0	-1
0	0	-1
0	0	-1
0	0	-1
0	0	-1
0	0	-1
0	0	-1
0	0	-1
0	0	-1
0	0	-1
0	0	-1
0	0	-1
0	0	-1
0	0	-1
0	0	-1
0	0	-1
0	0	-1
0	0	-1
0	0	-1
0	0	-1
0	0	-1
0	0	-1
0	0	-1
0	0	-1
0	0	-1
0	0	-1
0	0	-1
0	0	-1
0	0	-1
0	0	-1
0	0	-1
