864
0.195384	0.139611	0.970739
0.681016	-0.685204	0.258289
0.587197	0.768606	-0.253858
-0.947607	-0.165487	-0.273233
-0.142897	0.732472	0.665631
-0.505309	-0.648001	-0.569875
0.710385	0.70213	-0.0486404
-0.777958	-0.239035	-0.581071
-0.404128	0.0633203	0.912508
0.293322	0.177426	0.939405
-0.675418	0.698644	0.236022
0.437691	-0.868369	0.233156
-0.00830627	0.343939	0.938955
0.789557	-0.6052	-0.101646
0.0611167	0.974029	0.21802
-0.825156	0.41136	-0.387169
0.717862	0.591253	0.367552
0.0638197	-0.709069	0.702245
-0.355626	0.928197	-0.10945
0.00541968	-0.951546	-0.307459
0.968625	0.18096	0.170352
-0.412279	0.883702	0.221576
-0.716362	0.697723	-0.00273267
-0.706907	-0.690927	-0.151335
0.796175	-0.477439	0.371695
0.104325	0.751059	0.651941
0.362058	0.564028	-0.74215
0.838508	0.462431	0.288204
-0.244834	-0.257207	0.934827
-0.0307698	-0.727824	-0.685073
0.984778	-0.108643	-0.135677
0.221575	0.821914	0.52475
-0.420538	-0.788861	-0.448158
-0.63186	-0.74879	0.200165
0.91878	0.385624	0.0844822
0.66181	-0.741802	-0.10834
0.71559	-0.685061	-0.136467
0.0587603	-0.391566	0.918272
0.17978	0.650814	-0.737645
0.534992	-0.33729	-0.774609
-0.0435988	-0.988638	-0.143852
0.806641	-0.553867	0.206306
-0.0677069	0.828155	-0.556394
0.0524323	0.969271	-0.240344
0.144926	-0.962353	-0.229943
0.675305	-0.721369	-0.153588
-0.391672	0.893061	-0.221439
-0.768212	0.284258	-0.573627
-0.0256428	0.523104	0.851883
0.662093	-0.159469	-0.732259
0.601831	-0.0137027	-0.798506
-0.740779	-0.500071	-0.448526
-0.785125	0.286472	0.549101
0.24526	-0.91023	-0.33366
0.363905	0.0185843	-0.931251
-0.843848	-0.535612	0.0322503
-0.212487	0.453607	0.8655
0.693411	-0.27884	-0.664402
0.223346	0.944131	0.24235
0.501968	-0.0397445	-0.863973
-0.70769	-0.314183	0.632822
0.359433	-0.856033	-0.371505
0.635983	0.771678	-0.00629025
-0.73187	-0.675437	-0.0902896
-0.320269	0.720292	0.615311
0.464575	-0.665077	0.584673
-0.201937	0.339186	-0.91879
-0.262392	-0.115354	-0.958042
0.0336579	0.605225	0.795343
0.687704	-0.649711	-0.323944
-0.569473	-0.339341	-0.748698
-0.522463	-0.311688	-0.793652
-0.632038	0.0982905	0.768679
0.413975	-0.619688	-0.666792
0.479008	0.716268	0.507455
0.431001	0.234584	-0.871325
-0.120581	0.538503	0.833951
0.437075	-0.898849	-0.0321714
0.621483	0.700065	-0.351664
-0.995402	0.0808357	0.0513851
-0.0424916	0.158842	0.986389
0.32001	0.850775	0.416863
0.231468	0.478263	-0.847164
0.129215	-0.0583765	-0.989897
-0.426203	0.136509	0.894269
-0.281162	-0.856725	0.432401
0.389467	0.63029	-0.671602
0.290863	-0.0515418	-0.955375
0.143699	0.0429655	0.988688
0.937871	-0.315432	0.14457
0.0199423	0.962489	-0.270587
-0.75879	-0.432889	-0.486667
0.974748	0.157796	-0.15801
0.184917	0.590016	0.785931
-0.0535353	0.784535	0.617769
-0.897487	-0.130448	-0.421309
0.747277	0.576124	0.331147
-0.851793	-0.187544	-0.489158
0.599541	0.783176	0.16488
-0.909469	-0.141893	-0.39081
-0.510773	0.242021	0.824947
-0.585587	-0.791531	0.174833
0.38951	0.652514	-0.650006
-0.166824	0.984081	-0.0612765
-0.93857	0.228166	0.258895
-0.29479	-0.954555	0.0438606
0.833675	0.545317	0.0872634
0.336027	0.100421	-0.936484
0.0617784	0.803508	0.592079
-0.279047	0.870712	-0.404961
0.960016	0.235508	0.151341
-0.191476	-0.426182	-0.884141
-0.515527	-0.0763322	0.853467
0.744567	-0.667046	-0.0258926
-0.0805948	0.755139	-0.650591
0.539897	0.636601	-0.550681
-0.644099	-0.165465	0.746832
0.709138	-0.684598	-0.16867
0.18369	0.896227	-0.403776
-0.794679	-0.465725	0.38934
-0.301087	-0.0562303	0.951937
-0.604601	-0.770377	0.202427
0.278121	0.955516	0.098175
0.333362	-0.510094	-0.79289
-0.62208	0.219683	0.751502
0.397857	-0.859011	-0.322196
0.317676	0.89022	0.326481
-0.638125	-0.0572836	-0.767799
-0.762475	0.631037	0.142913
0.182919	-0.933776	0.307575
0.919662	0.375235	-0.115844
-0.0661391	0.382706	0.9215
-0.314031	0.647163	-0.694669
-0.362259	-0.922401	0.133956
-0.575062	-0.200235	0.793227
-0.289705	-0.937002	-0.195188
-0.513768	0.252708	0.819867
0.0232218	-0.987933	-0.153129
0.0772403	-0.984696	0.156232
-0.621228	-0.139484	0.771116
-0.372763	0.307474	0.875504
-0.178698	-0.523967	0.832782
0.39181	-0.300348	-0.869641
0.0322103	0.318117	-0.947504
-0.02495	0.199528	0.979574
0.561067	-0.691926	-0.454359
0.723394	0.560152	-0.403648
-0.496089	0.287904	-0.81915
0.140837	0.440321	0.886726
0.375327	-0.568126	-0.732368
0.510144	0.854066	0.10161
-0.56262	0.749186	-0.349541
0.648242	-0.184312	0.73879
-0.0611695	-0.978963	-0.194652
0.933803	0.351496	0.0667962
-0.805196	0.534053	0.257774
-0.431811	0.261249	0.863301
-0.279509	-0.879258	-0.38572
-0.47728	-0.314902	0.82039
0.528735	0.383639	-0.75714
-0.675981	0.294766	0.675398
-0.680905	-0.46089	-0.569165
0.527351	0.778268	-0.340881
-0.479584	-0.514589	-0.710772
-0.262082	0.330708	0.906612
-0.0877062	-0.97983	-0.179555
0.461309	0.708141	-0.534537
-0.999194	-0.0139709	0.0376248
-0.0219299	-0.157098	0.987339
0.660758	-0.367885	-0.654263
0.446054	0.851698	-0.275038
-0.234032	-0.0862326	-0.968397
0.0878238	-0.086388	0.992383
-0.475834	0.705814	-0.524794
0.0804717	0.645575	-0.759445
-0.884671	-0.405072	-0.230811
-0.365591	0.0856682	0.926825
0.297287	-0.890296	-0.344955
0.784144	0.460356	0.416162
-0.500284	-0.108752	0.859005
-0.536949	0.253036	0.804772
-0.140542	-0.570927	-0.808882
0.988702	0.117536	0.0930236
-0.542403	-0.479647	-0.689738
0.0635438	0.291838	0.954355
-0.113237	-0.550897	-0.826855
0.0705504	-0.641689	-0.763713
-0.940962	0.146177	-0.305324
0.021233	0.179739	0.983485
0.0920976	0.120881	0.988385
-0.0351447	0.85768	-0.512981
0.200379	0.0603644	0.977857
-0.30587	0.0552991	0.950466
0.144966	0.483559	0.863224
0.391656	0.907616	-0.151127
-0.492539	-0.116093	-0.862513
-0.118429	-0.976918	0.177782
0.247356	-0.967285	0.0563397
0.563149	0.705012	-0.43107
-0.3125	-0.430055	-0.846993
-0.409228	0.455791	0.790435
-0.120997	-0.671058	-0.731465
-0.532783	-0.512933	-0.673084
-0.908846	0.298375	-0.291499
-0.419622	0.551714	0.720784
0.0450653	0.850226	-0.524486
0.948952	-0.168486	0.266649
-0.72033	-0.672513	0.169857
0.0689303	0.616206	0.784563
0.474031	0.612343	-0.632717
0.953441	-0.301486	-0.00752061
-0.787636	0.118365	-0.604664
0.07504	0.698906	0.711266
-0.119536	-0.784817	0.60809
-0.106286	-0.86198	-0.495675
0.661408	0.240713	0.71035
-0.394039	-0.244369	0.886012
-0.771179	-0.609696	-0.183177
0.430851	0.883047	-0.185998
0.836701	-0.545538	-0.048159
-0.135463	-0.916065	-0.377458
0.955394	-0.289663	-0.057592
-0.22128	0.870701	-0.439221
0.342684	0.887832	0.307119
-0.400997	0.365735	0.839904
-0.233226	-0.531056	0.814607
0.922539	0.364894	-0.125593
0.0451602	-0.367705	-0.928845
0.669555	-0.593783	0.446226
0.388903	0.0429368	0.920278
0.372954	0.696145	-0.613423
-0.542741	-0.31862	-0.777118
0.367215	0.447713	0.815295
-0.529829	-0.696047	-0.484561
-0.770143	0.549624	-0.323717
-0.787806	0.134579	-0.601041
-0.515019	-0.164967	0.841154
0.00935426	0.836085	-0.54852
-0.33806	0.644403	0.685901
-0.919264	-0.144465	-0.366174
-0.972579	0.0523358	0.22661
0.33605	-0.933688	-0.123686
-0.361522	0.918238	0.16168
-0.0488176	0.985339	0.163475
-0.140149	0.988533	-0.0562227
0.309048	-0.907169	-0.285541
0.0901276	0.969991	-0.225819
-0.524475	-0.259174	-0.811021
-0.355896	0.538039	0.764103
-0.375926	-0.575876	0.725979
-0.0796132	-0.361469	0.928979
0.0275543	0.0816623	-0.996279
0.771725	0.481667	0.415256
-0.0864559	-0.762876	0.640738
0.523932	0.670258	-0.525594
-0.576454	0.177984	-0.79751
0.275425	0.769436	0.57629
0.501543	0.147836	-0.852408
0.89433	-0.168833	0.41433
-0.585651	-0.322609	-0.743597
-0.746026	0.0387959	0.664786
0.131708	0.733418	-0.666897
-0.385183	0.903608	0.187421
-0.75334	-0.203113	0.625479
-0.331829	-0.175223	0.926923
0.582801	-0.792572	-0.179366
0.614764	0.687622	-0.386317
-0.610964	-0.734631	0.295026
-0.70923	0.558317	0.430437
0.359109	-0.920159	0.15604
0.123639	-0.364611	-0.922915
-0.430913	-0.0133622	-0.902294
0.156206	0.0402141	0.986906
-0.110891	-0.398197	0.910572
0.137392	-0.787143	-0.601273
-0.598001	0.5373	-0.59473
0.682567	0.705844	0.189436
0.324265	-0.439596	0.83762
-0.291285	-0.91384	-0.28293
-0.35885	-0.0932615	-0.928724
0.408565	0.419216	0.81076
-0.175573	-0.98442	-0.0095827
-0.329657	0.639135	-0.694862
0.35051	-0.570314	-0.74289
-0.839193	0.0631065	-0.54016
0.744187	-0.614388	-0.262133
0.758722	0.545798	-0.355592
-0.797367	0.477096	0.369574
-0.380305	0.233914	0.894792
0.75576	-0.619719	-0.2116
-0.94007	-0.00046809	0.340982
-0.482237	0.832103	-0.273956
-0.536825	0.525915	0.659722
-0.367382	-0.920057	0.136108
0.776698	-0.13725	-0.614738
-0.642659	0.61982	-0.450346
-0.466664	0.763993	0.445577
0.081367	-0.589207	0.803875
0.964491	-0.251435	-0.0808534
-0.80308	0.543912	-0.243356
-0.0587916	0.756955	0.650817
0.0562424	-0.780108	0.623111
0.65561	0.118072	-0.745811
-0.644215	-0.614461	-0.455439
0.203715	-0.881548	-0.425879
0.722468	-0.453307	-0.522066
-0.923576	-0.382251	-0.0298437
-0.281073	0.297161	-0.91252
0.186162	-0.10778	0.97659
-0.0370706	-0.775885	-0.629785
0.308421	0.942818	-0.126378
0.630733	0.700772	-0.333307
-0.328341	0.763759	0.555756
-0.180648	-0.874093	-0.450919
-0.0857447	-0.318059	0.944185
-0.366881	0.506133	-0.78053
-0.199395	0.772578	0.602798
0.355751	-0.800339	0.482596
0.0610477	0.919022	-0.389451
-0.390536	-0.814304	-0.429407
-0.604254	0.762372	0.231657
0.86595	-0.338258	0.368391
0.984002	-0.0815396	0.158402
-0.700057	-0.608737	-0.37331
0.00989387	0.637299	0.770553
0.148653	-0.519981	0.841144
0.596325	0.49736	-0.630103
-0.405955	0.346816	-0.845529
-0.0858979	0.162019	0.983042
-0.694762	-0.718291	-0.0369353
-0.0027181	0.929812	-0.368026
-0.948616	-0.0229117	-0.3156
0.497319	0.711618	-0.49626
-0.512358	-0.220987	0.829852
0.991478	-0.121723	-0.0464178
-0.368471	0.0235915	-0.92934
0.503529	0.0597829	0.861908
0.359782	-0.933	-0.00825421
0.782295	0.618353	-0.0751942
-0.917575	0.395129	-0.0439311
0.579948	0.245949	0.776639
0.527029	-0.821185	-0.218851
0.751401	0.631909	-0.189966
-0.939916	-0.307131	-0.149092
0.767207	-0.0192661	-0.64111
0.95788	-0.27882	0.0687362
0.913084	0.257205	-0.316423
-0.475969	-0.818163	-0.322587
-0.698187	-0.216121	0.682515
-0.0726149	-0.94071	0.331347
0.392529	0.579096	-0.714541
-0.766305	-0.0761838	-0.637944
-0.660373	-0.746709	-0.0795808
-0.488562	-0.783959	0.383034
0.672036	0.41013	-0.616572
-0.955707	0.168794	-0.241106
-0.102026	-0.299009	0.948781
0.0550707	0.288557	0.955878
0.893949	0.346316	-0.284464
-0.388804	-0.365056	-0.845911
-0.278828	0.753995	0.594766
-0.791177	-0.300402	0.532727
0.951441	-0.252087	0.17667
-0.836732	-0.524204	0.158397
-0.358629	0.46342	0.810325
0.134363	-0.990924	-0.00411259
0.965935	0.180192	-0.185743
-0.417286	-0.785441	-0.457117
-0.391881	0.743179	0.542323
0.352995	-0.932841	-0.0721339
0.442773	-0.396607	-0.804148
0.160329	-0.55068	0.819174
0.117543	0.0692638	0.990649
0.061389	-0.844722	-0.531673
0.855061	0.199513	0.478608
0.605028	-0.733404	-0.309936
0.00791688	-0.76794	-0.640473
-0.758421	-0.120875	-0.640458
0.922888	-0.293409	-0.249378
-0.825462	-0.319157	-0.465566
-0.883629	0.454165	0.11373
0.633325	-0.563536	0.530402
0.691833	0.255155	-0.675473
-0.507833	-0.671694	-0.539383
-0.394867	0.139995	0.90801
0.579033	-0.796155	0.175663
-0.279574	0.642838	-0.71316
-0.798611	-0.0476918	-0.599955
-0.466671	0.455173	0.758311
-0.323841	-0.831552	0.451274
0.518045	0.7607	-0.391107
0.340839	-0.813331	0.47151
-0.0951272	-0.933982	-0.344426
0.000247928	-0.889923	-0.456111
0.0487968	0.870355	-0.490001
0.167439	0.983901	-0.0624688
-0.4708	0.55169	0.688466
-0.354364	-0.867193	0.34986
0.457644	0.810277	-0.366077
-0.435927	-0.53729	-0.722002
-0.179053	0.152118	0.972008
-0.339564	0.887834	-0.31056
0.885753	0.302166	-0.352331
-0.13686	-0.30408	-0.942764
-0.154301	0.167581	0.973708
0.704544	-0.497589	0.505987
-0.0656916	0.690957	-0.719905
-0.358255	-0.23091	-0.904618
-0.580611	-0.800656	0.147786
0.356641	-0.872888	-0.332977
-0.283933	0.589789	-0.755996
-0.338636	0.044359	-0.939871
-0.344636	0.68447	0.642438
0.164191	-0.229894	0.959265
0.402651	0.884365	-0.236159
0.265057	0.306019	0.914384
-0.947346	-0.318364	0.0343395
-0.733224	0.115543	0.670099
-0.0445923	0.818119	0.573318
-0.28087	0.80326	0.525248
0.016735	-0.00255552	0.999857
0.411071	-0.837344	-0.360383
0.391103	0.919604	-0.036982
-0.886751	-0.298989	0.352532
-0.462384	0.310439	0.830559
-0.622184	-0.764222	-0.169861
0.547324	0.82039	-0.165521
0.313126	-0.904221	-0.290407
-0.322042	0.327218	0.888379
-0.0458253	-0.824842	0.563503
0.747897	0.640038	0.176074
-0.242087	-0.850639	-0.466698
0.473503	0.432051	-0.767546
0.00626562	-0.8761	-0.482089
0.587914	0.806731	0.0595135
-0.511478	-0.818038	-0.263068
0.962453	-0.239387	-0.127977
0.0616933	0.976204	-0.207894
0.34891	0.860239	0.371821
-0.68069	-0.312071	-0.662777
0.0171102	-0.329644	0.94395
0.431336	0.35257	-0.830448
-0.857282	0.486069	-0.169715
-0.704092	0.00109116	-0.710108
-0.852774	-0.309915	0.420391
0.480261	-0.812362	0.330783
0.294877	0.939192	0.175972
-0.880287	0.0152628	-0.474195
-0.815227	0.196698	0.544715
0.534973	-0.833553	-0.137815
0.42741	0.903964	-0.0130333
-0.867744	0.303222	-0.393797
-0.057228	-0.785283	0.616487
0.0988057	-0.980431	-0.17027
0.422243	0.904533	0.0594215
-0.60336	-0.151085	-0.783026
0.697958	-0.257697	0.668167
-0.648255	-0.697013	-0.306493
0.446024	0.876967	0.178861
-0.605214	-0.321831	-0.728108
0.703099	0.649993	-0.288378
-0.963843	-0.202928	-0.172707
-0.798217	0.502561	-0.332088
0.351192	0.851579	0.389201
-0.709085	0.458711	0.53552
-0.489947	-0.793857	-0.360198
0.845242	0.453239	-0.283089
0.362403	0.457135	-0.812214
-0.473783	0.593468	0.650635
0.379074	-0.769966	-0.513279
0.511117	0.49258	-0.704361
-0.936693	0.209362	0.280666
-0.458355	-0.323879	0.827655
0.509783	-0.765612	-0.392378
0.166471	0.952004	-0.256859
-0.825079	-0.347704	-0.445361
-0.0492579	-0.0154824	0.998666
0.42633	-0.806505	-0.409625
0.257953	0.960059	-0.108387
-0.701148	-0.339968	-0.626748
-0.178283	0.316673	0.931629
0.264234	-0.934899	0.236946
0.967815	0.246985	-0.0483009
-0.0215452	-0.490747	-0.871036
0.849056	-0.250589	-0.46509
0.991787	-0.123556	-0.0330434
0.613844	0.676358	-0.407107
-0.605851	-0.592835	-0.530557
0.895091	-0.167193	-0.413351
0.558054	-0.759312	0.334696
0.460378	0.774814	0.433262
-0.121752	0.820807	-0.558079
-0.247867	0.506161	0.826053
0.705306	-0.688827	0.167513
-0.861873	0.0478557	-0.504861
-0.48241	-0.831921	-0.274203
-0.0484101	0.573637	0.817678
-0.102209	-0.985115	-0.138208
0.523364	0.83694	0.160068
-0.607227	-0.267277	-0.748223
0.193623	0.871631	0.4503
-0.221362	-0.972576	-0.071381
0.921595	0.311607	-0.231439
-0.171816	-0.863037	-0.475022
0.0765871	0.460025	0.884597
0.367154	-0.921152	-0.129141
0.834246	0.508011	0.214381
-0.456616	-0.520423	-0.721569
0.879086	0.363052	0.308869
0.258196	-0.891597	-0.372007
0.856224	0.505361	0.107199
-0.468944	-0.728731	-0.499042
-0.0422119	-0.160326	0.986161
-0.167893	-0.65506	0.736687
0.401301	0.804316	-0.438216
-0.706977	-0.419747	-0.569206
-0.0786923	0.829719	0.552606
-0.456936	-0.883257	-0.105198
0.234985	0.949262	-0.209005
0.0454436	-0.726651	-0.685502
0.545249	0.439073	0.714085
0.35749	-0.921056	0.154454
0.261207	0.940574	-0.217004
-0.381675	-0.71745	-0.582743
0.156172	0.980398	0.120125
0.204969	-0.883452	-0.421309
0.49508	0.85992	0.124231
-0.868892	-0.456416	0.1916
-0.170087	0.29782	0.939347
0.0738114	0.833657	0.547329
0.388462	0.893947	0.22351
-0.964617	-0.155113	-0.2132
0.00425005	0.27987	0.960029
0.0779368	-0.064951	-0.99484
-0.0202571	0.918982	-0.393778
-0.427089	-0.786543	-0.446032
-0.438411	0.537939	0.720012
0.276744	-0.821316	-0.498852
0.841164	0.285671	-0.459167
0.95995	-0.224599	-0.167488
0.0987235	0.634643	0.766474
-0.502778	-0.864328	-0.0122877
0.34539	0.747004	-0.568059
-0.652731	-0.274545	-0.706093
0.330875	-0.0965316	0.938724
0.521052	-0.768788	0.370768
0.443659	0.820151	-0.361275
-0.435418	-0.717764	-0.543346
-0.661316	0.0834578	0.74545
0.89206	-0.435426	-0.120965
0.121314	0.963812	-0.23738
-0.0929954	-0.69041	-0.717416
-0.28782	0.938189	0.19225
0.204244	-0.901462	-0.381642
0.602427	0.751734	0.268285
-0.476858	-0.626612	-0.616412
-0.146533	0.747335	0.648088
-0.719994	-0.443628	-0.533669
0.740668	0.651765	0.16314
-0.588043	-0.525405	-0.614943
0.36848	0.913606	-0.171893
0.0918424	-0.53229	-0.841565
0.437298	0.899287	-0.00729338
-0.490076	-0.712306	-0.502441
-0.186542	-0.480533	0.856907
0.24394	0.349813	-0.904502
-0.499913	0.358879	-0.788221
-0.597495	-0.801576	-0.0218185
-0.959216	-0.270584	0.081792
-0.115912	-0.832863	0.541205
0.271162	0.853915	-0.444185
-0.946788	-0.191261	-0.258865
-0.711326	0.299755	0.635737
-0.483483	0.801119	0.352779
0.405212	0.888867	-0.213818
-0.0628996	-0.970422	-0.233077
-0.00284313	0.766895	0.641766
0.220581	-0.971776	-0.0836407
0.291004	0.857824	-0.423621
0.632593	0.769418	-0.0884388
0.0176642	0.959993	0.279466
0.216422	-0.668762	-0.711279
0.32109	0.494713	0.807565
-0.865319	-0.346741	-0.361931
-0.557147	-0.405887	0.72446
0.582768	-0.0149859	-0.8125
0.390314	0.840445	0.375909
-0.807434	-0.0191778	-0.589646
0.376132	0.379666	0.845209
0.454749	0.208043	-0.86598
0.441111	0.828024	-0.346118
0.112572	-0.991541	-0.064601
-0.381922	0.0638193	0.921988
-0.429773	-0.682344	-0.591356
0.734923	0.67215	0.090015
-0.203694	-0.965011	-0.165114
-0.151514	0.391136	0.907775
0.185317	-0.981289	0.0522503
0.691944	0.664683	-0.281796
0.0540226	-0.89233	-0.44814
-0.228316	0.446654	0.865085
-0.0641221	0.835494	0.545746
0.703403	0.412773	-0.578656
-0.725904	-0.575216	-0.37708
-0.269034	-0.759184	0.592672
-0.272845	-0.6156	-0.739319
0.631924	0.48101	0.607702
-0.502074	0.226171	-0.834727
0.227108	0.575718	0.785475
0.429087	-0.865231	-0.259343
0.266097	-0.963081	0.0408446
-0.580577	-0.318266	-0.749425
-0.225375	0.346483	0.91058
0.0923365	-0.0892744	-0.991718
0.783698	0.582072	0.216815
-0.499783	-0.731226	-0.464248
0.158154	0.0700099	0.984929
0.715013	-0.680575	0.159919
0.140474	0.84979	-0.508058
-0.68654	-0.649066	-0.327683
0.0147535	0.545856	0.837749
0.692613	-0.518885	0.501045
0.581798	0.813302	0.00709361
-0.791748	-0.600694	-0.110913
-0.615928	0.520776	0.591121
-0.0834106	-0.978826	0.186928
-0.216219	0.572215	-0.791088
0.552173	-0.516366	-0.654578
-0.206067	0.850595	0.483762
-0.119187	-0.884468	-0.451121
-0.261506	-0.431112	-0.863572
-0.529842	-0.151218	-0.834506
0.378069	0.250077	0.891361
-0.946815	0.269526	-0.175777
0.640526	0.740962	-0.201744
-0.621521	-0.416808	-0.663312
0.260018	-0.478563	0.83867
-0.757427	-0.356886	-0.546751
0.557434	0.741828	-0.372771
-0.99987	0.00942988	0.0130622
-0.0807209	0.0493686	0.995513
-0.282379	-0.932291	0.226044
0.254083	0.560285	-0.788367
-0.542652	-0.535174	-0.647393
-0.509678	0.429582	0.745445
-0.18946	-0.804683	0.562664
0.250501	0.962507	-0.104067
-0.596111	0.79881	-0.080959
-0.721313	-0.174862	-0.670172
-0.447291	-0.810728	0.377691
0.748737	0.642033	-0.164885
0.0283187	0.941553	-0.335674
-0.730609	0.108348	0.674145
-0.339994	-0.580687	0.739734
0.290616	0.920925	-0.259691
0.0234223	-0.166137	-0.985824
0.732343	0.250414	0.633219
0.154702	-0.824449	0.544381
0.530021	0.839922	-0.116659
-0.355258	-0.0843119	-0.930958
0.452529	0.890073	-0.0546517
0.400395	0.622386	0.672547
0.646682	0.733537	-0.209106
-0.126231	-0.160674	-0.978902
-0.476946	0.54449	0.689965
-0.534939	0.475317	0.698509
0.559074	0.743825	0.36628
-0.519122	-0.360067	-0.775154
-0.0989704	0.603863	0.79092
0.011281	-0.976108	-0.216991
0.365244	0.929085	-0.0582906
-0.514436	-0.786755	-0.341134
-0.332972	0.278221	0.900957
0.476836	0.819431	-0.318057
0.728314	0.676261	-0.110591
-0.396571	-0.787854	-0.471187
0.144106	0.903721	0.403139
0.132754	-0.886548	-0.44318
0.466455	-0.470522	-0.749019
-0.919666	-0.387743	-0.062213
0.094177	0.921455	0.376898
0.454658	-0.890661	0.0031698
0.268053	0.476747	0.837174
-0.405552	-0.502002	-0.763886
-0.294847	0.907891	0.297993
-0.129161	-0.969978	0.20606
0.742547	0.29434	-0.601655
0.0649598	0.682118	-0.728351
-0.0525894	0.494315	0.86769
0.504734	-0.860658	0.0671705
0.706408	0.497467	-0.503502
-0.777583	-0.628563	0.01653
-0.126638	0.279765	0.95168
0.462178	-0.885243	0.0523046
0.581263	0.609884	-0.538679
0.923725	0.110655	-0.366726
-0.391966	0.554622	0.734001
-0.306749	-0.951281	0.0311357
0.483547	0.815564	-0.317865
-0.61449	-0.669523	-0.417302
-0.0193428	0.579685	0.814611
0.110932	0.686716	0.718412
0.460325	0.58766	0.6654
-0.631257	-0.561902	-0.534584
-0.045527	0.514448	0.856312
-0.530237	-0.656841	0.536105
0.492226	-0.869646	-0.0378104
-0.689783	-0.35183	-0.632784
-0.0977348	0.777699	0.620993
0.00808176	-0.92329	0.384019
0.656415	0.590926	-0.468963
-0.711392	-0.252729	-0.655782
-0.974152	0.224322	-0.0265932
0.144215	-0.94366	0.29784
0.504574	0.860214	0.0737289
-0.14745	-0.60135	-0.785262
0.299372	0.767473	0.566888
-0.401465	-0.64062	-0.654547
0.743588	0.603523	0.287813
0.133679	-0.606627	0.783667
-0.835647	-0.54188	0.0897805
-0.197017	-0.913516	0.355912
0.460294	0.886522	0.0469922
-0.497414	-0.200745	-0.843967
-0.303109	0.0883834	0.948848
0.775187	0.068546	0.628002
0.790422	0.581656	-0.192118
-0.582904	-0.259058	-0.770138
-0.270415	-0.137971	0.952806
-0.556788	-0.206725	-0.80452
0.842109	-0.0799217	-0.533352
-0.738374	-0.436893	-0.513739
0.305076	0.590534	0.747127
-0.236571	-0.924577	0.29865
0.123038	0.944493	-0.304623
0.208048	-0.929565	0.304344
-0.162326	0.461231	0.872305
-0.068544	-0.948934	0.307937
0.809247	0.405927	-0.424669
-0.389847	-0.0775908	-0.917605
0.412499	0.635129	0.653036
0.534286	-0.72914	0.427659
-0.836218	0.494513	-0.237056
0.0037465	-0.896899	-0.44222
0.605408	0.485723	0.630519
0.480358	-0.819145	-0.313462
0.214822	0.569979	0.79308
-0.430693	-0.665934	-0.609126
0.989607	-0.0422196	-0.13746
-0.331248	0.889319	0.315255
0.769397	0.530652	0.355579
-0.71362	-0.552932	-0.43013
-0.00949526	-0.263324	0.964661
0.179331	-0.681053	0.709934
0.737728	0.666019	-0.110351
-0.896365	-0.408354	-0.172561
-0.706193	0.336214	0.623098
0.000928771	-0.888974	0.457957
0.623724	0.717175	-0.310852
-0.956893	-0.108084	0.269579
0.976426	0.0623655	-0.206648
0.841803	-0.495045	-0.215169
0.140008	0.938674	-0.315101
-0.622737	-0.418271	-0.661247
0.0580906	0.950928	-0.30391
0.328213	-0.773135	0.542714
0.376673	0.89481	-0.23965
-0.903447	-0.0853089	-0.420125
0.51219	0.713227	0.478506
-0.867392	0.444888	0.222949
-0.17239	-0.968824	-0.177938
0.273909	-0.763462	-0.584893
0.990928	0.133896	0.011599
0.575006	-0.660221	0.483194
0.0664927	0.82195	-0.565665
-0.825861	0.39378	0.403597
0.0116088	0.0719474	0.997341
0.103537	-0.918346	-0.381996
0.193941	0.966275	-0.169411
-0.46381	-0.768719	-0.440399
0.396469	0.0808289	0.914483
-0.329201	0.630807	-0.702645
0.364541	0.898739	-0.243676
0.630504	-0.258469	-0.731887
-0.348989	0.774169	0.528081
-0.421647	-0.90248	0.087999
0.781748	0.51861	0.346286
-0.11823	0.695902	-0.708338
0.481844	0.598336	0.640172
0.00940824	-0.971516	0.236788
0.587879	0.183191	-0.787934
-0.610282	0.64115	0.465277
0.276506	0.421061	0.863858
-0.636755	-0.754487	0.159035
0.869127	0.477759	-0.127927
-0.559117	-0.258078	-0.787898
0.144421	0.743727	0.652697
0.221887	-0.886885	-0.405218
0.861503	0.0680894	0.503166
-0.273451	0.0562256	-0.960241
-0.251222	0.380047	0.890197
-0.124812	-0.704117	-0.699029
-0.135421	0.214094	0.96738
-0.512431	0.246492	-0.822591
-0.422023	0.435109	-0.795347
0.426651	-0.60894	-0.6687
0.127638	0.343988	0.930258
-0.933424	-0.0908354	-0.347085
-0.403395	0.50996	0.759745
0.30738	-0.852489	0.422823
0.690794	0.631719	-0.351759
-0.539388	0.621613	0.568029
-0.0783414	-0.86515	0.495356
0.293728	-0.715671	0.633671
-0.07427	-0.093242	-0.99287
-0.632519	0.667977	-0.392081
0.411452	0.911149	0.0226825
-0.20135	-0.973303	0.11018
0.850427	0.470973	-0.234432
-0.620364	-0.262181	-0.739195
0.756143	0.373133	0.537606
-0.176807	-0.805747	0.565253
0.663501	0.244628	0.707053
-0.701599	-0.0656647	-0.70954
0.0371629	0.436727	0.898826
0.261295	-0.922943	0.282668
0.783761	0.504183	0.362654
0.131031	0.165163	-0.977524
-0.0814402	0.543538	0.835424
-0.227838	-0.97139	-0.0670187
0.0620579	0.982597	-0.175076
-0.743935	-0.130327	-0.65542
0.161119	0.531244	0.831757
0.276105	-0.584951	0.762626
0.251655	0.4615	-0.850698
-0.211894	-0.208319	-0.954832
0.398224	0.847064	-0.351993
0.129681	-0.76757	0.62771
0.0175344	0.847389	-0.530683
-0.685795	-0.540231	-0.487684
0.468496	0.882389	0.0436015
-0.355229	-0.898029	0.259529
0.223409	0.974227	0.0311542
-0.705929	0.545242	0.452079
0.466434	0.878227	0.10562
0.205918	-0.975626	-0.0758424
0.977964	-0.0673019	-0.197626
-0.831843	-0.108937	-0.544215
-0.460106	0.0492353	0.886498
0.46501	-0.763517	-0.448115
-0.131487	0.692391	0.709441
-0.591184	-0.121267	-0.797368
0.520952	0.848812	-0.0901527
-0.0522002	-0.969102	0.241072
0.839103	0.508802	-0.192422
-0.459903	-0.205312	-0.863908
0.133508	0.372873	0.918227
-0.175412	-0.979013	-0.103747
0.460554	0.825127	-0.327194
-0.737887	-0.111147	-0.66571
0.665347	0.387808	0.637901
-0.163199	-0.907639	0.386727
0.3479	-0.0806421	-0.934057
-0.892675	-0.0822342	-0.443135
