864
-0.141859	0.780816	-0.608443
0.312103	-0.635287	-0.706401
-0.619536	0.475273	0.624733
0.452457	-0.834011	0.315766
0.563414	0.475267	-0.675785
0.633218	-0.575639	-0.517373
-0.250475	0.717212	0.650285
0.17832	-0.824552	0.536951
0.185929	0.426631	-0.885108
-0.400559	0.903575	0.152002
0.723729	-0.678683	0.124919
0.00466377	0.676606	0.736331
0.605927	0.591006	-0.532507
-0.19727	-0.976296	-0.0890514
-0.911034	0.319191	0.261026
-0.810895	0.0860589	-0.578829
0.815623	-0.575429	0.0603383
0.962061	0.271834	0.0233354
-0.497852	0.864303	0.0715824
-0.454785	-0.751109	0.478545
0.566988	0.344062	-0.748429
0.201085	0.941743	0.2696
-0.875423	0.470461	-0.110908
0.177147	-0.729303	0.66086
-0.0603267	-0.362563	0.930005
-0.387561	-0.724303	0.570246
-0.468343	0.789202	-0.39726
-0.53697	0.843519	0.011754
0.424608	-0.173733	0.888552
-0.434188	0.728503	0.529872
-0.462943	0.881598	-0.0920233
-0.696936	0.7104	-0.098036
0.240563	0.788665	0.565806
0.388132	-0.406122	-0.827296
0.438277	0.610636	0.659573
-0.732734	-0.44724	0.51291
-0.770544	0.130007	0.623988
0.953941	-0.241407	-0.1781
0.210649	-0.977447	-0.0149592
-0.046722	-0.721856	0.690464
-0.67209	-0.0273857	0.739963
0.715573	-0.0160173	-0.698355
-0.890901	0.402922	0.20964
-0.440308	0.199416	-0.875421
-0.474066	-0.86762	0.149988
0.000270324	-0.164777	-0.986331
-0.0812189	-0.990003	0.115311
0.567688	-0.269138	0.778007
0.0426306	0.926991	-0.372652
0.63201	-0.227823	-0.740716
-0.828467	0.290539	0.478779
-0.0690831	-0.73792	0.671344
-0.774579	0.444289	-0.45015
0.31712	-0.2836	-0.904989
-0.949545	0.267921	0.163044
0.799819	-0.0751423	0.595519
0.730189	0.592805	0.339716
0.106627	0.727883	-0.677361
-0.760057	0.596298	0.258344
-0.183366	0.954211	0.236344
0.80471	0.590107	-0.0649313
0.872563	0.252475	-0.418198
-0.703492	-0.23806	0.669646
0.570133	-0.806253	0.157811
0.563016	0.772634	0.293341
0.544263	-0.76638	-0.341232
-0.97557	0.219545	0.00797066
0.215116	-0.898334	0.383043
0.249732	0.920397	-0.300839
-0.225055	-0.492671	-0.84061
0.938724	-0.3417	0.0451548
-0.136319	-0.83807	0.528258
-0.48641	0.615252	0.62038
0.155502	-0.555896	-0.816577
0.151374	0.969959	0.190436
-0.157185	-0.259622	0.952832
-0.407311	0.34755	0.844575
0.543867	0.00300729	-0.839166
-0.813773	0.318429	-0.486185
-0.183817	0.901351	-0.392144
-0.0318277	0.854975	0.517692
0.189976	-0.585498	-0.7881
-0.638955	-0.0322158	-0.768569
0.308595	-0.841034	0.444332
0.467791	0.784049	0.407968
0.326015	-0.665688	-0.671248
-0.983478	0.0274628	0.178932
0.047521	-0.0733158	-0.996176
0.915957	0.229431	-0.329217
0.0488276	-0.620785	-0.782459
-0.410642	0.343959	0.844432
-0.181513	-0.983379	-0.00430607
0.691012	-0.10572	-0.715071
0.417865	0.286084	-0.862291
-0.489934	0.558714	0.669181
0.785255	-0.463256	-0.410814
0.0319987	0.703907	-0.709571
-0.34707	-0.930459	-0.117427
-0.123055	0.753761	0.645524
0.103774	-0.882073	-0.459541
0.160824	-0.3884	0.907348
-0.581401	-0.596482	0.553337
0.229833	0.871278	-0.433648
-0.868295	0.401633	-0.291128
0.389127	0.741481	-0.546612
-0.0688769	-0.792842	-0.605523
-0.790968	0.483715	0.374687
0.877506	-0.31529	-0.361353
0.56446	0.703531	0.431773
0.452708	-0.750248	0.481855
-0.247121	0.391404	0.886416
-0.0766021	-0.834655	0.545421
0.94871	0.299492	0.101266
0.720777	-0.00791411	-0.693122
-0.711843	0.401796	0.576055
-0.674372	-0.721503	-0.157021
0.799948	0.471266	-0.371472
0.312306	-0.948633	-0.0506041
-0.90988	0.237056	0.340475
-0.872189	-0.478474	0.101726
0.457728	0.63284	-0.624498
0.23032	-0.869049	-0.437842
-0.0698402	0.947916	0.310769
0.435315	-0.900277	0.00166136
-0.377863	0.90727	-0.184609
0.239147	-0.530096	-0.813515
-0.721795	0.688816	0.06741
0.0260318	-0.966909	0.253789
-0.867051	-0.495289	0.0539606
0.807408	-0.533203	-0.252562
-0.603741	0.676433	0.421823
-0.795131	0.467546	0.386222
-0.899108	-0.336144	0.280377
0.348797	-0.345246	-0.87129
-0.816935	-0.119509	-0.564211
-0.217763	-0.918773	0.329295
0.419681	0.699257	0.578712
-0.116931	-0.979862	-0.161856
-0.572624	0.778596	0.256691
-0.147655	-0.783488	0.60361
0.93289	0.312866	-0.178412
-0.204481	-0.516857	-0.831292
-0.884009	-0.222822	0.410947
-0.569353	0.346664	-0.745427
0.00937504	0.993185	0.116174
0.00316167	-0.767575	-0.640951
-0.353943	0.825816	0.439036
0.0972566	-0.931845	0.349581
0.725053	0.687453	-0.0413127
0.823292	-0.561847	-0.0807368
0.557849	-0.10194	-0.823658
-0.625395	-0.668438	-0.402581
0.994086	-0.0961781	0.0504293
0.290703	-0.894162	-0.340538
-0.771485	0.294327	0.564077
-0.545173	-0.838282	-0.00831587
0.366741	0.930301	0.00642271
-0.759819	-0.572386	-0.3083
-0.863748	0.0856193	-0.496596
-0.0729301	-0.9311	-0.357398
0.571957	0.688243	0.446304
-0.433632	-0.492926	-0.754312
-0.124966	0.945842	0.299612
-0.00793365	0.36286	0.93181
0.936998	0.260583	0.23266
-0.363943	0.649397	-0.667704
-0.514329	0.791348	0.330505
0.418238	0.902698	0.10106
0.668313	0.533576	0.518319
-0.488809	-0.399788	-0.775394
-0.293216	0.954922	-0.0463513
-0.12619	-0.878846	0.460115
-0.129635	0.915033	0.381982
-0.364907	0.871034	-0.32885
-0.742586	0.322735	0.586864
0.732534	-0.535716	0.420004
0.558307	0.53515	-0.633961
-0.156543	-0.935014	-0.318188
-0.837997	0.479573	0.260328
-0.395613	-0.626672	0.671396
0.206211	0.950574	0.232133
-0.794473	-0.278887	-0.539477
-0.499332	0.499645	-0.707829
-0.0411091	-0.998386	-0.0391877
0.631439	0.683244	0.366691
-0.792662	-0.564344	0.230657
0.254536	0.957432	-0.136143
0.14152	-0.968111	0.206719
0.994402	0.103296	-0.0222377
-0.507728	-0.329178	-0.79615
-0.825192	0.390966	0.407681
-0.21561	-0.317643	-0.923372
0.861823	0.326541	0.388114
-0.570172	-0.703513	0.424232
-0.108596	0.980636	-0.162975
0.137431	-0.942164	-0.305678
-0.895357	-0.312524	-0.317276
0.302236	-0.842902	-0.445162
-0.554578	0.0286639	-0.831638
0.106266	-0.989599	0.0969606
0.798139	0.396765	0.453378
0.076149	-0.200069	-0.976818
-0.644277	0.175307	0.744429
-0.892529	-0.293272	-0.342613
0.419108	0.906979	-0.0416797
-0.11326	-0.0923776	0.989262
-0.655194	-0.751965	-0.0725871
-0.589465	-0.73245	-0.340658
0.862812	0.467645	0.192001
-0.320234	0.799397	0.508346
0.259065	0.913484	0.313739
-0.738422	-0.663473	-0.120565
0.967777	0.0489325	0.247008
-0.631472	0.765801	-0.121621
-0.843047	-0.104751	-0.527541
0.855321	0.0528248	-0.515398
-0.83214	-0.522293	-0.186423
0.878351	-0.360663	-0.313721
-0.248724	0.868269	0.429238
-0.676274	-0.420248	0.605017
0.377222	0.70664	0.598635
0.963863	0.265803	-0.0177777
0.229202	0.185625	0.955515
0.967758	0.215884	0.129762
0.131289	0.779482	-0.612512
0.49219	0.0559591	-0.868687
0.576715	0.18232	0.796341
0.107009	-0.918061	0.381725
-0.544212	-0.752051	0.371824
0.509946	-0.381492	-0.770986
-0.0274767	0.986926	-0.158816
-0.410839	-0.395865	0.821281
0.274033	0.954663	0.116293
-0.611019	-0.732544	0.300057
0.771031	-0.636517	-0.0188928
-0.48842	-0.593308	0.639869
0.174453	0.408307	0.89602
0.0658752	-0.14603	-0.987084
-0.145711	0.790172	-0.595313
0.215462	0.351111	-0.911207
0.291311	-0.318267	0.902133
0.00420464	-0.472925	-0.881093
-0.41335	0.707736	-0.572932
0.661965	-0.506552	-0.552455
-0.139479	0.749409	0.64725
0.354831	-0.435015	-0.82756
-0.949129	0.155252	-0.273954
0.741437	-0.105611	0.662659
0.1616	0.965147	0.205857
0.193022	0.0486436	-0.979988
-0.352965	0.846152	0.399302
-0.175345	-0.939357	0.294724
0.173968	-0.961609	0.212233
-0.387211	-0.19384	-0.901384
-0.456151	0.630444	0.628066
0.0404174	-0.701604	0.71142
0.262611	0.907381	0.328168
-0.316596	-0.939283	0.132342
0.5027	0.473278	0.723395
0.0038442	-0.824028	0.566536
-0.281042	0.325716	0.902732
-0.922765	0.0375165	-0.383532
-0.508193	0.776164	-0.373241
0.543044	-0.280275	-0.791549
0.396917	0.598263	0.696088
0.101508	-0.587869	-0.802562
0.040278	0.84733	0.529537
0.45011	-0.808901	0.378259
0.0549009	0.973242	0.223127
0.706422	-0.335999	-0.622955
0.723189	-0.685514	0.0840674
-0.133901	-0.936589	0.323837
-0.0250805	0.909702	0.414504
0.72344	-0.522014	-0.451815
-0.85533	0.517994	0.00961488
-0.453405	-0.865589	0.212557
0.337598	0.213583	0.916739
0.393389	0.631318	-0.668343
-0.157935	0.820497	-0.549401
-0.323584	-0.944807	0.0513135
-0.00708933	0.855552	0.517669
0.872492	0.444481	0.202963
-0.47153	0.103143	-0.875797
0.441384	0.893218	0.0856885
-0.673096	0.37274	0.638755
-0.465533	0.218095	-0.857738
-0.966035	0.0516612	-0.253194
0.160018	-0.613418	0.773377
-0.0592762	0.239017	0.969204
-0.145099	0.00436184	-0.989407
0.464329	-0.127478	0.876441
0.798158	-0.525292	0.29498
0.233375	0.963576	0.130605
0.358141	-0.464579	-0.809877
-0.655311	0.728208	0.2007
-0.603281	-0.747141	0.278983
-0.199789	0.977064	0.0736831
-0.417477	0.493887	-0.762751
0.21628	0.824247	0.523297
-0.738956	-0.64981	0.178021
0.52255	0.622424	0.582692
0.873051	0.277705	0.400827
-0.733602	0.285231	0.616824
-0.943305	-0.171111	0.284424
-0.412672	-0.432246	-0.801789
0.716036	-0.489805	-0.497376
0.426385	0.758954	-0.492123
-0.0280905	-0.83843	0.544285
0.00220972	0.998434	-0.0558984
0.109293	-0.968072	-0.225593
0.133927	0.614248	-0.777665
0.748079	-0.0550066	-0.661326
0.185497	0.416609	0.889959
-0.583316	-0.464636	-0.666225
0.0944818	-0.0521874	-0.994158
-0.011565	-0.659505	-0.751611
-0.548703	0.831241	-0.0892365
-0.185187	-0.357135	-0.915511
0.933299	0.0708085	0.352051
0.331607	0.168984	-0.92816
0.260995	0.964717	-0.0346911
0.557418	-0.155188	-0.815599
0.183588	0.961662	0.20372
-0.25498	-0.966498	-0.029446
0.936732	-0.0918176	-0.337792
0.713781	0.0479781	-0.698724
-0.330357	0.164728	-0.92937
-0.423342	-0.579716	0.696212
-0.390089	0.365849	-0.844976
0.150001	0.670642	0.726456
-0.489194	-0.157394	0.857856
0.578689	-0.784937	-0.221345
-0.111424	-0.662217	0.740981
-0.864161	0.0823023	0.49644
0.705278	0.147382	0.693442
-0.136497	-0.801464	0.582257
-0.082326	0.737526	-0.670282
0.916719	0.327877	0.228305
-0.528209	0.330568	0.782126
-0.660395	-0.382125	-0.64642
-0.818166	0.524122	0.236432
0.98022	0.0293256	-0.195726
-0.312106	0.352093	0.882395
-0.133134	-0.471821	-0.871585
-0.222522	-0.285557	-0.93217
0.422784	-0.561797	0.711082
-0.201829	0.80288	0.560935
-0.197376	-0.957992	-0.208072
0.658104	0.752274	-0.0313559
0.278869	-0.960311	0.00585207
0.145331	0.573077	0.806512
-0.484945	-0.637911	0.598246
-0.00868439	-0.0387343	0.999212
0.144298	-0.831181	-0.536951
-0.456705	0.710789	0.534977
-0.942257	-0.185865	0.278577
0.905196	0.422046	0.0499654
0.784605	-0.194455	-0.588713
0.026055	0.579485	0.814566
-0.76221	-0.497848	-0.413742
0.818159	-0.0430166	0.57338
-0.566563	-0.567025	0.597904
0.542012	0.782824	0.305629
-0.719851	0.665467	-0.197403
0.123996	0.968643	-0.215302
0.407013	-0.801284	-0.438503
-0.110714	0.518692	-0.847763
0.477825	-0.867988	-0.135205
-0.457237	0.577292	0.676512
0.150673	-0.403796	-0.902356
0.335379	-0.516734	0.787723
0.19341	0.973586	-0.121334
-0.091074	0.705539	0.702795
0.173078	-0.165008	-0.970987
-0.630768	0.38612	0.673085
0.233935	0.944088	0.232319
0.644483	0.57911	0.499272
-0.541187	-0.196714	-0.81757
-0.140289	0.612402	0.777999
-0.901534	-0.24374	-0.357531
0.742654	-0.484426	-0.462381
-0.110895	-0.190505	-0.975403
-0.322962	0.523617	0.788366
0.226732	-0.8161	-0.531576
0.718053	0.615512	-0.324877
-0.196007	-0.65466	-0.73007
-0.407111	-0.112116	0.906471
-0.00145474	-0.963853	-0.266429
0.551399	0.83116	-0.0716416
-0.119039	-0.988424	-0.0940578
-0.274855	0.687868	0.671783
-0.753251	-0.530364	0.389008
-0.87832	-0.290589	0.379621
-0.16832	-0.811416	-0.559707
-0.366111	0.747597	0.554131
-0.146026	0.526831	-0.837333
-0.54698	0.830815	-0.102754
0.897017	0.00804905	-0.441922
0.0605931	-0.348365	0.935398
-0.176095	-0.967558	0.181171
0.605416	0.709855	-0.359968
-0.0544673	-0.932037	0.358245
-0.0120544	-0.449096	0.893402
-0.472815	-0.614773	0.631269
0.77632	0.586041	-0.232128
-0.643045	0.510182	-0.571146
-0.44186	0.476736	0.759922
0.59675	-0.776215	-0.203423
0.962218	-0.114283	-0.247136
-0.0764218	-0.950785	-0.300279
0.997507	0.0197082	0.0677567
-0.914751	0.0704295	-0.397831
0.898668	0.253454	-0.357991
-0.500409	0.647659	0.574568
0.0924104	0.595007	0.79839
-0.199613	-0.648746	-0.734359
-0.243549	0.654829	0.71546
0.500362	-0.649117	-0.572962
0.428161	0.859568	0.278966
0.497056	-0.647465	-0.577688
0.369224	0.902505	-0.221715
-0.603833	-0.797024	-0.0117512
-0.121745	0.960219	0.251311
-0.851844	-0.427665	-0.302431
0.280715	0.480279	-0.830982
0.581201	-0.718991	-0.381127
-0.45044	0.529891	0.718553
-0.644863	-0.755012	-0.118778
0.698344	-0.599667	0.390788
0.54575	-0.835994	-0.0571921
-0.084566	0.572315	0.815662
-0.892594	-0.220159	-0.393455
0.924072	0.223169	0.310299
-0.437305	-0.666263	-0.604035
-0.372621	0.692202	0.61807
0.539457	-0.810655	0.227649
-0.970746	0.088212	0.223316
-0.118045	-0.921813	-0.369224
-0.487801	0.799592	0.35029
0.516846	-0.838667	0.17178
-0.0196591	0.889402	0.456703
0.741543	-0.473368	-0.475434
0.617669	0.692758	-0.372252
-0.329223	-0.843568	0.42427
0.397785	0.82803	0.395136
-0.113798	-0.396998	-0.910737
-0.794194	0.607278	-0.0216447
0.6408	0.732679	-0.229253
0.942061	0.274773	-0.192409
-0.345897	-0.872656	-0.344713
-0.747134	0.574876	0.33363
-0.430537	-0.887566	-0.163902
0.927507	0.373773	0.00500224
-0.28509	-0.742668	-0.605944
-0.560343	0.74859	0.354443
0.762361	-0.630121	0.147492
0.992404	-0.122999	-0.00230143
0.101756	-0.990131	0.0963607
-0.553067	0.675857	-0.487169
0.0844794	-0.923068	0.375246
0.420004	-0.491847	-0.762681
-0.479755	-0.367119	-0.796906
-0.994255	-0.0422447	-0.0983504
-0.252506	0.909346	0.330651
0.546359	0.373431	0.749694
-0.555943	-0.579864	-0.595554
-0.858368	-0.025309	0.51241
-0.159016	-0.920459	0.357027
0.946475	-0.0299163	0.321387
-0.588211	-0.469921	-0.658166
-0.46596	0.45521	0.758727
-0.209596	-0.945384	-0.249636
0.9537	0.30058	0.010416
-0.0850611	-0.634418	-0.768296
-0.665036	0.630951	0.399535
-0.613087	-0.707346	0.351832
0.507462	0.515004	0.690835
-0.0794164	-0.806478	-0.585906
-0.567796	0.784945	0.247931
0.477686	-0.869191	-0.127764
0.402574	0.915271	-0.0146005
0.0651666	-0.560934	-0.825292
-0.912701	0.380334	-0.149409
0.702725	-0.709338	-0.0549247
0.206364	-0.639167	0.740864
-0.46964	-0.360128	-0.806068
-0.705275	0.707263	-0.0486443
0.0658281	-0.646942	-0.759693
0.388672	-0.902138	0.187299
0.918337	-0.00386763	-0.395781
-0.606733	0.621397	0.495722
0.00240984	-0.903972	0.427586
0.896914	0.327146	-0.297524
-0.868364	-0.314339	-0.383582
-0.944093	0.192279	0.267803
0.394511	-0.857733	0.329627
0.943306	0.276275	-0.183973
0.0376735	-0.997688	-0.0565651
0.194609	0.883821	0.425427
-0.146235	-0.894693	-0.422067
0.405474	0.632424	0.660023
0.666499	-0.74452	-0.0383306
-0.711783	0.669357	-0.212898
0.0268968	-0.991278	0.12901
0.29684	0.766574	0.56943
0.737259	-0.420169	-0.529063
-0.399348	0.634963	0.661319
0.250482	-0.905341	-0.342952
0.857768	0.506336	0.0886431
0.725079	0.32449	0.607426
-0.677385	0.723152	0.134913
-0.139665	-0.450933	0.881563
0.50297	0.864151	0.0162723
0.582577	0.146928	-0.799385
-0.102626	0.977809	-0.182638
0.204982	-0.775647	0.596954
0.695743	0.717593	-0.0316474
-0.177743	0.0164736	-0.983939
-0.68754	-0.172706	0.70531
-0.0436849	-0.915316	-0.40036
0.416455	0.878113	0.235548
-0.0244481	-0.491858	-0.870332
-0.434864	0.658821	0.61388
-0.730546	-0.550165	-0.404501
-0.532701	0.843334	-0.0708343
0.240792	-0.637697	-0.731684
-0.369092	0.529556	0.763768
0.531447	-0.767621	-0.358221
0.455693	0.772569	0.442133
0.841825	0.510126	0.176356
-0.180859	0.946539	-0.267121
0.0362225	-0.944495	0.326523
0.504229	0.859735	-0.081292
0.134356	-0.422228	-0.896478
-0.76199	0.628829	-0.154745
0.426493	-0.656775	0.621893
0.152367	0.725259	0.671405
0.20521	-0.82793	-0.52194
-0.520925	-0.633998	-0.571563
0.756967	-0.622561	-0.198539
-0.0722567	0.990381	0.118
-0.328347	-0.864209	-0.381222
-0.641472	0.766214	0.0378179
0.637513	-0.765369	0.0882435
0.972198	0.232321	-0.0292922
-0.368782	0.333333	-0.867692
-0.236807	0.960616	0.145395
0.263256	-0.946952	0.184333
0.536891	0.823272	-0.184312
-0.00196094	-0.181698	-0.983352
-0.778401	0.303667	0.549434
0.741077	-0.563694	0.364765
-0.434314	0.579028	0.689998
0.299276	-0.375843	-0.877027
-0.30606	0.89713	0.318568
-0.119261	-0.992621	0.0219003
-0.26522	0.548949	0.792662
0.700354	-0.433362	-0.567187
-0.499346	0.863591	0.06975
0.312227	-0.918902	-0.241111
0.0885654	-0.972864	-0.213758
0.512441	-0.645888	-0.565891
-0.67504	0.718709	0.166671
-0.32571	-0.828692	0.455172
-0.0270198	0.681994	0.730858
0.378638	-0.5587	-0.737894
0.675468	0.540872	0.501198
0.0681539	-0.994575	0.0785903
-0.330954	0.316233	0.889082
0.128966	-0.0851422	-0.987987
-0.578178	0.797948	0.170262
-0.64815	-0.667227	0.367027
0.538817	0.666626	0.515059
-0.981962	-0.185401	-0.0370982
-0.52863	0.196875	-0.825706
-0.52227	-0.836051	0.168089
0.368264	0.926909	-0.0722594
0.819122	-0.530519	-0.218148
-0.830138	-0.0439546	0.555822
0.887407	-0.145402	0.437455
-0.228713	0.514508	-0.826421
0.171859	-0.898915	-0.403008
-0.294537	0.758581	0.581208
0.447185	-0.0540076	0.892809
-0.86264	0.253294	-0.437829
-0.632695	-0.689923	-0.351716
-0.589458	0.706131	-0.392324
0.285256	-0.631809	0.720726
0.737391	0.399106	-0.544949
-0.57003	-0.700417	-0.429514
0.037043	0.64333	-0.764693
0.333049	-0.474967	0.814545
0.0432176	0.969274	-0.242158
0.0353651	-0.998124	-0.0499871
-0.321569	0.917293	0.234876
0.0133133	-0.792727	0.609432
-0.298975	0.92444	-0.236696
0.276031	-0.833855	-0.478009
-0.668154	0.662661	-0.338306
0.290653	-0.876161	0.384529
0.593902	0.76573	-0.246856
0.120134	-0.712705	-0.6911
-0.898412	0.436496	-0.0482358
-0.6925	-0.667942	-0.272575
0.304831	-0.721966	-0.621163
0.0195215	-0.461465	-0.886944
-0.662019	0.593303	0.457954
0.565936	-0.808152	0.163118
0.17946	0.974552	-0.134323
-0.789327	0.3812	0.481299
-0.7593	0.212381	0.615108
0.0662671	-0.301395	0.951194
0.693078	0.693683	0.196081
0.293535	-0.749863	-0.59291
-0.548754	0.642911	-0.534354
-0.230953	-0.342986	0.910506
0.511345	0.854196	0.0942092
0.779653	0.458332	-0.4267
-0.903812	0.027191	-0.427065
0.271055	-0.934659	0.230092
-0.243058	-0.84789	-0.471174
0.850628	-0.176215	-0.495359
-0.929261	0.192758	0.315149
0.0184638	-0.95297	0.302501
-0.422182	0.0717422	0.903668
0.549535	-0.0760521	-0.832002
-0.233993	0.602381	0.763142
-0.794855	-0.590337	0.140384
0.0164681	0.981166	0.192463
0.191645	-0.166135	-0.967301
0.840444	-0.491119	-0.229033
-0.762922	-0.548258	0.342584
0.812509	0.525342	0.252676
-0.00110095	-0.999252	0.0386555
-0.27233	0.544201	-0.793525
-0.27189	-0.399838	0.875332
0.604305	0.665072	0.438743
-0.0192903	0.249144	0.968274
-0.95271	0.301938	0.0343054
0.706319	-0.591972	0.388179
0.767062	0.577856	-0.278746
0.822879	-0.546845	-0.154374
-0.959699	0.265874	-0.0910433
0.059925	-0.962329	0.265202
-0.153234	0.192935	0.969173
0.745852	0.00810657	-0.666063
-0.891344	0.421814	0.16607
-0.0559627	0.681478	0.729695
0.157672	0.080411	0.984212
-0.333975	-0.453659	-0.826229
-0.172653	0.965345	0.195702
0.852382	0.382414	0.356658
0.142014	0.73945	0.658062
0.388997	-0.920576	0.0349479
-0.408867	0.852603	0.325418
-0.0425474	-0.998936	-0.0178076
0.756044	0.653318	-0.039653
-0.95298	-0.191047	0.235224
-0.0886395	0.958775	-0.269987
-0.017331	-0.7553	0.65515
0.750714	0.423585	0.506956
0.101638	-0.00809352	-0.994789
-0.564735	0.443903	-0.695719
-0.723585	-0.68982	0.0239521
0.332892	0.850048	0.408169
-0.32082	0.717928	-0.617781
-0.049971	0.954098	0.295295
0.265429	-0.92169	-0.282906
-0.0129199	0.994128	-0.107434
0.772083	-0.422711	-0.474556
0.275165	0.842004	-0.464019
-0.183862	-0.697594	-0.692501
0.489192	0.642922	0.589358
-0.985317	0.0724242	0.15461
-0.880017	0.474271	0.0252427
0.467611	-0.882152	0.0560961
-0.00687162	0.995223	-0.0973841
-0.414744	-0.0072884	-0.909909
0.969133	-0.2458	-0.019075
-0.183108	-0.950492	0.251071
0.316916	0.942928	0.102231
-0.378343	0.211551	-0.901167
0.913789	0.186883	0.360644
0.0624119	-0.997962	-0.0132863
0.206665	0.97688	-0.0547213
-0.620372	-0.0700453	-0.781174
-0.754198	0.363459	0.546884
-0.201208	0.951338	-0.233391
0.544668	0.767768	-0.337445
0.543094	-0.446119	-0.711356
-0.568852	0.756544	0.322565
0.165209	-0.941938	-0.292332
0.276554	0.930522	0.240098
0.160308	-0.391508	-0.906103
-0.701495	0.326292	0.633592
-0.518013	-0.695946	-0.497314
-0.203584	0.610954	-0.765042
0.301787	-0.468765	-0.830171
-0.034917	0.401624	0.915139
-0.593484	-0.780574	0.196167
0.224022	0.969266	-0.101673
0.195264	-0.890718	0.410479
-0.457098	-0.889233	-0.0180502
-0.459639	-0.866732	0.193669
0.64851	0.761206	-0.000932846
-0.639708	0.753019	-0.154065
-0.175628	0.848822	-0.498654
-0.47806	-0.874416	-0.0827981
0.854072	0.24982	0.456236
-0.936782	0.314534	-0.153326
0.383309	-0.898005	-0.216013
0.273402	-0.56656	-0.777342
-0.068675	-0.480192	-0.874471
0.351408	-0.705523	-0.615426
-0.611318	0.677577	0.408875
-0.297683	-0.953876	0.0388018
-0.802721	-0.571314	0.170996
-0.900751	0.304649	0.309574
-0.444147	0.366161	0.817716
-0.764029	0.578921	-0.284799
-0.0787541	0.937163	0.339887
-0.464147	-0.644591	-0.607511
0.0433845	0.997575	-0.0544244
-0.495593	-0.374395	0.783719
0.899945	0.185691	0.394485
0.711928	0.316211	-0.627031
-0.715681	0.593803	-0.367693
-0.914743	-0.270353	0.300256
0.923862	0.270088	-0.271169
-0.269188	0.386776	0.88201
-0.698698	0.565737	0.437907
0.160384	-0.445982	-0.880555
0.94234	0.188818	-0.276301
0.207998	-0.905934	-0.368809
-0.0336467	0.98598	0.163435
0.841623	0.490951	-0.225029
0.39129	0.860282	-0.326814
-0.0665753	-0.973032	0.220854
-0.450133	0.848998	-0.276737
0.132497	0.989849	-0.0514187
0.15217	0.979778	0.129918
-0.423359	-0.900958	-0.0950856
0.0645644	0.916052	-0.395828
-0.017926	0.855157	0.518058
-0.481063	0.87007	0.107506
0.272161	-0.620352	-0.73559
-0.455293	0.842318	-0.288459
0.0751075	-0.780471	0.620664
-0.593598	0.476479	0.648544
-0.966084	0.181002	-0.184175
-0.238704	0.971091	0.0016295
0.160116	-0.983343	-0.0860179
-0.805097	0.310987	0.50508
0.396089	0.676741	-0.620593
-0.469885	0.821741	0.322414
-0.188527	-0.87769	0.440588
0.89044	0.210807	-0.403333
0.220613	-0.439073	-0.870945
-0.348883	0.845946	0.403306
-0.697207	-0.31742	0.642765
0.567949	-0.0215591	-0.822781
0.840838	-0.538775	0.0520787
-0.230908	0.950364	-0.208541
-0.477355	-0.767674	-0.427563
-0.449042	-0.287771	0.845901
0.592113	0.0218414	-0.805559
0.019017	0.325858	0.945227
-0.322905	-0.908946	-0.263723
-0.525967	0.790966	0.31262
0.337711	0.607954	0.718571
0.537232	0.840612	0.0689436
-0.533943	-0.693597	-0.483558
-0.52416	0.0055959	-0.851601
-0.428838	0.31905	-0.845165
-0.183579	0.122115	0.97539
0.426504	0.293216	-0.855639
0.618124	0.704984	-0.347737
-0.729991	-0.593759	-0.338472
-0.285453	0.937434	-0.199337
-0.110245	-0.979378	0.169307
0.942212	0.33453	-0.0180435
-0.295594	-0.209766	0.931999
0.139977	0.933489	-0.33016
0.258776	0.11616	-0.958927
-0.599644	0.57315	0.558503
0.0658025	-0.764571	-0.641172
-0.054228	-0.998516	-0.0050631
-0.529905	-0.81783	0.2244
0.387845	0.344098	0.855086
0.327721	-0.362936	-0.872283
0.252943	0.688933	0.679258
0.1424	0.136453	0.980359
-0.790915	0.404209	0.459422
0.326591	-0.685919	-0.650272
-0.383185	0.753361	-0.53443
-0.386226	-0.686362	0.616227
-0.120866	0.672509	0.730153
-0.265722	-0.959597	-0.0925553
0.051853	0.780835	-0.622582
-0.0513132	-0.12713	-0.990558
0.415473	0.89362	-0.16978
-0.853178	-0.465304	-0.235753
0.412617	-0.878974	0.239064
-0.234823	-0.890658	0.389341
0.898589	-0.428058	0.0964579
0.448619	-0.887382	0.106276
-0.565785	0.556121	0.608783
0.81185	-0.209332	0.54505
-0.186292	0.975798	0.114511
0.525978	-0.00166939	-0.850497
-0.676621	0.725474	0.125983
0.121384	0.933493	0.337426
-0.309103	0.883601	-0.351716
0.812162	-0.2018	-0.54742
0.384158	-0.897296	0.217447
-0.339985	-0.923333	0.17851
-0.263764	-0.949275	0.17119
0.969751	0.235546	-0.0640351
0.0860003	0.326057	-0.94143
-0.163361	-0.962341	0.217284
0.0298846	0.967753	0.250123
-0.330792	0.731032	0.596799
-0.427556	0.835712	-0.344647
-0.305342	-0.712949	0.631244
0.402539	0.386076	0.830005
0.0609923	-0.626144	-0.777319
-0.559768	0.828087	0.0305151
0.0771732	-0.986324	0.145636
0.595417	0.773867	0.215891
-0.263	-0.784259	-0.561934
-0.635032	0.748389	-0.191437
-0.18249	-0.496127	0.848855
0.204795	0.788598	0.579804
0.821643	-0.244303	-0.514994
-0.885581	0.462298	0.0450165
0.425326	-0.560241	0.710793
-0.357405	0.552498	0.752999
0.806846	0.149584	-0.57151
-0.918776	0.281637	-0.276642
-0.585698	-0.783688	0.206859
-0.199901	0.975236	-0.0946296
0.694274	0.117349	-0.71008
-0.549753	0.0325426	-0.834693
-0.925293	-0.26468	-0.271621
-0.508189	0.749267	-0.424669
0.71049	-0.120719	-0.693276
0.186232	-0.387712	0.902772
-0.087246	-0.836275	0.541324
0.244303	0.902042	0.35586
-0.176074	-0.783477	-0.595955
-0.314119	0.733763	0.602429
0.492412	-0.793314	0.358027
-0.714865	0.69567	0.0707825
-0.271191	-0.648794	-0.711
-0.463765	0.746378	0.477328
0.34258	-0.853416	0.392835
0.816129	0.533426	-0.22224
0.646582	-0.442221	-0.621588
-0.988119	-0.145275	0.0501569
-0.501039	-0.362074	0.786042
-0.463175	0.885308	-0.0412173
0.506494	-0.732483	-0.454898
-0.500513	0.864283	0.0500107
-0.283794	-0.798753	0.530523
