864
-0.915808	0.117034	-0.384185
-0.687517	0.383167	-0.61685
0.925441	-0.153258	0.346513
0.0433128	-0.134252	0.99
0.0100214	0.999887	-0.0112219
-0.939038	0.34266	0.0281372
0.933235	0.185099	0.307912
-0.430253	0.703431	0.565746
-0.0954071	0.924331	0.369472
-0.431325	0.827865	-0.358606
0.352297	-0.888843	0.292992
-0.51797	0.225222	0.825216
-0.931046	0.164934	-0.325501
-0.503109	-0.272814	0.820033
0.988432	0.0912421	0.121152
0.0508564	0.116768	-0.991856
-0.550139	-0.450389	0.703205
0.102037	-0.786304	0.609356
-0.0673478	0.735261	0.67443
-0.478332	-0.506586	0.717334
0.147608	-0.726468	0.67116
0.468561	0.370276	-0.802089
-0.227369	0.942715	-0.244113
-0.966872	0.0289089	-0.253621
0.927382	0.33143	0.173542
-0.456296	-0.182021	-0.871012
0.4892	-0.64491	-0.587174
0.515837	0.809853	0.279374
0.633414	-0.00243016	-0.773809
0.502464	0.179657	-0.845726
-0.830833	-0.519264	-0.200202
-0.556943	0.0929389	0.825335
0.435055	-0.195335	0.878961
-0.892174	-0.0166232	0.451385
-0.637055	-0.500313	-0.586385
-0.681253	0.720489	0.12958
-0.993817	0.107234	-0.0287936
0.276795	-0.954143	-0.113996
0.43741	0.709934	0.551966
0.858758	0.401478	0.318356
-0.0300001	-0.481798	0.875769
-0.550352	-0.496796	0.671049
0.767318	0.133618	-0.627191
-0.988616	0.135719	0.0649586
0.149689	-0.969419	-0.194472
-0.630556	0.644134	-0.433002
-0.0527174	0.878016	0.475719
0.468938	-0.414821	0.779757
0.283567	-0.514236	0.809414
-0.304483	0.946777	-0.104422
-0.41395	0.737713	-0.533315
0.876948	0.46348	0.127075
-0.0889785	-0.987882	-0.127166
0.331879	0.9058	0.263407
0.551439	-0.0669642	-0.831523
-0.0734472	-0.433372	0.898217
0.526099	0.59408	-0.608514
0.396704	0.0764706	-0.914756
0.755374	-0.630898	0.177138
-0.229581	-0.492707	0.839364
0.0582664	0.904136	0.423253
-0.978695	0.173847	0.10924
-0.0606492	-0.301628	-0.951495
-0.490273	0.768317	-0.411486
0.736129	0.337855	0.586488
-0.627732	0.766222	0.137315
0.662349	0.276158	-0.696442
-0.0324974	-0.965164	0.25962
-0.396207	-0.816802	-0.419351
0.416038	0.572586	0.70644
0.813583	-0.523476	0.253092
-0.795335	-0.606098	0.0093464
-0.331785	-0.707168	0.624366
-0.893117	0.303416	0.332086
-0.155299	0.516075	-0.842347
-0.372293	-0.916061	0.149096
-0.742427	-0.167627	0.648616
-0.3075	-0.312916	0.898626
-0.370031	-0.615747	-0.695652
-0.1535	-0.265814	0.951725
0.652338	-0.634153	-0.415095
-0.269486	0.890215	0.367281
0.74141	0.497455	0.450388
-0.323732	0.687432	0.650103
0.195148	-0.521237	0.8308
-0.954498	0.284255	0.0901824
0.866919	0.129822	-0.481246
0.37331	0.906424	0.197573
-0.878326	-0.462734	0.120086
0.39651	-0.00317007	0.918025
-0.441348	0.21217	-0.871892
0.297652	-0.45526	0.839131
-0.848294	-0.321958	0.420406
-0.447292	0.575918	-0.684286
-0.326448	0.876568	0.353637
-0.0235938	-0.984915	0.171425
-0.873605	-0.384679	-0.298055
-0.168506	-0.971513	0.166639
0.195872	-0.16674	0.96635
-0.703282	-0.685911	-0.186869
0.349518	-0.544819	-0.76224
0.990042	-0.10942	0.088567
-0.795405	-0.589006	0.142838
0.952898	0.268211	0.141594
-0.539631	0.103979	-0.835456
-0.239581	-0.593739	0.768164
0.146075	0.71438	-0.684341
0.0878595	-0.820508	0.564843
-0.818987	-0.554059	0.149261
0.901707	0.0509295	0.429338
-0.0995332	0.516073	-0.850742
-0.134394	-0.903578	-0.406799
-0.578386	0.7773	0.247538
0.29985	0.333135	0.89393
0.853907	0.432367	-0.289658
-0.333154	0.849144	0.409834
-0.541529	0.717259	0.438504
0.0630315	-0.385569	0.920523
-0.739378	-0.637407	-0.216869
-0.238258	-0.469839	0.849991
-0.106754	0.805595	0.582769
0.601763	0.789287	0.122098
-0.4703	-0.515489	-0.716302
0.285262	-0.101238	0.953088
0.455961	0.810577	-0.367511
-0.873979	-0.484786	-0.0338124
0.112153	-0.549651	0.827832
-0.926011	-0.36593	0.0927274
0.52208	-0.255626	0.813688
-0.183412	0.0746952	0.980194
0.909393	-0.32904	0.254436
-0.780043	-0.0728259	-0.621474
-0.200485	0.710966	-0.674043
-0.438596	-0.470078	0.765937
-0.168184	-0.957954	0.232463
0.336915	-0.258349	-0.905397
-0.252742	-0.888223	0.383643
-0.63211	-0.207362	-0.746618
0.605827	0.298527	0.737466
0.889131	-0.345133	-0.300548
-0.79858	-0.0603901	0.598851
0.161228	0.809277	-0.564868
-0.15711	-0.437161	-0.885555
0.0213634	-0.336125	0.941575
-0.142144	0.759023	0.635358
0.898863	0.0249305	-0.437519
-0.327749	-0.173558	0.928686
-0.172097	-0.952641	-0.250713
-0.731248	0.681509	0.0286646
0.110593	0.165007	0.980072
0.310852	0.949098	0.0508415
0.826471	-0.287394	-0.484098
-0.124715	-0.692071	-0.710974
-0.690993	0.582521	0.428016
-0.263534	-0.738691	-0.620392
-0.114726	-0.537825	0.835214
-0.266037	0.286118	-0.920522
0.628855	0.690184	0.358032
0.654127	-0.0364319	0.755507
-0.854104	-0.099665	0.510464
0.923774	0.116314	-0.364847
0.449856	-0.665467	-0.595636
0.726881	-0.645755	0.233762
0.0841883	-0.880421	-0.466659
-0.382343	0.908786	-0.167098
0.355959	-0.902725	-0.24162
-0.211574	-0.666386	-0.714958
0.566792	0.791816	-0.227541
-0.708848	0.218564	0.670645
0.98657	-0.0308037	-0.160407
0.797169	0.577457	0.17625
-0.815905	-0.332346	0.473124
-0.858861	0.492134	0.141993
0.613762	-0.548012	-0.568312
0.402594	-0.671869	0.621699
-0.89304	0.373944	-0.250291
-0.438592	-0.683447	-0.583556
-0.917741	-0.295233	0.265685
0.8619	-0.26466	-0.432532
-0.123512	0.579866	0.805295
-0.356426	-0.683994	0.636484
0.800609	0.582382	-0.140915
-0.800429	-0.076078	-0.594581
0.959682	0.281008	0.00668821
-0.688899	-0.3534	0.632872
0.853874	0.452359	0.257431
0.834242	0.283077	0.473188
-0.573352	-0.565415	-0.592937
-0.664107	-0.469447	0.581877
0.0281573	-0.999309	-0.0242771
-0.804846	0.0274143	0.59285
-0.477573	-0.00330895	0.878586
-0.728322	-0.254818	-0.636094
-0.481355	0.798126	0.362343
0.674219	-0.622761	-0.396986
-0.872894	0.107276	-0.475971
0.461101	0.316691	0.828911
-0.448128	-0.814341	-0.368824
0.69986	-0.444296	-0.559283
0.832289	0.346109	0.433016
0.181938	-0.973484	0.138661
0.766555	0.620496	0.165465
-0.925363	-0.345554	0.155869
0.613545	-0.714991	-0.335188
-0.742147	0.111673	0.660869
0.889924	0.0843009	0.448252
-0.475929	0.299191	-0.827029
0.818281	-0.38536	-0.426513
0.665454	-0.709019	-0.233374
0.686376	0.00678361	-0.727215
0.320978	0.870715	-0.372597
-0.587161	-0.291437	-0.755187
-0.605931	0.692222	-0.392015
0.863213	-0.126089	-0.488841
0.0422145	0.663184	-0.747265
0.556935	-0.75477	0.34662
-0.752021	-0.00839581	-0.659085
-0.487671	-0.857999	-0.161291
0.818909	0.115426	0.562197
0.62084	0.315522	-0.717637
0.0534434	-0.657983	0.751134
-0.0638788	-0.602293	0.795715
0.215422	-0.0660178	0.974287
0.101562	-0.764327	0.636781
-0.445174	-0.783547	-0.433444
0.667298	-0.00171268	0.744789
-0.611906	0.104307	0.784022
-0.946981	-0.304054	-0.103817
0.140866	-0.561419	0.815454
0.554512	-0.429745	-0.712626
0.0108844	0.107857	0.994107
-0.73407	-0.671028	0.104222
0.953777	0.206138	0.218671
0.969924	0.242858	0.0163681
0.885835	-0.168418	-0.432356
0.228603	-0.957411	-0.176367
-0.112504	-0.916132	0.384766
-0.976948	0.211221	-0.0309406
0.576754	0.0140156	-0.816798
-0.391492	-0.702207	0.594676
0.633276	-0.773923	-0.00238279
0.678447	0.627356	-0.382274
0.115864	-0.0770854	-0.990269
-0.885806	0.436784	-0.156741
-0.243451	-0.0105241	0.969856
-0.179961	0.734642	0.654152
-0.222043	0.278816	-0.934323
-0.757262	-0.00080639	0.653111
0.870195	-0.463957	-0.165846
0.793126	0.564344	0.229056
0.444747	-0.0722796	-0.892735
0.228252	-0.973582	-0.00631628
0.952409	0.203986	-0.226509
-0.18143	0.981391	-0.0628909
0.374837	-0.626587	-0.68329
0.146319	-0.191766	-0.970472
0.909915	0.411432	-0.0527209
0.264172	0.444136	-0.856128
-0.152572	0.923837	0.351066
-0.111586	-0.898506	-0.424543
0.656834	-0.28638	-0.697535
-0.959036	0.277735	0.0557985
0.261448	-0.948837	-0.17707
0.78696	0.359675	0.501327
0.874253	0.329918	-0.356141
-0.388606	0.572857	0.721679
-0.943609	0.298419	-0.143349
0.752826	-0.651391	0.0945687
0.967119	-0.0931969	0.236632
-0.691597	0.720207	0.0547253
-0.236596	0.959784	0.15112
0.0551423	-0.998249	0.0213884
0.239768	-0.120409	0.963334
0.978958	-0.0527554	-0.197126
-0.990208	0.137573	-0.0237027
-0.675626	-0.626494	-0.388631
0.597499	0.379499	0.706382
0.0939763	-0.964349	-0.247385
-0.767116	0.503191	0.397909
-0.395097	0.435878	-0.808646
0.308471	-0.894383	0.323921
0.676153	-0.723153	0.140952
-0.432601	0.584023	-0.686858
-0.278784	-0.257792	-0.925107
0.570051	-0.789048	0.229009
-0.146834	0.758611	0.634783
-0.119473	0.986051	-0.115884
-0.847951	-0.00387916	-0.530061
0.620326	0.29013	-0.728712
0.567299	-0.52486	0.634581
-0.769555	0.276036	0.575838
-0.908122	0.0460327	-0.416167
-0.244785	0.588527	-0.77053
0.579788	0.59303	0.558714
0.5657	0.817777	0.105945
0.967558	0.0163805	0.252117
-0.764889	-0.154022	0.625478
0.269195	0.40744	-0.872655
-0.324357	0.92958	0.175138
0.447654	-0.871777	-0.199025
-0.416801	-0.341235	0.842518
-0.0138833	-0.694168	0.719679
-0.151046	0.984253	0.0918197
-0.920121	-0.19607	-0.339019
0.90311	-0.354477	0.242362
-0.384024	0.100793	0.917805
-0.872979	0.393659	-0.287995
0.56214	-0.824639	0.0630102
-0.336963	0.610128	-0.717077
-0.431883	0.802917	0.410855
0.8934	-0.425602	0.143877
0.126025	-0.214653	-0.968526
-0.0274382	0.108518	0.993716
-0.157082	0.531764	-0.832197
-0.571688	0.556075	0.603286
0.433217	0.45815	-0.776158
0.631317	0.48036	0.608846
-0.0128921	-0.398817	0.91694
-0.395461	0.912824	-0.101795
0.08496	-0.406305	0.909779
-0.939058	0.28507	0.192108
-0.818375	0.564533	0.107541
0.697094	-0.682887	0.218463
0.860074	-0.0852236	0.503001
0.372094	0.927401	-0.0383787
-0.67496	0.467363	0.570965
-0.420664	0.907138	-0.0119297
-0.192444	-0.517882	-0.833525
-0.83215	-0.335075	-0.441872
0.696167	0.708655	-0.114716
-0.0807537	0.977743	0.193642
0.850037	0.0186121	0.526395
0.2572	0.311957	-0.914621
-0.81433	-0.486279	-0.316858
-0.608199	0.595344	0.525033
-0.480086	0.456107	-0.749322
-0.46115	-0.312209	-0.830582
0.57505	0.253117	-0.777977
-0.148177	0.915594	0.373807
-0.730321	-0.480655	0.485388
0.492282	0.080798	-0.866678
0.9924	-0.118016	-0.034843
-0.396008	-0.511656	0.762487
-0.0245051	-0.912214	-0.408981
0.0655976	-0.62697	0.776276
-0.633401	-0.296853	0.71462
0.0283506	0.794271	0.606902
-0.746747	0.0802058	-0.660255
0.397787	-0.349782	-0.848185
-0.961642	-0.176624	-0.209878
-0.812893	-0.582207	0.0155126
0.952547	-0.225878	0.204043
0.688544	-0.256631	-0.678268
0.906046	-0.393678	0.155237
-0.864215	0.406695	-0.296195
-0.177284	-0.975892	-0.127296
-0.443862	-0.365821	0.818023
-0.662123	-0.628838	0.407622
-0.374395	0.361821	-0.853764
0.267391	-0.0325036	0.96304
0.764043	0.638121	-0.0950821
0.124965	0.571484	-0.811042
0.0445892	0.820662	-0.569671
0.328232	-0.568647	-0.754257
-0.110458	0.504942	0.856057
-0.204762	0.682431	-0.701684
0.61473	-0.747859	0.250627
0.163001	-0.981519	-0.100253
0.187941	-0.323124	0.927507
0.930927	0.310881	-0.191646
-0.527397	-0.748139	-0.402667
-0.112164	-0.957767	-0.264766
-0.81885	-0.240586	0.521156
0.874604	0.259034	-0.40984
-0.642505	0.116879	-0.757315
0.567963	-0.335579	0.751535
-0.470709	0.00947315	-0.882238
0.216532	0.923155	-0.317644
-0.950928	-0.300742	-0.0727346
-0.482367	-0.871624	-0.0871374
0.707019	0.665968	-0.237929
0.393669	0.224184	0.891497
-0.694373	0.444863	0.565635
-0.0480943	-0.812539	-0.58092
0.555669	0.640668	-0.529883
-0.482551	0.0394994	0.874977
0.62681	0.035367	0.778369
-0.502699	-0.617827	-0.604635
-0.436756	0.853587	-0.28396
0.860753	0.473827	0.185989
0.00482709	0.2463	0.969182
-0.276725	0.68621	-0.67271
0.285292	0.767515	0.574047
0.0165998	-0.762079	-0.647271
0.297019	0.873288	0.386198
-0.650756	-0.405131	-0.642172
-0.332436	0.00812484	-0.943091
0.463126	-0.0785348	-0.882806
0.0441424	-0.210638	0.976567
-0.398034	-0.91051	0.111986
-0.782681	-0.164101	-0.600401
0.330973	0.550788	0.766218
0.384652	0.692901	-0.609862
-0.174446	-0.71847	-0.673327
-0.369903	-0.737045	0.565629
-0.730395	0.405788	0.549418
0.327254	-0.511926	-0.794253
0.282721	-0.807234	-0.518115
0.963361	0.0530022	0.262918
0.234459	0.744815	-0.624723
-0.658327	-0.528589	0.53591
-0.814242	-0.515243	0.267458
-0.987033	0.0196752	-0.159309
0.60361	-0.109035	0.789789
-0.472814	-0.875888	0.09627
-0.777244	0.268406	0.569079
-0.527023	0.849122	0.0351832
0.215717	-0.395698	-0.892686
0.275587	-0.559931	0.781364
0.443571	-0.159702	-0.881896
0.379198	0.634906	-0.67313
-0.807933	-0.422972	-0.410291
0.887681	0.43254	0.157899
-0.798407	-0.193976	-0.570017
-0.371699	0.830975	0.413909
-0.693488	-0.00598238	-0.720444
0.763385	0.277198	0.583441
-0.792094	-0.60908	0.040096
0.958772	0.0952841	0.267727
-0.523304	-0.2562	0.81272
-0.142463	-0.826549	-0.544538
-0.926401	0.0361226	-0.374801
0.980764	0.0811086	-0.177549
-0.473419	-0.316555	-0.82199
-0.20748	0.0796603	0.97499
0.96526	-0.0192731	0.260579
-0.392347	-0.780822	-0.48619
0.198484	-0.735997	-0.647234
0.213718	0.954931	0.205991
0.00852255	0.975394	0.220304
-0.815309	-0.148522	-0.559655
0.612161	0.595766	0.519924
-0.387844	-0.825099	0.410838
0.576969	-0.68425	-0.445993
-0.577504	0.447121	-0.683061
-0.228621	-0.905196	-0.358264
-0.279614	0.315277	0.906872
0.816013	-0.572019	0.0831703
0.695254	0.523985	-0.491998
-0.428047	0.247794	0.869122
-0.578516	0.610203	0.541268
0.0737108	-0.490014	0.868593
-0.595577	0.795228	0.113584
-0.119209	0.796785	-0.592388
0.20923	-0.724915	-0.656294
0.684998	-0.723422	-0.086245
-0.37393	0.894962	0.24335
0.311834	0.949652	-0.0303356
-0.21688	0.954979	-0.20243
-0.215936	-0.912032	-0.348668
-0.689326	0.415724	0.593299
-0.647045	0.740904	-0.179983
-0.512213	0.327255	-0.794067
0.111505	0.896599	0.428576
-0.167932	0.361129	-0.91727
-0.867217	-0.371884	-0.331114
-0.979735	0.112531	0.1657
0.0458153	-0.880092	0.472587
0.389855	0.375048	-0.841042
0.991566	-0.11084	0.0671614
-0.614454	-0.7222	0.317605
0.68651	-0.525679	0.50236
-0.592391	0.111356	-0.797918
0.632966	0.000730464	0.774179
0.213001	0.684644	-0.697061
0.109575	-0.990425	-0.0839715
-0.134351	-0.831062	0.539709
-0.022323	0.457411	-0.888975
0.652645	0.695472	0.300622
-0.995232	0.0918061	-0.0329423
0.246897	-0.933333	-0.260638
-0.841956	0.120935	0.525819
0.188677	0.940369	0.283033
-0.401945	0.660843	0.633819
0.712091	0.366293	0.598962
-0.275762	0.278572	-0.919975
0.14891	-0.0944257	0.984332
0.960042	-0.0902459	0.264906
0.258969	-0.726651	-0.636327
-0.852726	0.0579577	0.519133
0.744087	-0.0928195	-0.661604
0.060672	-0.516741	0.853989
-0.606422	-0.767473	0.207936
0.804566	-0.344207	-0.483938
-0.461754	-0.774489	0.432376
0.528032	-0.49449	0.690407
-0.6865	-0.120673	0.717046
0.831716	-0.555149	0.00761274
0.723787	0.504933	0.470293
-0.131843	-0.281304	-0.950519
-0.574642	-0.330742	-0.748596
-0.115784	0.953098	-0.27964
-0.20083	0.40107	0.893762
-0.106834	0.624612	0.773593
-0.121612	-0.875939	0.466841
-0.746221	0.4285	0.509453
-0.387333	0.184349	-0.903321
0.892629	-0.433798	-0.122606
-0.489729	-0.867102	-0.0911048
0.347873	0.16869	0.922241
0.0156778	0.947609	0.319046
0.735438	-0.134527	-0.664103
0.956726	-0.195846	0.215219
-0.265946	0.645577	-0.715893
0.912116	0.331088	0.241712
0.439424	-0.896821	-0.0511743
-0.0784393	-0.826188	0.557907
0.969008	-0.00810459	-0.246897
-0.704604	0.678638	0.207327
0.990178	-0.017753	-0.138677
-0.502226	0.0694799	-0.861941
-0.0178918	-0.160345	0.986899
-0.548242	-0.834034	0.061788
0.934971	-0.331995	-0.124934
0.794115	0.407155	-0.451227
-0.416105	-0.385124	0.823733
0.906612	0.364525	0.212548
-0.0399539	0.585494	-0.809691
-0.598029	0.587038	0.545663
-0.753847	-0.651086	0.0883293
0.995483	0.000855032	0.0949357
-0.506657	0.458576	-0.730073
-0.563563	-0.577594	-0.590577
0.779515	-0.165689	0.604073
-0.765999	0.271548	-0.582673
0.952824	0.254521	-0.165362
-0.158513	0.460857	-0.873204
0.908018	0.0897715	0.409199
-0.488036	-0.402645	-0.774402
-0.62878	-0.350292	-0.694213
0.130502	-0.0199652	-0.991247
0.241103	-0.935703	-0.257543
-0.329389	-0.796807	-0.506558
-0.410979	-0.89417	0.177643
0.484506	0.223443	-0.84577
-0.0791175	0.262101	0.961792
-0.717032	0.0250583	0.696589
-0.232048	-0.886287	0.400811
-0.725097	0.508043	0.464894
0.0234116	0.459557	0.88784
-0.333918	0.229465	-0.914245
-0.623538	-0.752519	-0.211933
-0.895318	0.317	0.312915
0.196435	-0.643744	0.739599
0.488337	0.724284	-0.486764
-0.529614	-0.837539	-0.134304
-0.541791	-0.162754	-0.824605
-0.959512	-0.280827	-0.0217368
0.630445	-0.427546	0.647877
-0.0111746	0.676938	0.735955
0.614394	-0.519994	-0.593402
-0.581604	0.214382	0.784715
0.0143839	-0.00583727	0.99988
-0.453415	-0.333884	-0.826399
-0.134545	0.986624	-0.0920409
0.462906	0.317107	0.827745
0.567289	-0.689904	0.449683
0.602318	-0.764704	-0.229
0.139261	0.978056	-0.154963
-0.357978	-0.855382	-0.374396
0.627809	0.416993	0.657247
0.776697	-0.62933	-0.0261838
-0.755314	-0.280569	-0.592268
0.64906	-0.105539	0.753381
-0.325711	0.93395	-0.147136
-0.430539	-0.836624	0.338668
0.158622	-0.863741	0.47832
-0.925494	-0.07976	-0.370268
-0.0125768	0.969622	-0.244284
-0.501905	0.778342	0.377193
-0.0502344	-0.861946	0.504506
0.457348	-0.75518	-0.469612
0.616264	0.775204	0.138847
-0.750922	0.527631	-0.397142
0.200245	-0.470713	-0.859262
0.59043	-0.467167	0.658139
0.335977	-0.741418	0.580878
-0.568595	0.338433	-0.749775
-0.182813	-0.639649	-0.746612
0.59289	-0.483929	0.643657
0.297346	-0.88409	-0.360514
-0.530996	0.516118	0.67206
0.487924	-0.825086	-0.284892
0.468889	-0.539884	-0.699048
0.674669	0.645885	0.357288
-0.774384	-0.299327	0.557434
0.0230484	-0.290799	-0.956506
-0.0209378	0.666109	0.745561
0.0511708	-0.772674	-0.632737
0.247456	-0.641885	0.725775
0.328511	-0.795852	-0.508625
0.78983	0.271717	-0.549853
0.425344	0.887169	-0.178921
0.549912	-0.174093	-0.816877
-0.78629	0.163058	-0.595953
-0.180386	-0.982576	0.0447871
0.836001	0.372352	-0.403059
-0.743591	0.558358	-0.367843
0.274193	-0.904424	0.326858
0.0874784	-0.905431	-0.415383
0.943729	0.0746451	-0.322186
0.296316	0.946721	0.126159
-0.592325	0.321332	-0.738849
-0.745577	-0.0772403	0.661928
-0.186636	0.883346	0.429962
0.986204	-0.0264708	0.163406
-0.615885	0.644258	-0.453451
0.367933	-0.870931	-0.325736
0.122949	0.992003	0.0285089
-0.845251	-0.0852372	-0.527528
-0.753735	0.58748	0.294535
-0.820369	0.568139	-0.0649078
-0.310247	0.27386	-0.910356
0.22895	-0.972586	-0.0407263
0.959188	-0.17343	0.22334
-0.687127	0.33134	-0.646583
-0.695471	0.698562	0.168321
0.570337	0.81727	0.0823758
0.614953	-0.745779	0.256216
-0.135397	-0.726742	-0.673434
0.22238	0.915577	0.335061
-0.403785	0.911283	-0.0807505
-0.497868	0.705265	0.504707
-0.378522	0.747563	-0.545775
0.947237	-0.251748	-0.198408
-0.0831883	0.950599	-0.299066
-0.323899	0.8801	-0.34715
0.25558	0.622977	-0.73931
-0.507977	0.0263172	0.860968
0.874884	0.0288724	0.48347
-0.0191649	0.79282	0.609154
0.547261	0.343512	-0.76322
0.551666	0.829121	0.0906784
0.614264	-0.74581	-0.257774
-0.423272	-0.613808	0.666393
0.738466	0.428235	-0.520849
-0.853396	0.510643	-0.104686
0.709898	-0.57699	-0.40389
0.490178	0.290408	0.821821
-0.427121	0.901039	-0.0754768
-0.254349	0.491855	-0.832697
-0.708651	0.585812	-0.39324
-0.376745	0.0585936	-0.924462
0.938664	0.325188	0.11473
-0.766101	0.0254457	-0.642217
0.199895	0.164177	0.965965
0.105451	0.664084	-0.740184
0.79435	-0.234824	0.560237
-0.275609	-0.398684	-0.874695
-0.689076	-0.378021	0.618283
0.166791	-0.365414	-0.91578
0.511286	-0.217301	0.831485
-0.41559	-0.728092	0.545131
-0.819453	0.567981	0.0767716
0.202543	0.88883	-0.411046
-0.266158	-0.229063	-0.936317
-0.262468	0.374163	0.889445
0.883319	-0.0016998	-0.46877
-0.970448	-0.241265	0.00471033
0.233903	0.931643	0.278084
0.818883	-0.468156	0.332056
-0.774814	0.532071	0.341413
-0.93385	0.153302	-0.323144
-0.865213	0.475374	-0.159455
0.18787	0.581465	-0.791583
0.441421	-0.895603	0.0551627
-0.854386	-0.328372	0.402737
0.280902	0.868975	0.407402
0.156002	0.143871	-0.977223
0.0277419	-0.677109	0.735359
-0.18988	0.659786	-0.727068
0.882075	-0.470239	0.0286123
-0.730862	-0.29699	0.614522
-0.253881	0.65498	-0.71172
0.559992	-0.347885	0.751921
0.260231	0.895076	-0.362103
-0.813368	0.235867	0.531789
0.756565	-0.42495	0.497018
-0.813999	-0.181117	-0.551908
0.0794052	-0.439427	0.894762
-0.364773	0.539409	0.758932
0.660543	-0.365558	-0.655783
-0.0697424	-0.0104587	-0.99751
-0.768094	0.616713	0.172329
0.282992	-0.8687	0.406541
0.370426	0.472295	0.799826
-0.970281	0.240407	0.0275474
0.295616	0.949326	-0.106734
0.940725	-0.339094	0.00711601
-0.75704	0.4939	-0.42773
-0.218744	0.293731	-0.930523
-0.638458	0.714836	0.285273
0.0674185	-0.9386	0.338356
-0.383618	-0.923324	-0.0175865
-0.885263	0.0380507	-0.463532
-0.898422	-0.101641	0.427208
0.996634	-0.0508091	-0.0643365
0.421893	-0.405637	0.810842
-0.910334	0.21944	0.350909
-0.735163	0.6764	0.0449253
0.05334	0.960616	-0.272712
0.440569	-0.298459	0.846653
0.247583	-0.131641	0.959882
0.826668	-0.531169	-0.185689
-0.498009	0.659691	-0.562845
0.832309	-0.523633	0.181853
0.377434	0.857128	0.350536
-0.694272	0.397838	-0.59976
0.744989	-0.359236	0.562086
-0.0680783	-0.953311	-0.294218
0.296371	-0.60375	-0.740034
0.926485	0.0471547	0.373366
-0.577127	-0.532948	0.618781
0.0705099	0.23614	-0.969157
-0.595482	-0.769986	-0.229179
0.703748	-0.549049	-0.45087
-0.216368	0.143849	-0.965656
0.324381	0.913823	0.244343
0.0734084	0.971175	0.226782
-0.975765	0.121719	0.181846
0.928446	-0.371415	0.00615776
0.211096	-0.829064	0.517775
-0.616283	0.360251	-0.700296
-0.505369	0.768528	0.392386
-0.535246	-0.823544	0.187848
-0.327671	-0.631396	0.702831
0.278473	0.832332	-0.479246
0.243073	-0.959725	-0.14087
-0.856643	-0.230931	0.461339
0.919004	-0.137514	-0.369487
0.702126	0.510198	-0.496706
0.0278726	0.910796	-0.411915
0.646237	-0.693273	-0.318983
0.0875678	0.512466	0.854231
0.392619	0.734697	-0.553236
0.0234587	0.936699	-0.349348
0.26496	0.748631	-0.60774
0.499137	-0.77053	0.396417
0.134938	-0.499198	-0.855917
0.46895	-0.730271	-0.496779
-0.51259	-0.768942	-0.382073
-0.189006	-0.861364	0.471518
0.690506	0.596886	-0.408569
-0.895598	-0.440914	0.0591614
-0.825789	0.405656	0.39181
0.718433	0.529784	0.450757
0.930942	-0.116644	-0.346036
-0.363592	0.893567	0.263323
-0.338157	-0.934247	0.113277
0.169057	-0.344346	0.923496
-0.416822	0.0413467	-0.908047
-0.721292	-0.386199	-0.574968
-0.493599	-0.7287	-0.474717
-0.117476	0.411726	-0.903704
-0.0985953	0.74763	0.656756
-0.0392058	0.854919	-0.517278
0.258359	-0.573349	-0.77751
-0.780614	0.365864	-0.50674
-0.180717	0.718249	0.671907
0.260881	-0.0595562	-0.963532
-0.413124	-0.898822	-0.14645
0.874793	-0.14031	-0.463735
0.0234564	-0.950161	0.310875
0.162931	0.982234	-0.0931084
0.968689	-0.188208	-0.161923
-0.739602	-0.188936	-0.645982
-0.431279	0.855785	-0.285709
0.706547	-0.696917	0.122872
-0.372071	-0.813684	-0.446634
-0.675451	-0.396968	-0.621436
0.390434	0.575511	-0.718574
-0.484015	-0.250212	-0.838525
0.125398	-0.325997	-0.937017
-0.100603	-0.291196	0.951359
-0.496952	0.681992	0.536587
-0.371988	0.329169	0.867913
0.898868	0.374676	0.227276
-0.0402624	0.937063	-0.34683
0.541296	-0.839389	-0.0492502
-0.962361	0.242859	-0.121985
-0.095486	-0.994154	-0.0503937
0.147524	-0.143498	0.978593
0.527119	0.27626	-0.803633
-0.301782	0.897078	0.322767
0.486256	-0.758537	-0.433793
-0.17302	0.492725	0.852811
0.917381	-0.394318	-0.0540877
-0.743814	0.619163	0.251747
-0.417875	-0.204924	-0.885091
-0.824034	0.514477	0.237235
0.487322	0.38036	0.78603
-0.587817	0.666267	0.458867
-0.254338	-0.907785	0.333525
0.0885456	-0.965121	0.246374
-0.2368	0.630669	-0.739041
-0.697979	0.495169	0.517332
-0.590743	0.649997	0.478045
-0.242403	-0.72737	0.642007
0.566878	-0.82188	-0.056238
0.477291	0.775289	0.413666
-0.253587	-0.611897	0.749183
0.0625862	0.996081	0.0624904
0.939638	-0.309988	0.14487
-0.298665	0.888008	0.349628
0.769774	0.576944	-0.273101
-0.593171	0.798712	0.10103
-0.510424	0.644822	-0.568923
0.614687	0.733015	-0.291288
-0.390032	0.410061	-0.824454
-0.225986	0.695081	-0.68249
0.989472	0.00938381	-0.144423
-0.0510714	-0.481826	-0.874777
0.342223	0.916961	-0.2051
0.209985	-0.7576	0.61802
0.391144	-0.141801	-0.90934
0.680403	0.731427	-0.0454579
-0.756287	0.627659	0.184592
-0.612963	-0.64291	-0.459285
0.92321	0.334357	-0.189441
0.841347	0.246154	0.48119
0.171646	-0.430321	0.886206
-0.712796	-0.638496	-0.29025
-0.819841	0.398275	-0.411386
0.571244	-0.699925	0.4287
-0.965134	-0.185281	0.184895
-0.163817	-0.182754	-0.969415
-0.717186	0.666832	-0.202434
0.797549	0.0611934	0.600143
0.0323523	0.884767	0.464909
0.501771	0.859615	-0.0963765
-0.849742	-0.389752	0.355011
-0.135161	0.647793	-0.74973
-0.653079	-0.0713483	-0.753921
0.287037	-0.0827389	0.95434
0.32325	-0.790911	0.519585
-0.656898	0.752841	-0.041422
-0.901926	-0.0935309	0.421641
0.0682122	-0.353981	-0.932762
-0.2557	-0.958299	0.127596
-0.139064	0.952118	0.272272
-0.536272	0.0788898	-0.84035
-0.482015	-0.445507	-0.754444
-0.0818398	0.991971	-0.0964141
0.884289	-0.174474	0.433119
0.504184	-0.663064	-0.553304
-0.155242	0.81041	-0.56492
-0.363444	-0.490399	0.792097
0.650794	0.146328	0.74502
-0.00704423	0.380861	-0.924605
-0.946172	-0.320708	-0.0436491
-0.603973	-0.787773	0.120956
-0.779375	0.443137	0.442949
-0.0819764	-0.926743	0.366644
-0.119977	0.229717	-0.965834
