864
-0.184545	0.0704297	-0.980297
-0.165847	0.579066	0.798234
0.847507	0.459523	-0.265651
0.676133	-0.736655	0.0135509
-0.350377	-0.922832	-0.160054
-0.478545	0.419133	0.771571
0.813379	0.148399	-0.562487
-0.0358187	-0.572953	0.818805
-0.930058	-0.203939	0.305614
0.693271	-0.701714	-0.164234
-0.661867	0.531752	0.528367
0.971217	0.0569287	-0.231292
-0.172193	-0.984842	0.0208678
0.578019	0.655551	0.485949
-0.161588	0.0070078	-0.986833
-0.669558	-0.237732	-0.703687
-0.49328	0.251328	-0.832772
0.687143	0.419919	0.592877
0.0231205	-0.950985	-0.30837
0.658001	0.22617	-0.71825
-0.937414	-0.15761	-0.310505
0.527497	0.787386	0.319016
-0.777035	-0.621207	-0.101582
0.0736055	-0.128773	0.988939
-0.383109	0.682364	0.622581
0.950128	0.214643	-0.226241
0.183578	-0.705536	-0.684484
-0.292151	0.0743429	-0.953478
0.181029	0.387566	0.903892
-0.0910626	-0.659586	0.746092
-0.0144564	0.477908	-0.878291
-0.666847	-0.401996	-0.627466
0.477352	0.130477	0.868971
-0.174651	-0.437083	0.882302
0.103659	0.599049	-0.793974
-0.448703	-0.736688	0.505922
0.946328	0.133657	0.294276
-0.590591	-0.203518	0.780886
-0.403534	0.807561	0.430122
-0.104369	0.988739	0.107249
-0.29192	-0.235729	-0.926938
-0.344563	0.526855	0.776982
-0.408961	-0.8573	-0.312711
-0.542535	-0.654542	0.526526
0.381154	-0.92382	-0.0357593
-0.649126	0.0133681	0.760563
0.431079	-0.811379	0.394759
0.702185	0.329694	-0.631061
-0.393889	0.0956835	-0.914164
-0.981733	-0.181481	0.0571482
0.0457363	0.0714999	-0.996391
0.963862	0.0339806	0.264227
0.498137	-0.818853	0.2852
0.817252	-0.25951	0.514542
-0.65861	0.454857	-0.599448
0.41386	0.90245	-0.119596
0.878088	-0.446187	-0.172854
0.413488	-0.806853	0.421919
-0.584791	0.0209288	-0.810914
-0.743576	0.269237	-0.612051
-0.59257	0.294791	0.749639
0.639966	0.620217	0.453623
-0.935814	-0.346844	0.062866
0.564315	0.115333	0.817464
-0.898183	0.00791231	-0.43955
-0.377231	0.389885	0.840051
0.39729	-0.0232399	-0.917399
-0.280405	0.204253	0.937898
-0.566396	-0.413849	-0.712688
-0.381294	0.193103	0.904061
-0.960969	0.271816	0.051527
0.386006	-0.91826	0.0883076
-0.682354	0.246545	-0.688193
0.709379	-0.104016	0.69711
0.659329	0.223362	-0.71791
0.579063	-0.799476	0.15976
-0.758251	0.340283	0.556114
0.873101	0.297519	-0.386236
-0.819944	-0.558011	-0.127732
-0.447244	-0.288748	0.846521
-0.812714	-0.50088	0.297684
-0.586145	-0.722701	0.366247
-0.262288	-0.138197	-0.955043
0.351618	0.193421	-0.915944
-0.844419	-0.0258685	0.535058
0.412208	0.832974	0.369105
0.383703	-0.724073	-0.573141
0.636011	-0.631741	-0.443163
-0.10669	0.0814203	0.990953
0.479709	0.877372	-0.00986223
0.676205	-0.0822902	-0.732103
0.787675	0.201153	0.582328
0.916368	-0.0359622	0.398718
0.800213	0.563817	0.204375
0.0239163	-0.931449	-0.363085
-0.641146	-0.722341	0.259144
-0.97276	-0.174099	0.15306
-0.0566149	0.954253	0.293591
0.867428	-0.0145236	-0.49735
-0.213742	-0.699341	0.682082
0.515972	0.701927	0.490989
0.465706	-0.127858	-0.875654
0.676069	0.131571	-0.724997
-0.0507878	-0.722203	-0.689814
-0.111553	-0.931498	0.346217
0.711288	-0.386115	-0.587354
-0.69074	0.518743	-0.50377
0.160733	0.413389	0.896256
-0.144631	-0.989406	0.0125268
-0.829062	-0.152601	0.537931
-0.607275	0.268656	-0.747691
0.991308	0.130705	0.0150023
-0.801491	0.243574	0.546154
0.448591	0.665082	0.59702
0.564139	-0.0339705	-0.824981
-0.649353	-0.73542	0.193647
-0.033096	-0.913686	0.40507
0.864789	-0.0354434	0.500882
0.0733091	0.415492	-0.906638
-0.381241	0.440143	-0.812976
0.0188226	0.253306	0.967203
-0.926346	-0.00585059	0.376627
-0.427499	-0.323087	-0.84431
0.834476	0.144897	0.531653
-0.606919	-0.138032	0.782686
-0.257484	0.771494	0.581806
-0.0112822	-0.277579	-0.960637
0.703758	-0.414682	0.576857
-0.108913	-0.23973	-0.964711
-0.430717	0.902451	0.0080353
-0.183649	-0.190884	-0.96428
0.0555233	0.0548124	0.996952
-0.96762	-0.00856766	-0.252265
0.5505	0.732564	-0.400373
0.569335	-0.0302098	-0.82155
-0.296042	0.654503	0.69569
-0.598164	0.705304	0.380456
-0.668112	-0.645414	0.370226
0.60195	-0.576393	0.552654
0.891744	-0.247469	0.378882
-0.041718	0.828367	0.558631
-0.179527	0.389427	-0.903392
0.224481	-0.799887	-0.556587
0.605043	0.278424	-0.745924
-0.400642	-0.710227	0.578847
-0.619989	0.374089	-0.689689
0.656503	0.601487	-0.455211
0.364543	0.4935	0.789662
-0.59597	0.472044	0.64961
0.647223	0.72802	0.226029
0.649844	-0.263713	-0.712852
-0.366673	-0.362164	0.856965
-0.165594	0.900569	0.401938
0.174746	0.942699	-0.284223
0.735856	-0.676597	-0.0270523
0.353158	0.0324755	0.935
-0.458262	-0.151495	0.875811
0.184691	0.823877	-0.535832
-0.435751	0.00601229	0.900047
-0.97022	0.0212938	-0.241286
0.0800666	-0.81596	0.572536
-0.619825	0.684401	-0.383942
0.584606	0.458631	-0.669248
0.869297	0.158015	0.468352
-0.246162	-0.48333	0.840117
-0.514923	0.310043	-0.799205
0.635145	-0.0155474	-0.772236
-0.794254	-0.428605	0.430649
-0.248922	0.168942	0.953675
-0.621618	0.517213	-0.588287
0.505543	-0.617964	-0.602119
0.565645	-0.824374	-0.021263
-0.696221	0.0480057	-0.716221
-0.929564	0.36774	-0.0260544
0.897169	-0.315802	-0.308799
0.829081	-0.342096	0.442262
-0.837468	0.545563	-0.0317656
-0.42862	0.432226	0.793389
-0.239352	-0.345943	-0.907212
0.0529844	0.118926	-0.991488
-0.177685	-0.914309	0.363962
0.422547	0.886711	-0.187611
-0.350261	-0.646287	0.67796
-0.130536	-0.986367	0.100205
-0.825259	-0.480956	0.296021
0.188043	0.710065	0.678563
-0.310647	0.259405	0.914444
0.151564	-0.985342	0.0782875
0.218668	-0.963574	0.15398
-0.389426	-0.344566	0.854179
0.844655	0.174792	-0.50597
-0.528342	-0.437679	-0.727525
-0.499764	0.664367	0.555745
-0.86893	0.435785	0.234633
0.66128	0.699319	-0.271404
0.913893	0.0262676	0.405104
0.698099	0.509189	0.503373
0.967928	0.108953	0.226373
-0.148674	0.079616	-0.985676
0.974802	0.0630981	0.213961
-0.688784	0.320636	-0.650207
0.594991	0.370834	0.713069
-0.0355879	-0.957949	0.284725
-0.169646	-0.270372	-0.947692
-0.367252	-0.909111	0.196577
0.13955	0.970629	0.195974
0.792033	-0.0202528	0.610142
0.310118	-0.949292	-0.0516782
-0.0662287	-0.351878	0.9337
0.699782	-0.289111	-0.653238
-0.0628159	0.399325	-0.914655
0.216223	-0.734603	0.643122
-0.272286	-0.727296	0.63
0.151813	0.941995	-0.299329
0.207956	0.975224	0.0754535
-0.943274	0.189388	0.272702
-0.111258	-0.6624	0.740843
0.716545	0.650837	0.250948
-0.157768	0.529829	-0.833301
-0.229006	0.756758	0.61227
0.574962	0.208768	0.791097
-0.247752	0.139905	0.958669
0.348713	-0.390265	-0.852111
0.676336	0.317317	-0.66474
-0.985028	-0.156188	-0.0729801
-0.635338	-0.189606	0.748596
-0.392881	-0.0157908	-0.919454
0.86753	0.475641	-0.145454
-0.0121119	-0.338421	-0.940917
-0.878579	0.10897	0.465
-0.747663	0.387055	-0.53962
0.778375	0.306307	0.548004
-0.86287	-0.390565	0.320803
-0.234808	-0.617464	0.750735
-0.168383	-0.0905765	-0.981551
0.777096	-0.619166	0.112942
-0.273072	-0.838415	-0.471691
-0.816548	-0.575504	-0.0452179
0.473207	0.667119	-0.57535
0.405428	0.860442	0.308656
-0.853879	0.0629067	-0.516656
-0.118743	0.736022	-0.666462
-0.689628	-0.317299	-0.650949
0.667549	0.702346	-0.247161
-0.82222	0.212011	0.52821
0.633474	0.662086	-0.400441
-0.332273	-0.181108	-0.925632
0.618353	0.202936	-0.759248
0.0455768	-0.300028	0.952841
0.710259	-0.458048	0.534532
0.161302	0.891687	0.422936
-0.389971	-0.648052	-0.65418
0.638906	0.11125	0.761198
0.447934	0.668989	0.593135
-0.473294	0.406476	-0.781518
0.622123	-0.779114	-0.0770997
-0.981084	-0.179421	0.0726746
-0.827965	0.272935	0.489878
-0.309465	0.175413	-0.934592
0.00271833	-0.982556	-0.185946
-0.523217	-0.243278	0.816737
-0.735795	-0.675718	0.0448353
0.26582	0.143554	-0.953274
0.646031	0.688422	-0.329725
-0.878687	0.317783	0.356262
-0.657119	-0.658833	0.366243
0.232877	-0.933454	-0.272822
-0.925665	0.254622	0.279844
-0.560974	0.172133	0.809739
-0.207557	-0.835248	0.509197
-0.687853	-0.503657	0.522674
0.514632	-0.550117	-0.657667
-0.80927	-0.167084	0.563174
0.515992	-0.124733	0.847463
-0.311191	0.641945	-0.700762
0.754406	-0.646162	-0.115531
-0.84575	0.492082	-0.206308
-0.634403	-0.423221	0.646852
-0.631744	-0.753517	-0.181966
0.578346	-0.0824738	-0.811612
0.33026	-0.266236	0.905564
0.854624	0.259345	-0.449843
-0.671286	-0.591298	-0.446925
0.542407	-0.569626	-0.617512
-0.64835	-0.722045	-0.241438
-0.214135	0.972718	-0.0892492
0.0496983	-0.712586	-0.699822
0.591376	0.315844	0.741968
-0.411912	0.80041	0.435515
-0.881166	0.37388	-0.289412
0.652988	-0.136283	-0.745005
0.99406	-0.0204505	0.106895
-0.425716	0.654925	-0.624371
-0.432551	-0.0369132	0.900853
0.739419	0.220201	-0.636216
-0.182629	-0.0703315	-0.980663
-0.648675	0.62139	0.439426
-0.171352	0.341322	0.924196
0.204098	0.764694	-0.611217
-0.867115	-0.374376	-0.328564
-0.696667	-0.0579995	0.715047
-0.0768829	-0.730808	0.67824
-0.490668	0.0410276	-0.87038
0.382081	-0.329035	-0.863568
0.096351	-0.49254	-0.86494
0.885351	0.464736	-0.0131701
-0.326068	-0.808404	-0.490064
0.45995	-0.88586	-0.0608164
-0.891536	0.44566	-0.08093
0.426107	0.872901	-0.237647
-0.0375275	-0.412701	-0.910093
-0.869489	0.0190733	-0.493584
0.483425	0.531227	0.695772
0.991121	0.117373	0.0624663
-0.60281	-0.741366	-0.294951
-0.416896	0.245225	0.87525
-0.731552	-0.0419652	0.680493
0.237613	0.92067	0.309687
-0.403871	0.0419118	-0.913855
-0.0914189	0.455033	0.88577
-0.417786	0.861554	0.28841
0.173084	0.849104	-0.499063
-0.887863	-0.18406	-0.421687
0.220763	-0.956862	0.188888
0.781835	-0.109166	0.613854
-0.410104	0.87014	-0.273259
0.123402	-0.680898	-0.721907
0.909044	0.0975011	0.405133
-0.546597	0.035713	0.836634
0.373897	-0.53027	0.76093
-0.0871769	-0.28411	-0.95482
0.53628	-0.842701	0.047529
0.665221	-0.418297	-0.618472
0.990187	0.0790117	0.115273
-0.969411	0.224953	0.0981731
-0.0965012	-0.623036	-0.776217
-0.273506	0.396837	0.876193
0.808997	0.495501	-0.316231
-0.77015	-0.540656	-0.338468
0.775346	-0.315243	-0.547229
0.727444	0.598142	0.336232
-0.04105	-0.293413	0.955104
-0.798812	-0.340331	-0.496059
-0.185105	0.137049	0.973116
-0.0113492	-0.961291	0.2753
-0.120184	0.673443	0.729404
-0.201853	-0.173867	-0.96386
-0.597892	0.722783	0.346569
-0.896609	0.407359	0.173643
0.566606	-0.33433	0.753114
0.137299	0.174834	-0.974978
0.988048	-0.00592425	-0.154036
0.596561	-0.787349	0.155552
-0.895671	-0.422572	-0.138586
-0.00141369	0.893161	-0.449734
-0.985336	-0.0280266	-0.168308
0.0554196	-0.0334478	0.997903
-0.604829	-0.691374	-0.395202
0.198062	0.766452	-0.611001
0.804899	-0.585663	-0.0955799
-0.764094	0.49264	0.416492
0.0810362	-0.527506	-0.845677
0.457732	-0.669148	0.585425
-0.875851	-0.478211	0.0648046
-0.980001	0.1982	0.0177472
0.892139	-0.315571	0.323269
-0.0806527	0.874995	-0.477368
0.30691	0.864393	0.398284
-0.639053	0.590859	0.492441
0.378279	0.365197	-0.850609
0.443414	-0.881613	-0.161688
-0.267316	0.00692513	-0.963584
-0.877134	-0.205301	0.434151
0.220674	0.950632	-0.218178
-0.229116	0.126927	0.965088
0.926251	0.240589	0.29013
0.203299	-0.525008	-0.82646
-0.444142	-0.895822	0.0155133
-0.476282	0.863995	-0.163305
0.0914346	-0.919685	-0.381863
-0.4899	-0.602918	0.629673
0.0551486	0.986641	-0.153288
0.456955	-0.412357	-0.788133
0.644576	-0.708164	-0.288142
-0.779629	-0.538854	-0.319085
0.321576	0.927723	0.189523
0.678118	-0.190618	-0.709803
-0.298935	-0.944373	-0.137106
-0.894273	-0.408148	0.183553
0.624047	0.0661456	0.778582
-0.0565088	-0.982666	-0.176564
0.568451	-0.108651	0.815511
0.057842	0.612556	-0.788308
-0.317986	0.840962	0.437799
-0.519316	-0.800752	0.298507
-0.273534	-0.783812	0.557511
-0.594951	-0.342984	0.726908
-0.225782	-0.556899	0.799304
-0.772926	-0.586307	-0.242548
0.571274	0.205518	0.794612
0.149191	-0.583001	0.798656
0.613168	0.788918	-0.0404191
-0.00102978	0.862764	0.505605
0.459988	-0.879063	-0.125139
-0.847298	-0.496503	-0.188604
0.387138	0.685562	0.616546
0.152698	0.975656	-0.157411
0.24891	-0.899005	-0.360324
0.846122	0.258041	-0.46636
-0.184541	0.925802	0.329901
-0.824512	-0.279594	0.491942
0.618471	-0.774798	-0.131077
0.807936	-0.243015	-0.536827
0.647167	-0.62042	0.443006
-0.940657	0.339325	0.00474964
0.429232	-0.902608	-0.0325388
-0.310843	0.630945	-0.710834
-0.718845	0.505112	0.477624
0.0188967	-0.43803	-0.898762
-0.359367	-0.89947	-0.248615
-0.945968	-0.294665	0.13534
-0.400601	0.904577	0.145807
-0.829969	0.356218	0.429255
-0.552688	0.235803	0.799332
-0.995895	-0.0167074	0.0889633
-0.855304	0.427129	0.293284
0.102287	0.983234	-0.150956
0.866721	0.136385	-0.479785
-0.475967	-0.743257	0.470133
-0.589045	0.618058	-0.520605
0.806013	0.405886	-0.430812
0.921462	-0.355376	-0.156896
-0.934815	0.347065	-0.0752801
-0.775054	0.173536	-0.607599
-0.376136	-0.677146	-0.632452
0.795071	-0.572413	0.200512
0.435433	-0.671827	0.599206
0.545458	-0.649578	0.529646
-0.029551	-0.879048	-0.475816
0.941283	0.0682759	0.330644
-0.253692	0.79935	0.544683
-0.187761	0.0916974	0.977925
-0.649508	0.760287	-0.0101946
0.94776	-0.137974	0.287601
-0.470752	0.881557	-0.035336
0.351176	0.915427	-0.196645
-0.73775	-0.000276266	-0.675074
-0.522636	-0.591706	-0.613787
-0.612954	-0.426248	0.665282
-0.730099	-0.43123	-0.53009
0.547102	-0.361713	-0.75488
0.814614	-0.579621	-0.0210423
-0.94275	-0.329021	0.054477
-0.116504	0.949888	-0.290068
0.533884	-0.833241	0.143793
0.160418	0.893361	0.41973
-0.570107	-0.607135	0.553503
0.262273	0.920672	0.289095
0.574454	0.220021	-0.788412
0.143453	0.0185131	0.989484
0.865596	0.292176	-0.406665
0.653816	0.0569784	0.754505
-0.619619	-0.41223	0.667936
0.554622	0.741824	0.37695
-0.381071	-0.911987	-0.151869
0.42698	0.898771	0.0994967
-0.384705	0.741811	-0.549289
-0.256207	-0.922779	0.287816
-0.374048	-0.353419	0.857428
0.197448	0.301739	-0.932721
-0.267452	-0.476206	-0.837673
0.561743	-0.0144732	-0.827185
-0.839585	0.198062	0.505835
-0.282743	0.955768	0.0810167
0.397944	-0.87733	-0.268202
0.590118	-0.525426	0.612935
-0.539791	-0.809788	-0.229932
0.472856	0.728919	-0.495061
0.20821	-0.976139	0.0616589
0.532257	0.274826	0.800733
-0.822769	0.455754	0.339616
-0.160472	0.986859	0.0189207
-0.10568	-0.9277	-0.358058
-0.162973	-0.253469	0.953516
0.845641	0.378524	-0.376313
-0.99984	-0.0163575	-0.00727853
-0.446386	-0.678321	-0.583626
-0.0248897	-0.987988	-0.152514
-0.482375	0.0830006	0.872024
-0.408254	0.594848	0.692448
-0.863034	-0.477574	0.164606
0.434819	-0.547915	0.714648
-0.697389	0.709593	-0.100628
0.214896	-0.181354	-0.959651
-0.775398	0.313448	0.548187
0.645536	0.0705905	0.760461
-0.883732	0.0786197	0.461342
0.159111	0.957707	0.23975
0.405589	-0.499595	-0.765443
0.444661	-0.4373	0.781694
-0.852196	-0.51415	0.0970188
0.306838	0.777245	0.54931
-0.644279	-0.456569	-0.613555
0.473026	0.865675	-0.163868
0.472729	-0.809216	0.348851
-0.386242	0.844234	0.371598
0.329137	-0.130355	-0.935241
0.976211	-0.206693	-0.065503
-0.274386	0.896318	0.348319
0.906568	-0.420891	0.0313778
-0.601958	-0.777377	0.182567
0.263689	-0.932673	0.246149
0.408756	0.482191	-0.774861
0.836963	0.547091	0.0135955
-0.323611	0.54399	-0.774177
-0.242448	-0.891663	-0.382303
-0.981555	-0.0588511	-0.181896
0.92999	0.357612	0.0850396
0.402391	-0.375546	-0.834893
0.702102	-0.274697	0.656958
-0.834708	0.386067	0.392703
-0.592719	0.0079177	-0.805371
-0.563455	0.209632	-0.799107
0.819265	-0.515781	0.25055
-0.0788746	-0.328257	-0.941289
0.11641	0.993175	0.00724573
0.255897	-0.517083	-0.816787
0.330736	-0.287254	0.898943
-0.723707	-0.177048	-0.66701
0.697581	-0.187878	0.691435
-0.0160958	-0.524607	-0.851192
0.691599	-0.72079	-0.046401
-0.517431	-0.811899	-0.270342
0.520196	0.0245126	0.853695
0.677733	-0.187956	-0.710881
0.0744216	-0.917832	0.389931
-0.432501	-0.901077	0.0316772
0.698704	-0.400392	0.592873
-0.995727	-0.0836609	-0.0390928
-0.0762067	-0.0366487	0.996418
-0.849584	-0.505839	0.149448
-0.40372	-0.851123	-0.33556
-0.54813	0.334927	-0.766405
0.738474	0.660306	-0.136572
-0.648437	0.695458	0.309625
-0.312971	0.508825	-0.801964
-0.124334	0.585127	-0.801353
0.402762	-0.837101	0.370196
-0.926121	0.0807462	0.368483
0.797541	0.485464	0.358125
-0.259404	0.215362	-0.94145
0.652879	-0.497056	0.571563
-0.731382	0.301848	0.611529
0.0993915	0.158187	0.982394
0.885668	-0.0263758	0.46357
0.564997	-0.671757	-0.479083
-0.0260788	-0.740227	-0.671851
-0.0272015	0.482842	0.875285
0.203297	-0.882429	-0.424252
0.478547	0.630774	-0.610833
0.860906	-0.158929	-0.483304
-0.333435	0.257557	0.90691
-0.243904	-0.328074	-0.912622
0.917814	-0.2251	-0.327028
0.281134	0.913968	-0.29262
0.0249505	0.987122	0.158011
-0.159887	-0.916995	-0.365455
0.902442	-0.396607	-0.168231
-0.00216808	0.495695	0.868494
0.252382	0.842342	0.476196
-0.272128	-0.627915	-0.729156
0.218301	-0.504178	0.835553
-0.949314	-0.222573	0.221955
-0.797086	-0.162495	0.581592
0.439255	0.715092	-0.543782
0.403357	-0.664058	-0.629548
0.199536	-0.937638	0.284642
-0.223673	0.708749	-0.669062
-0.0663236	0.0812818	-0.994482
-0.930421	-0.236506	-0.279969
0.510784	0.351854	0.78441
0.329283	0.944016	-0.0201697
0.181101	-0.973763	-0.137798
0.346008	-0.318265	0.882602
0.970068	-0.0752206	0.23089
-0.447871	0.886993	0.112496
0.219934	0.779001	0.587185
0.592927	-0.804764	-0.0281389
-0.861132	-0.0851263	0.501203
-0.476048	0.76956	0.425624
0.828433	0.101871	-0.550747
0.893726	-0.380426	0.23776
-0.69964	-0.272125	-0.660645
0.127368	-0.0916744	0.98761
0.886732	0.318503	-0.335055
0.992055	0.0132264	-0.125105
-0.633122	-0.759918	0.147245
0.0237065	0.755124	0.655153
0.668942	0.119819	-0.733594
-0.176151	0.763449	-0.621383
-0.619509	-0.774803	0.126054
-0.47417	-0.880427	0.00316711
0.574306	0.164232	-0.801998
0.779493	-0.471813	0.412048
-0.557143	-0.0489529	-0.828972
-0.500984	0.799518	-0.331341
-0.192828	-0.66086	-0.725314
-0.121204	0.543276	0.830759
0.23937	0.177834	0.954504
0.476429	-0.878214	0.041894
0.691231	-0.651515	0.312615
0.695741	-0.170714	0.697712
-0.327523	-0.194529	0.924601
0.00417262	-0.867881	-0.496755
-0.786659	-0.351135	-0.507811
0.562678	0.0281871	0.826196
-0.813133	-0.355927	0.460577
0.322232	0.905282	-0.276823
-0.673208	-0.739425	0.00647804
0.558016	0.0930713	0.824594
-0.0131795	0.98551	0.169107
0.644792	0.647063	0.406881
0.0867024	0.148999	-0.985029
0.888366	-0.114412	0.444652
-0.841826	0.493158	-0.219373
-0.448699	-0.616434	0.647053
0.148653	0.864038	-0.480979
0.788717	-0.515362	0.335153
-0.953388	-0.301744	-0.00103024
0.497407	0.160765	0.852491
-0.337361	0.892622	0.299022
0.978199	-0.0486967	-0.201879
-0.511072	-0.785954	0.347968
-0.35416	0.866525	-0.351716
0.0825296	0.942452	-0.323997
0.852115	-0.46697	0.236302
-0.483643	0.399194	0.778931
0.478371	-0.489918	0.728794
-0.520757	-0.707392	-0.477922
0.244626	-0.803435	0.542817
-0.776833	0.291381	0.558236
0.275305	0.866951	-0.415456
-0.119219	-0.12604	-0.984835
0.909622	0.307172	-0.279701
-0.985576	0.0712814	0.153487
0.979984	-0.0911623	-0.176978
0.0244881	0.296345	-0.954767
-0.14472	0.779991	0.608826
0.469165	-0.85478	0.221892
-0.615922	0.537845	0.575641
0.792544	0.0429595	-0.6083
-0.500075	-0.645643	-0.577122
-0.930598	-0.341035	0.132978
0.00750045	0.753982	0.656852
0.39149	0.92014	-0.0088141
0.626649	-0.76127	-0.166667
-0.448624	-0.588207	-0.672867
-0.671015	-0.00148732	0.741442
0.700409	0.287562	0.65325
0.687709	-0.0805992	-0.721498
-0.670689	-0.219521	0.70851
-0.256089	0.292135	-0.921453
-0.28731	0.701183	-0.65253
0.904351	-0.398712	0.152243
-0.562597	0.797222	0.218911
-0.487309	0.436548	-0.756278
0.33752	0.0422473	-0.94037
-0.160342	-0.981368	0.105868
-0.622793	-0.779327	-0.0691285
0.724013	0.629749	0.281464
0.423384	-0.29893	-0.855211
-0.100925	0.832902	0.54414
-0.823771	-0.565785	-0.0358955
0.0258788	0.459741	-0.887676
0.115343	0.759308	-0.640427
0.657132	-0.692682	-0.29727
-0.990043	-0.0775233	0.117491
0.915886	0.34053	0.212583
0.99724	0.0257493	0.0696388
0.53356	-0.677875	0.505765
-0.339212	-0.503293	-0.794752
0.727765	-0.0416488	0.684561
-0.377468	0.321198	0.868533
0.37695	0.650247	0.659612
-0.933616	0.13767	0.330769
-0.141226	0.518251	0.843488
-0.0842436	-0.283877	-0.955153
0.887899	-0.444015	0.120356
-0.841651	-0.443912	0.307514
-0.588377	-0.450279	0.671611
-0.228043	0.600615	-0.766327
0.626564	-0.46926	0.622264
-0.620647	-0.448936	0.642848
0.481042	0.418379	0.770427
0.466538	-0.52497	-0.711863
0.852427	0.417	-0.315404
-0.206418	0.946976	-0.246226
-0.846277	-0.427157	-0.318358
0.639172	-0.486662	-0.5955
0.965882	-0.187904	-0.178225
-0.991012	-0.122757	0.0531554
-0.00720799	0.907142	0.420763
0.849173	0.409307	0.333727
0.997595	-0.0478817	0.0501178
-0.744526	-0.543171	0.388133
0.549553	0.832468	-0.0706258
0.422432	0.789851	-0.44462
0.817623	0.507728	0.271486
-0.760317	-0.476177	-0.441785
0.528164	0.817437	-0.229869
0.0459827	0.173824	0.983703
0.385013	-0.800571	-0.459185
0.794427	0.605573	-0.0465551
-0.928944	-0.232964	0.287734
0.161139	0.690422	-0.705232
0.799061	-0.465942	-0.38
0.327973	-0.709372	-0.623878
0.751468	0.488843	0.443089
0.128434	-0.00369655	-0.991711
-0.168859	0.60734	0.776289
0.957715	0.276712	0.078817
-0.368387	0.794626	0.482556
0.246863	-0.632918	-0.733807
0.165363	-0.287489	0.943401
-0.963695	-0.213794	0.159951
0.840633	-0.0666141	-0.537492
-0.0846089	-0.156925	-0.98398
0.594265	0.193007	0.780768
-0.725343	-0.687269	-0.0392159
-0.0421324	-0.959541	-0.278399
-0.674576	0.358673	-0.645214
0.658659	0.404385	0.63454
-0.683387	-0.581064	0.441979
-0.131525	0.969309	-0.207706
-0.054969	0.753191	0.655501
0.136648	0.822475	-0.552143
-0.68159	0.492662	0.541036
0.502388	-0.108483	0.85781
0.264792	0.520357	-0.811858
0.615253	0.78746	0.0370207
-0.874704	-0.482579	-0.0448305
0.279187	0.418003	0.864481
0.0323669	-0.820259	-0.571076
0.98236	0.122699	0.141114
-0.224014	-0.351005	-0.909183
-0.230432	0.240064	0.943011
0.3902	0.870522	-0.299891
0.138578	0.363639	-0.921175
-0.233559	0.23134	0.944421
-0.479113	-0.102866	-0.871705
-0.709594	0.661354	-0.243078
0.178196	-0.908409	-0.378206
0.150593	0.300339	0.94187
0.989152	0.0256876	0.14463
-0.855614	-0.387211	0.343499
0.941778	-0.0172512	-0.335792
-0.752772	0.642019	-0.145416
0.796771	-0.208354	0.567225
-0.91135	0.307982	-0.27311
0.780762	-0.563989	-0.268935
0.118596	-0.10503	0.987372
-0.42793	0.900468	0.0776731
-0.849301	0.525528	0.0500748
0.583473	0.588703	-0.559454
-0.94956	-0.265228	0.167304
0.497345	0.118183	0.859466
-0.370904	0.928625	0.00922957
0.715196	-0.0881812	-0.693339
0.242801	-0.617327	0.748301
-0.505254	0.673747	0.539244
-0.128321	0.914921	0.382692
0.562842	-0.789571	-0.244512
-0.393635	-0.656176	0.643805
-0.843734	-0.125617	0.521855
0.943591	-0.316495	-0.0972962
-0.602209	0.313042	0.734404
-0.640438	0.673593	-0.368932
-0.713741	0.611228	0.342016
0.536224	-0.821839	0.192469
0.745166	-0.342788	0.572035
-0.929205	0.118992	-0.349885
0.678308	0.486071	-0.55103
0.993653	-0.00514924	-0.11237
0.274568	-0.954015	0.120282
0.975527	-0.131287	-0.176384
0.438032	0.131192	0.889335
0.217599	-0.663248	-0.716068
-0.0425235	0.399654	-0.915679
-0.852899	-0.17724	0.49107
0.0970604	0.989131	0.11045
-0.602538	-0.0715544	-0.794876
-0.198272	-0.085801	-0.976384
0.0697666	-0.378449	-0.922989
0.210485	-0.402517	0.890885
0.0335646	0.291208	-0.956071
0.713405	-0.541645	0.444606
-0.804664	-0.460145	0.375209
0.254343	0.16931	0.952179
0.0759893	0.753156	-0.653439
-0.592765	-0.669601	-0.447508
-0.803704	0.13272	-0.580039
-0.298059	0.827372	0.476042
0.779025	0.601373	-0.177397
0.244729	-0.82226	0.513805
-0.373389	-0.763777	0.526521
0.244485	0.789002	0.563651
-0.68744	0.409875	-0.599524
0.126055	-0.523289	0.84278
0.30248	-0.584167	0.753163
0.212625	-0.191202	0.958245
-0.93327	0.309312	-0.182576
-0.262047	0.906264	-0.331689
-0.961832	0.143116	0.233231
0.383353	-0.61254	0.691256
0.104824	-0.873478	-0.475445
0.953306	0.128418	-0.273343
0.209365	-0.612811	-0.76199
-0.231518	-0.69948	-0.676112
-0.438421	0.898179	0.0325856
0.676137	-0.37621	-0.633486
0.433796	-0.571015	0.696967
0.481395	0.740865	-0.468379
0.613043	0.778158	-0.13656
0.899097	-0.254871	-0.355901
-0.977415	-0.088545	-0.191883
-0.178514	0.400003	0.898961
0.332178	0.831517	0.445239
0.611574	-0.740601	0.278365
-0.547483	-0.150315	-0.823206
-0.423402	-0.0799764	0.902405
0.617334	-0.0496917	-0.785131
-0.0442005	-0.564418	-0.824305
-0.746938	-0.453383	-0.486341
-0.189071	0.271996	0.943541
0.815086	-0.0219467	-0.578925
0.866536	0.168024	-0.469983
-0.844621	-0.533947	0.0389215
0.274157	-0.327199	0.904311
-0.945221	-0.324572	-0.0347996
0.953364	0.198475	0.227387
-0.435717	-0.891847	0.121485
0.469867	-0.0309943	-0.882193
-0.495468	0.858741	0.130678
-0.982943	-0.0931381	-0.158583
-0.727503	-0.674803	-0.124019
-0.672745	0.739115	0.0335052
0.515376	0.850587	0.104352
-0.42631	0.0476335	0.903322
-0.741057	0.302622	-0.599379
-0.570788	0.792385	-0.215238
0.374643	0.18382	0.908765
0.149268	-0.483692	0.862416
0.280536	0.363687	-0.888275
-0.529561	0.224536	0.818015
0.593606	0.804329	0.026204
0.921713	-0.365834	0.128884
-0.347466	-0.89262	0.287223
0.4003	0.142653	0.905213
0.389731	0.399113	-0.829951
0.119039	0.658944	-0.742713
-0.722636	-0.671444	0.164197
0.369159	0.716751	0.5916
0.343941	-0.862507	0.371197
-0.0385528	0.914153	0.403532
