800
-0.930965	-0.166679	0.324843
-0.0669214	-0.306007	0.949674
0.558794	0.828715	0.0313274
-0.441309	0.68809	0.576002
-0.282454	0.552433	0.784243
-0.353319	0.519435	0.778044
-0.206236	0.538173	0.817213
0.918794	-0.172674	0.354967
-0.692007	-0.0262585	0.721413
-0.501145	0.00793853	0.865327
0.425068	0.78339	0.453449
0.623659	0.603568	0.496744
-0.264244	0.929859	0.256003
-0.482279	0.699206	-0.527749
-0.138289	0.186569	0.97266
-0.428895	-0.870906	0.239941
-0.721571	0.113265	0.683013
0.147847	-0.184505	0.971648
0.786264	0.61594	0.0490565
0.694138	0.671559	-0.259191
0.603999	0.426287	-0.673398
-0.908487	0.395336	-0.1355
0.210917	0.437652	0.874057
-0.164707	0.276538	0.946783
0.44567	0.0333278	0.894577
0.377751	0.445744	0.811552
0.994176	-0.00756812	0.107504
0.983055	0.174883	0.0549439
0.824541	0.565117	0.0278285
-0.66854	0.608918	-0.426934
-0.563452	-0.405464	0.719806
0.486959	0.0827303	0.869498
-0.35069	-0.762727	0.543382
0.482762	0.00995228	0.875695
-0.072048	-0.22413	0.971892
0.787267	0.595681	0.159292
0.537527	-0.56395	-0.626917
-0.990869	0.0597497	0.120863
-0.803401	0.0155496	0.595235
-0.319449	0.913675	0.251295
-0.186518	-0.65335	0.73372
-0.290617	0.912944	0.286488
0.680604	0.56244	0.46951
0.893878	0.344456	0.286935
0.596898	-0.155434	-0.787117
-0.491725	-0.275347	-0.826069
-0.836815	-0.533401	0.123388
-0.19512	-0.954094	-0.227229
-0.418344	0.483759	0.768743
-0.593312	0.490916	0.637951
0.296442	0.759141	0.579506
0.624258	0.433881	-0.649654
0.384783	-0.390855	-0.836167
-0.240094	-0.415067	-0.877539
-0.136205	-0.97416	-0.18017
-0.371426	-0.676157	0.636282
-0.669564	0.578208	0.466219
0.720687	-0.0257776	0.692782
0.214488	0.03065	0.976246
0.547363	0.229417	0.804836
0.457982	-0.141275	0.877664
0.139029	-0.765968	0.627665
-0.0856781	-0.0807288	0.993047
0.397403	-0.108725	0.91118
-0.907371	0.114032	0.404567
0.879121	-0.461153	0.120354
0.0229626	-0.118632	0.992673
0.18933	-0.53287	0.824745
0.983054	-0.172708	0.06146
-0.0628356	-0.942147	-0.329257
-0.158751	-0.622792	0.766112
0.733203	0.435814	0.521996
0.5269	-0.182599	-0.830081
-0.0475622	-0.80475	0.591706
-0.566446	0.581652	0.583797
0.768597	-0.570858	0.288754
-0.362058	-0.0765382	0.929008
0.797307	0.405175	0.447365
0.168428	0.802972	0.571723
-0.445713	-0.762911	-0.468302
-0.520617	-0.749023	-0.409783
0.159582	0.122571	-0.979546
0.979125	-0.0766484	-0.188255
-0.982642	0.12573	0.136404
-0.356529	-0.71853	-0.597161
-0.863734	0.153317	0.480059
0.309188	-0.73872	0.598912
-0.221341	0.391214	0.893286
-0.363631	-0.66019	-0.657207
0.177988	0.737615	0.651341
-0.477312	-0.219663	-0.850836
-0.14697	-0.0459658	0.988072
-0.446603	0.773783	0.449227
0.939897	-0.333154	0.0748451
0.974003	-0.0095777	0.226332
0.0444453	0.550621	-0.833571
0.339165	-0.582848	0.738414
-0.727131	-0.0898763	0.68059
-0.713331	0.0217818	0.700489
0.963843	0.265689	-0.0203975
-0.88406	0.196965	-0.423843
-0.504657	0.21166	-0.836972
0.38879	0.884047	-0.259428
-0.604716	-0.647314	-0.464008
-0.495974	-0.268048	-0.82593
0.72836	0.275659	0.627299
-0.358257	-0.536556	0.764042
-0.987112	0.139158	0.0790204
-0.993279	0.115286	0.0102921
0.898688	0.413537	-0.146108
-0.0188037	0.933336	-0.358512
0.938635	-0.344887	-0.00416575
-0.862212	-0.345437	-0.370492
-0.100988	-0.312676	-0.944476
-0.86022	-0.497214	0.113136
0.00496788	0.794893	0.606729
-0.776264	-0.493812	0.391872
-0.489134	-0.690366	0.533051
-0.23201	-0.188417	-0.95429
-0.22313	0.00337588	0.974783
0.87175	0.464785	0.155003
0.171841	0.93546	0.308844
-0.35345	0.833753	0.424181
-0.00809648	-0.386042	0.922446
-0.470024	-0.877783	-0.0925998
-0.160209	0.290881	0.94325
-0.816635	0.533651	0.219825
-0.485169	-0.690115	0.536984
-0.933051	0.11047	-0.342363
-0.0680044	0.589842	0.80465
0.188059	-0.441488	0.877338
0.677786	-0.626335	0.385112
-0.686606	-0.167486	0.707475
-0.667652	0.476026	0.572398
0.436967	-0.0829003	0.895649
0.291431	-0.483001	0.825699
0.757344	-0.591103	-0.277537
-0.307303	-0.285922	-0.907642
-0.689779	0.213429	-0.691847
-0.409327	-0.79161	-0.453658
-0.0154536	-0.32871	-0.944304
-0.35881	-0.932952	0.0292705
-0.287178	-0.424294	0.85878
0.370701	-0.675334	-0.637578
-0.12333	0.341155	0.931881
-0.243093	-0.784649	0.570291
-0.12787	-0.38642	0.913416
-0.185803	0.0454944	0.981533
0.535228	0.771597	0.343757
0.449376	-0.478828	0.754178
0.143432	0.452197	0.88031
0.669698	-0.731176	0.129948
0.856986	0.0263447	0.514666
0.956154	-0.0266251	0.291651
0.550482	-0.71573	0.429768
0.94207	0.236417	-0.23793
0.938469	-0.229656	-0.257943
0.426218	0.412148	0.805278
0.930299	0.24139	0.276178
0.249222	0.789139	0.561381
0.098678	0.0562058	0.993531
0.370011	0.319033	0.872531
0.746857	-0.0113751	0.664888
0.777904	0.241112	-0.580285
0.750655	-0.0397652	-0.659497
0.858638	-0.43046	0.27829
0.148103	0.160696	0.975829
0.33073	-0.856583	0.396086
-0.290731	0.830259	-0.475547
-0.394562	-0.594988	-0.700221
-0.823924	-0.545512	0.15351
0.492685	0.477506	0.727495
0.872774	-0.45436	0.178387
0.0788031	-0.981247	0.175912
-0.0209908	-0.738408	-0.674027
0.388529	0.882499	-0.26503
-0.242914	-0.932013	0.26897
0.839704	-0.0490538	0.540824
0.561739	-0.496933	-0.661443
0.279674	-0.956512	-0.0828659
-0.762996	0.64583	0.0272049
-0.717089	0.224093	0.659974
0.905185	0.234348	-0.354573
0.400074	-0.888336	0.225389
0.339682	-0.704093	0.623594
-0.127085	-0.815587	-0.564506
0.524639	-0.772361	-0.358067
-0.0303532	-0.961004	0.274864
0.33747	-0.809377	-0.480648
0.380913	-0.768303	0.514408
-0.228962	-0.965298	0.125607
0.610453	0.715211	-0.340324
0.352575	-0.749869	-0.559811
0.561928	0.824041	-0.0720557
0.717222	-0.660545	0.221977
-0.975641	-0.219326	0.00450549
0.0531459	0.501116	0.863747
-0.395594	-0.870968	-0.291409
-0.345282	-0.938485	0.00517033
0.2862	0.233277	0.929339
-0.506708	0.636767	0.581184
0.145544	0.0620754	0.987402
0.938473	0.328345	0.107043
0.651377	0.75319	-0.0917255
0.506632	0.832942	-0.222556
-0.524222	0.161507	-0.836126
-0.904321	0.426219	-0.0232473
-0.351027	0.633669	0.689379
0.00654089	0.767849	0.640598
0.854212	-0.301078	0.423879
0.685777	0.71535	-0.134104
-0.0282338	0.75759	-0.65212
0.367758	0.367998	-0.854009
0.128609	-0.936141	-0.327261
0.433805	-0.0729257	0.898051
0.022904	0.914868	0.403102
-0.84226	0.31749	0.435659
0.569241	-0.452528	0.686428
0.938829	0.342334	-0.0375179
-0.682066	-0.692689	-0.234454
-0.778421	-0.625888	-0.0482147
0.395339	-0.369357	0.841001
0.35277	0.875086	-0.331328
0.143991	0.818509	0.556156
-0.500274	-0.00297073	-0.865862
-0.425957	0.11553	0.897337
0.221408	0.69242	0.686683
-0.334831	0.289906	0.896573
-0.735162	-0.600894	0.313789
0.603431	0.549846	0.57753
0.131739	0.950469	-0.281519
-0.143563	0.592462	0.792703
0.689122	-0.434958	0.579588
-0.0138076	0.707967	0.70611
-0.508743	0.642617	0.572908
-0.977293	-0.0140841	0.211424
-0.260352	-0.44215	0.858324
-0.38272	-0.900198	-0.207771
-0.667022	0.305734	-0.679418
-0.693346	0.0601211	-0.718092
0.319417	-0.936638	-0.143813
-0.2569	0.477692	0.840127
0.817782	0.535374	0.211203
-0.559714	0.382587	0.735083
0.513801	-0.253751	0.819524
-0.289261	-0.794129	0.534498
0.762239	-0.618665	-0.190381
-0.0790033	-0.967888	-0.238646
-0.569601	-0.309893	0.761263
0.196479	-0.120529	0.973072
0.885747	0.18147	0.427225
0.450065	-0.291736	-0.843998
-0.0388014	0.725826	-0.686783
0.0306622	0.964951	0.260632
-0.14854	0.894552	-0.42156
-0.61911	-0.46434	0.633318
-0.707427	0.110082	0.698161
0.424742	-0.625037	-0.654922
0.799226	0.345665	-0.491685
-0.281817	-0.958784	-0.036223
-0.708428	-0.656576	-0.258915
-0.460008	0.431233	0.776164
0.859707	0.235592	0.453212
0.0868049	-0.151388	0.984656
-0.666165	-0.713473	-0.217212
-0.140592	-0.987992	-0.0640694
0.810669	-0.27046	0.519296
0.181218	0.251927	0.950628
-0.0539624	-0.905634	-0.420613
0.285996	0.539527	0.791907
0.09492	-0.976272	0.194635
-0.938059	0.297722	-0.177221
0.415707	0.689412	0.593211
0.445164	0.34651	0.825687
0.410232	-0.346423	0.843624
0.84112	-0.196651	0.503831
-0.517301	0.765089	-0.383455
-0.43265	-0.877222	-0.208078
0.437074	-0.768611	0.467123
-0.280534	-0.529811	0.800376
0.282949	0.941349	0.183852
-0.98464	-0.0239638	-0.172946
-0.240855	-0.947412	-0.21071
-0.418196	0.150377	0.895823
-0.423796	0.311022	0.850683
0.531143	0.824264	0.196152
0.0203704	0.18949	0.981671
-0.616952	-0.786958	-0.00822358
0.387836	-0.852743	0.349874
0.96899	0.145347	-0.199834
0.159765	-0.986769	-0.0275955
0.547744	0.553294	0.627568
-0.153132	-0.360312	0.920177
0.52314	-0.639918	0.562877
-0.815181	0.548491	0.186111
-0.564342	-0.0168793	0.825369
0.512961	0.53444	0.671748
-0.329752	0.786052	-0.522863
-0.509245	-0.63606	0.579739
0.440411	-0.0504105	0.89638
0.957357	0.0513128	0.284314
0.71388	0.664982	-0.219486
-0.508967	-0.799526	0.31892
0.256553	-0.3473	-0.901978
0.195522	-0.771719	0.605162
-0.971966	-0.140911	-0.188218
-0.331536	-0.438801	0.835187
-0.716952	0.176331	0.674454
0.470494	0.881132	0.0473471
-0.374203	-0.103195	0.921587
0.208833	-0.102502	0.972565
-0.638886	0.400069	0.657091
0.344853	0.5989	-0.722769
0.157958	-0.879905	0.448126
-0.359915	-0.657872	-0.661563
-0.837264	0.49801	0.225776
0.527979	0.845012	-0.0848035
-0.913473	0.375229	0.157384
0.313826	-0.0653146	0.947231
0.707053	0.234829	-0.667031
0.0793429	0.861663	0.501239
0.73181	0.32622	-0.59836
-0.0898396	0.575839	-0.812612
0.0320276	-0.716378	-0.696977
0.734298	-0.540789	-0.410309
0.587946	-0.525035	0.615351
0.918505	-0.0467138	0.392641
-0.551588	0.776426	0.304818
-0.505509	0.171554	0.845594
0.994293	0.102222	0.0305336
0.0533994	-0.936906	0.345479
0.533121	0.0657622	0.843479
0.719492	0.10662	0.686267
0.171891	0.81998	0.545972
-0.718385	0.467189	0.515419
0.430463	0.887375	-0.165129
0.0783773	0.146733	0.986066
0.603483	-0.0496783	0.795827
-0.439513	0.478627	0.760096
0.555025	0.0172538	0.831655
-0.683863	0.367624	0.630225
0.0172316	0.229012	0.973271
-0.715067	0.383113	-0.584725
-0.0595633	0.843853	0.533258
0.0789252	-0.242013	-0.967058
0.605586	0.795344	0.0263305
-0.371841	-0.507859	-0.777055
-0.915797	-0.252711	0.312176
0.325881	-0.318767	0.89005
-0.457257	-0.886644	0.0691206
-0.28105	0.707249	0.648698
0.26674	-0.266689	0.926136
-0.943023	0.0764191	-0.323833
0.100893	0.858596	0.502626
-0.866218	-0.09409	-0.490727
-0.111958	0.462847	0.879339
0.133667	-0.764085	-0.631116
0.0865712	-0.363451	-0.927582
-0.449276	-0.891061	0.0645069
0.248666	-0.867946	-0.429924
0.414991	-0.909408	0.0275718
0.621458	-0.391017	0.678893
0.174069	-0.977554	0.118693
-0.516383	0.852845	-0.0774843
-0.165224	-0.984969	-0.0503761
0.345874	-0.476949	0.808017
-0.940264	-0.24937	0.231771
0.913134	0.275998	0.30002
0.594814	-0.803856	0.00362816
-0.052985	0.351908	-0.934534
-0.628284	0.718959	0.297251
-0.362723	-0.112032	0.925138
-0.553569	-0.217766	0.803828
0.396668	-0.452799	0.798516
-0.455973	-0.158981	0.875679
0.952748	0.245455	-0.178949
-0.495954	-0.0220675	0.868069
0.374429	0.902024	-0.214839
-0.519641	-0.852909	0.0501938
-0.163881	-0.985628	-0.0409827
-0.822993	0.563238	0.07379
0.342369	-0.181527	0.921863
-0.588201	0.202994	0.782824
0.571955	-0.343791	0.744765
-0.133784	-0.9132	0.384925
0.455226	0.600985	0.656953
-0.533003	-0.0530358	0.844449
0.421377	-0.905938	0.0414389
-0.187568	-0.782318	-0.593967
0.350823	0.0327419	0.935869
0.979715	-0.0670881	0.188831
-0.636353	0.754515	-0.160506
0.952809	-0.00539667	-0.303522
-0.429178	-0.0371959	0.902454
0.266763	0.795433	-0.544173
0.747846	0.548793	-0.373568
-0.731203	-0.588239	0.345423
-0.447121	-0.601001	0.662481
0.521434	-0.100914	-0.847304
-0.574314	0.811527	-0.107645
0.00224323	-0.998507	0.0545749
-0.675442	-0.62241	0.395454
0.186695	0.0492874	0.981181
0.835901	0.361569	-0.412962
0.244066	-0.309615	-0.919005
-0.479201	0.378163	0.79206
-0.213577	-0.239773	0.947045
0.674862	0.589166	0.444347
0.00393511	-0.157023	-0.987587
-0.851754	0.465999	0.239499
0.939322	0.340301	-0.0432407
0.998694	-0.0422596	0.0287055
0.391706	-0.0325255	-0.919515
-0.141263	-0.114186	0.983365
-0.592331	-0.560968	0.578325
0.475614	-0.246669	0.844361
0.875337	-0.450922	-0.174513
0.108562	0.764216	0.635758
0.921495	0.34126	-0.185443
0.357645	0.799466	-0.482642
0.448276	-0.0341282	-0.893243
0.150571	-0.674337	0.722909
-0.104725	-0.730165	0.675198
0.0344633	-0.421535	0.906157
-0.401531	-0.162285	0.901352
0.0687814	-0.146853	0.986764
0.861194	0.359162	-0.359648
0.304912	0.505667	-0.807049
-0.968148	0.150686	-0.199957
-0.975919	-0.0234429	0.216868
-0.594751	0.31004	0.741719
0.0446555	0.947232	0.317422
0.411943	-0.29191	0.863187
-0.202489	0.167551	0.964844
0.139146	-0.777702	0.61304
0.47006	0.340445	0.814335
-0.706514	0.646738	-0.287347
-0.971845	-0.09335	-0.21634
-0.488964	-0.415354	0.76707
-0.279914	0.302078	0.911261
0.709173	0.23386	0.665118
0.692611	-0.525039	0.494595
0.389391	-0.263394	0.882609
0.893316	-0.424329	-0.148095
-0.984814	0.113301	-0.131544
-0.621646	0.435562	0.651032
-0.218597	0.642909	0.734087
0.848159	0.154532	0.506701
0.11695	0.829308	0.546416
0.815747	0.359751	0.452919
0.811984	0.524628	0.255827
-0.25797	0.912632	0.317104
-0.938172	-0.0512314	-0.342358
-0.400865	0.519537	0.754578
0.126965	0.2013	0.971266
-0.128049	0.454018	0.881743
0.81576	0.279285	0.506494
0.896695	-0.414081	-0.156444
0.351162	-0.0531133	-0.934807
0.145	-0.719789	-0.67888
-0.700231	-0.298586	-0.648478
-0.0633161	-0.575652	-0.81524
0.676391	0.59184	0.438429
0.341964	0.835873	-0.429392
0.719618	0.500458	-0.481343
-0.403318	0.699149	0.590361
-0.201336	-0.197166	-0.959473
0.801206	0.385153	-0.457959
0.119511	-0.685493	0.718204
-0.909455	0.169265	0.379792
-0.856852	0.459687	0.233435
-0.255016	0.742425	0.619493
-0.169862	0.180238	-0.968845
-0.461997	0.695378	-0.550462
0.992017	-0.0902698	-0.0880556
0.407186	0.512426	0.756055
-0.92808	0.3676	0.059481
-0.239645	0.113047	-0.964257
-0.14391	-0.550522	-0.822323
-0.0200221	0.999012	-0.0396791
0.474445	0.473246	0.742254
0.823783	0.550573	0.135097
0.927191	0.352865	-0.12571
-0.341631	-0.437586	0.831749
-0.166221	-0.55306	-0.816392
0.846747	-0.162493	0.506572
-0.964846	-0.115783	-0.235938
0.66143	0.74908	0.037275
-0.672913	0.394636	-0.62566
0.435313	0.874779	-0.212753
0.355883	-0.0915181	0.930039
-0.942633	-0.123073	0.310317
-0.0256928	-0.426331	0.904202
-0.174518	-0.97919	-0.103587
0.316135	0.492147	0.81108
0.218867	0.897014	0.384008
0.68041	0.732607	-0.0181325
0.295244	0.536627	0.790482
-0.0125644	-0.449018	0.893434
-0.544006	-0.797067	0.262185
0.1536	0.0998694	-0.983073
0.689567	-0.215146	0.691527
0.234759	-0.33133	0.913843
0.881841	0.309557	0.355713
0.234439	-0.711831	-0.662068
0.697866	0.170736	0.695581
0.0790725	0.584147	0.807787
0.537794	0.779707	0.32068
0.368779	-0.892799	0.258674
0.0680287	-0.915207	0.3972
0.985353	-0.147579	-0.0854379
0.699248	-0.577255	-0.421699
0.620903	0.680782	-0.388608
0.491884	-0.279759	0.824491
-0.153356	0.98246	-0.106086
-0.280178	0.668144	-0.689264
0.784096	-0.0207819	-0.620291
0.715836	0.472797	0.51385
0.573902	0.754096	0.319337
-0.886002	0.287196	0.364031
-0.627244	0.186287	-0.756216
-0.128087	-0.233305	0.963931
-0.0310169	-0.781965	-0.62255
0.423534	0.660878	-0.619563
-0.343346	0.52805	0.776709
-0.887336	-0.0289766	-0.460212
0.793478	0.48484	0.367863
-0.603433	-0.716541	0.34991
0.271908	0.230246	0.934373
0.710373	0.56179	0.423984
0.0993855	-0.931431	-0.350085
0.1973	-0.550251	0.811355
0.672568	0.737194	-0.0647863
0.374393	0.561729	-0.73776
-0.954401	0.279354	-0.105263
-0.288739	0.56886	0.770083
-0.369227	0.69533	0.616594
-0.914007	0.368027	0.170726
-0.466425	-0.399568	-0.789172
0.20272	0.972639	-0.113477
-0.441721	-0.244778	-0.863114
0.24287	-0.862012	-0.444914
0.38811	-0.78818	0.477643
-0.850161	-0.518558	0.0912314
0.303177	-0.101158	0.94755
-0.0475792	0.998861	0.00358503
0.50023	-0.545105	0.672779
-0.0965554	-0.517615	0.850148
0.787043	0.575884	0.221179
0.658935	0.74904	0.0688709
0.654949	-0.392917	0.645491
-0.481308	0.368526	0.795318
-0.0466447	-0.363943	0.930252
0.319306	0.869999	0.375694
0.512551	0.853997	0.0893293
0.409896	0.719192	0.561024
0.692245	-0.469501	0.548056
-0.442559	-0.824308	0.353069
-0.711667	-0.527023	0.464518
0.814453	0.0627978	0.576822
0.635986	0.165967	0.753642
-0.218181	0.728505	0.649367
0.550587	0.553652	0.624759
0.279024	0.869578	-0.407406
-0.238685	0.953657	-0.183217
-0.177711	-0.341391	0.922969
0.142329	-0.961557	-0.234843
-0.372109	0.277532	0.885726
0.552418	0.74912	-0.365586
-0.806862	-0.483515	0.339392
-0.711127	0.630577	0.310921
-0.391263	-0.872486	-0.292715
0.667164	-0.0791265	0.740696
0.0771051	0.958838	0.273286
0.552251	-0.383704	-0.740128
0.8359	-0.465686	-0.290531
0.536488	-0.64999	0.538232
0.604838	-0.65755	0.44922
-0.325375	0.683012	0.653931
0.0260641	0.907203	-0.419886
-0.268961	-0.906549	-0.325313
-0.714513	0.0192465	0.699357
-0.117496	-0.421145	0.899351
-0.0985704	-0.988739	0.112603
-0.875705	0.438594	0.201933
0.86237	-0.389615	-0.323294
-0.36997	-0.772812	0.515638
0.740434	0.539497	-0.400875
0.962955	-0.106388	-0.247789
-0.879083	-0.0790666	0.470065
0.697338	0.587431	0.410664
0.42588	0.615367	-0.663288
-0.391612	-0.824685	-0.408088
0.77954	0.616834	0.108782
-0.496152	-0.866721	-0.0512537
-0.162189	0.933964	0.318443
-0.158054	-0.237315	-0.958489
0.174093	-0.407021	0.896675
0.947026	0.00375825	-0.321134
-0.808033	0.0494143	-0.587062
-0.0818927	-0.142463	0.986407
-0.787311	-0.588017	0.185411
0.905969	-0.186139	0.380227
0.311388	-0.947018	-0.0787079
0.675973	-0.376531	-0.63347
0.701905	-0.703059	0.114181
0.766486	-0.520003	-0.376957
0.597961	-0.734821	0.320125
0.00708451	-0.166536	0.98601
0.0160047	-0.541858	0.840318
0.131684	-0.940256	-0.313971
0.0468347	-0.997632	-0.0503642
-0.521207	-0.853402	0.00691698
0.333978	-0.877669	0.343738
0.0116835	-0.0984169	0.995077
0.95713	0.124869	0.26136
0.402995	0.546181	0.734357
0.279184	0.0987665	0.955145
-0.630603	-0.51868	-0.577331
-0.389694	-0.818445	0.422241
0.100857	-0.354525	0.929591
0.197594	-0.520651	0.83059
-0.105865	0.404613	0.90834
0.69392	-0.0836721	0.715174
-0.805068	0.277192	0.524434
-0.316642	-0.0736273	0.945683
0.650771	-0.740395	-0.168265
0.220982	-0.737723	0.637912
-0.0415587	-0.53351	0.844772
0.522439	-0.213213	0.82559
0.123383	0.674532	0.727862
-0.215858	-0.379307	0.89974
-0.73811	0.534654	0.411508
0.788843	-0.605762	0.103826
-0.0792958	-0.476477	0.875604
0.217438	-0.325522	0.920193
-0.647039	-0.295432	0.702894
-0.245189	0.710051	0.660083
-0.216992	-0.660121	0.719135
-0.0904437	0.836163	0.540973
-0.787401	0.103901	0.607621
0.0437973	0.126993	0.990936
0.519734	-0.296709	0.80115
-0.0407169	-0.142634	0.988938
0.225219	0.809735	0.541853
0.0803723	0.289809	0.953704
0.493011	-0.0245404	0.869677
0.860889	-0.042645	0.507002
-0.730282	-0.0382128	0.682077
0.217969	0.261443	0.940286
0.216905	0.681261	0.699168
0.268803	0.452324	0.850381
0.540134	-0.376768	0.75253
0.928284	0.221097	0.299007
0.615058	0.470257	0.632899
0.287495	0.642532	-0.710282
-0.00508912	-0.0379789	0.999266
0.440481	0.375055	0.815665
0.851407	0.485905	-0.197489
-0.49182	-0.527963	-0.692364
0.741538	0.334822	-0.581391
0.0233097	-0.982025	0.187306
-0.641523	0.757033	-0.123893
0.520378	0.85009	0.0809552
-0.272895	-0.223531	-0.935715
0.203946	0.138773	0.969097
-0.333525	0.364585	-0.86939
0.752799	-0.0306147	-0.657538
0.0713159	-0.565642	-0.821561
-0.684246	0.393733	0.613825
0.698439	-0.566765	0.43699
-0.72226	0.213059	-0.657987
0.211979	0.220401	-0.952097
0.106191	0.986091	-0.12786
-0.245206	-0.0613942	0.967525
-0.605742	-0.0322472	0.795007
-0.742864	-0.665498	-0.0725622
0.287668	0.955925	0.0587761
-0.618632	-0.773345	-0.138676
-0.681879	0.696375	-0.223839
0.0244401	0.322712	0.946182
0.931512	0.188081	-0.311304
0.950919	0.0520827	0.305026
0.172485	-0.69647	-0.696548
0.0691002	0.508472	0.858301
-0.659369	-0.515874	-0.546906
-0.968584	-0.0509998	0.243402
-0.0965211	0.00102638	0.99533
-0.924659	-0.2049	-0.320971
0.94667	0.175928	0.269934
-0.219751	-0.974083	0.0535886
0.356203	-0.887005	0.293839
0.343198	0.939261	-0.00186791
0.971189	-0.139228	0.193408
-0.962448	-0.251963	-0.101032
0.517245	0.164193	0.83994
0.985279	-0.0190888	-0.169887
0.310644	0.0745412	0.947599
0.390096	0.714304	-0.581029
0.452034	-0.156367	-0.878188
0.747023	0.643527	-0.166823
0.515583	0.760628	0.394487
0.433533	-0.112936	0.894033
-0.136235	0.714526	0.686217
0.229982	-0.418735	-0.878504
-0.526716	0.652794	0.544453
-0.287781	0.793116	-0.536795
-0.11305	0.547366	-0.829223
0.0232062	-0.34776	0.937296
-0.387755	-0.921625	0.0159115
-0.094479	-0.778881	-0.620014
0.334578	0.50488	0.79571
0.515494	-0.297592	-0.803558
-0.548241	0.822913	0.149152
-0.476536	-0.691565	0.542817
-0.573517	-0.815133	0.0814615
-0.548265	0.749291	0.371441
-0.750696	0.464112	0.470166
0.11801	-0.213444	-0.969802
0.413999	-0.890196	-0.190148
-0.176955	-0.940799	0.28911
-0.903579	0.278155	0.325844
0.334137	-0.602571	0.724748
-0.869833	0.0384346	-0.491847
-0.401025	-0.651217	-0.644278
-0.665625	-0.724524	-0.178909
0.86357	0.466739	0.190793
-0.460429	0.659923	0.593724
0.805691	0.547858	0.225196
0.539665	-0.72179	0.433336
-0.341568	0.0430075	0.938873
0.530626	-0.404753	0.744722
0.781705	-0.405657	0.473688
-0.0197075	-0.992662	0.119303
0.642288	-0.359614	0.676863
0.736144	-0.0664627	-0.673554
0.162388	0.109573	-0.980624
0.051542	0.123754	-0.990973
-0.277317	0.254681	0.926408
0.887544	-0.453452	-0.0815336
0.673859	0.00403754	0.738849
-0.131183	0.438338	-0.889185
0.525998	0.216666	0.822424
0.639694	-0.0682486	-0.765594
-0.926185	-0.356092	-0.124016
0.595542	0.0220527	0.803021
-0.991501	0.129063	0.0163767
0.902385	0.087415	-0.421972
-0.880708	-0.145632	0.450716
0.759267	0.09147	-0.644318
-0.813938	-0.412799	0.408782
-0.995264	0.015288	-0.0960028
-0.0658364	0.416872	0.906578
-0.279452	0.723584	0.631136
-0.365443	-0.240088	0.899338
-0.127286	0.399458	0.907872
0.565474	-0.448001	0.692484
0.750576	-0.500586	0.431335
0.574865	0.744164	-0.340222
0.0973747	0.134151	-0.986165
-0.425545	-0.777528	0.462991
-0.0818406	-0.97485	-0.207291
0.978309	-0.0768827	-0.192353
-0.542048	0.109399	-0.833196
0.695914	0.0204638	-0.717834
0.52083	-0.308497	0.795968
0.429512	0.0193796	0.902853
0.999137	-0.0337302	-0.0242223
0.162058	-0.858169	0.487118
0.521007	-0.846998	-0.105574
-0.507804	0.526775	-0.681647
-0.224406	0.219878	-0.949366
-0.00985912	-0.602482	-0.798072
0.606318	0.568025	0.55653
-0.928295	-0.257143	0.268599
-0.722266	0.447514	-0.527317
0.11777	-0.962069	0.246078
-0.501918	0.718426	-0.481603
-0.953534	-0.139259	0.267169
-0.697601	0.544718	0.465442
0.0584169	-0.639235	-0.76679
0.312999	-0.0113336	-0.949686
0.791349	-0.512809	-0.332857
0.961133	-0.260333	-0.0919187
0.0243654	0.631661	0.774862
0.70185	-0.149893	-0.696375
-0.431946	0.689418	0.581485
-0.512808	-0.808708	-0.288131
-0.291239	0.936635	-0.194666
0.778561	0.328929	0.534461
0.812985	-0.417348	0.40605
0.287362	0.836257	0.467008
0.109153	0.0669362	-0.991769
-0.376552	-0.311611	0.872415
-0.307217	-0.495038	-0.812745
-0.651332	-0.318685	-0.688626
-0.841303	0.157887	-0.516992
-0.815666	-0.536123	-0.217398
0.953704	-0.0266356	0.299566
0.600173	-0.701375	0.384533
