864
-0.902323	0.171221	-0.395596
0.431207	-0.402707	-0.807395
0.0637439	0.320123	0.945229
0.432567	0.447078	-0.782948
-0.92496	0.300751	0.232376
0.630743	0.0491473	-0.774434
0.502884	-0.153708	0.850577
0.652376	-0.433224	-0.62187
-0.996663	0.0434857	-0.0690839
0.487076	0.142841	-0.861599
-0.0846083	-0.629072	0.772729
-0.879801	-0.451674	0.148126
-0.56916	0.207515	-0.79561
0.671498	-0.21022	-0.710562
-0.140606	0.0856791	0.986351
0.942418	0.0972058	0.32
-0.944272	-0.108716	-0.310696
0.640963	-0.4874	-0.592965
0.136367	-0.536825	0.8326
-0.398679	0.908621	-0.124353
-0.980811	0.146726	0.128378
0.670087	-0.146762	-0.72763
0.265522	-0.534583	0.802321
0.288344	0.944035	0.160175
-0.84084	0.110071	0.529974
0.593257	0.239141	-0.768673
0.355785	-0.867774	0.346966
0.148572	-0.0912059	0.984687
-0.72814	-0.561124	0.393638
0.612755	-0.158999	-0.774113
0.731543	-0.0595791	0.679188
-0.875754	0.248531	-0.413868
-0.930988	-0.313494	-0.187038
0.893829	0.125136	-0.430593
0.3353	-0.774656	0.536173
0.278752	-0.115925	-0.953341
-0.917978	0.228122	0.324463
0.626729	0.495746	-0.601204
0.774811	-0.235718	0.586605
-0.954571	-0.140703	0.262673
-0.934812	0.325585	-0.141852
0.597285	-0.491256	-0.63397
0.317103	-0.416616	0.851984
-0.204417	0.814288	0.543276
-0.978344	-0.0739457	0.193324
0.789345	0.086973	-0.607758
0.636813	0.563385	0.526371
-0.260131	-0.518695	0.814425
-0.87531	0.229971	0.425377
0.95303	-0.177247	-0.245595
0.375051	-0.606209	0.701319
-0.397786	0.90305	0.162072
-0.778388	0.61876	-0.106059
-0.40064	-0.505513	-0.764163
0.58309	-0.134511	0.801194
-0.271707	0.795111	0.542194
-0.484907	0.408761	-0.773162
0.854352	-0.0100112	-0.519599
-0.449339	0.0105463	0.893299
-0.644681	-0.619127	0.448406
-0.602589	0.766441	0.222385
0.244561	0.262996	-0.933286
0.558902	-0.162281	0.8132
0.892223	0.414793	-0.178565
-0.980236	0.132165	0.147208
0.157873	-0.694227	-0.702228
0.330668	0.483079	0.810736
-0.294705	0.932742	0.207705
-0.826789	-0.561929	0.0256239
-0.44907	-0.166667	-0.877814
0.147277	-0.154786	0.976909
0.344471	0.42267	0.838266
-0.967958	0.223503	-0.114472
0.399764	-0.732178	-0.551456
-0.194325	0.712477	0.674251
-0.0951936	-0.522645	-0.847219
-0.712946	0.686632	-0.142283
0.162798	-0.518671	-0.839331
0.259717	-0.147187	0.954402
-0.437697	0.892724	-0.107078
-0.670972	0.713467	-0.201897
0.400112	-0.482294	-0.779297
0.084215	-0.266184	0.960236
0.540546	0.0418937	-0.840271
-0.380209	0.882386	-0.277193
0.399123	-0.678675	-0.616524
-0.286915	-0.336451	0.896928
-0.934402	0.34	0.106273
-0.898782	0.166822	0.405415
0.67458	-0.686235	-0.272073
0.113197	-0.148997	0.982337
0.473852	0.86857	-0.14509
-0.997959	0.0345711	-0.0536828
0.693374	-0.602226	-0.395673
0.177446	-0.197848	0.964038
0.387487	-0.614861	0.686876
-0.980728	0.0118915	-0.195018
0.612693	0.30658	-0.728433
-0.0892803	-0.48183	0.871705
0.873829	-0.0979793	0.47626
-0.934125	0.0177228	0.356505
0.590946	-0.0682795	-0.803816
-0.529914	0.632391	0.565042
-0.777538	-0.530407	0.337791
-0.459914	0.586281	-0.666899
0.407301	-0.715446	-0.567664
0.36853	0.0354879	0.928938
0.56903	0.580626	-0.582304
-0.910023	0.359248	0.20688
0.427628	-0.746707	-0.509473
0.595032	-0.258028	0.761156
-0.138308	-0.955628	-0.260089
-0.970437	-0.207644	0.12303
0.257631	-0.467638	-0.845542
0.691527	-0.483287	0.536864
0.866019	0.212031	0.452828
-0.856476	0.282982	0.431705
0.318437	-0.562677	-0.762884
0.268724	0.758262	0.593992
-0.478212	-0.873285	0.0932002
-0.425411	0.328936	-0.843105
0.803847	-0.502868	-0.317731
0.148241	0.644787	0.74985
0.716791	-0.229148	0.65856
-0.621344	-0.114841	-0.775077
0.0248922	-0.622738	-0.782035
0.445862	-0.254566	0.858139
0.105406	0.541727	-0.83392
-0.818691	-0.148394	0.554729
0.877698	0.140497	-0.458156
-0.245244	0.28198	0.927547
-0.838404	0.435426	0.327845
-0.880812	-0.230545	0.413545
0.825311	0.439011	-0.35515
0.3419	0.583488	0.736645
-0.384844	-0.883439	0.267264
-0.874138	-0.303862	-0.378881
0.756049	-0.576962	-0.309039
-0.0480276	0.636918	0.769434
0.812192	-0.0482536	-0.581392
-0.382471	0.756559	-0.53041
0.994183	-0.10695	-0.0126968
0.539673	0.786524	0.300223
0.173441	-0.6429	-0.746055
-0.511471	0.733548	0.447554
0.199792	-0.179833	-0.963194
0.408191	0.624345	0.666013
-0.713229	-0.62358	0.320082
-0.790403	-0.612585	-0.00118907
0.775348	-0.489506	-0.399023
-0.138475	0.569979	0.809907
-0.937709	-0.249807	0.241452
-0.87967	-0.162004	-0.447141
0.673565	0.589658	-0.445661
0.0738311	0.40647	0.910676
-0.0483993	-0.37473	0.92587
-0.922203	0.169117	-0.347765
0.840641	-0.338103	-0.423094
0.00914912	-0.790269	0.612692
0.745173	0.551624	-0.374737
-0.977745	0.180536	0.106872
0.876732	-0.183566	-0.444573
0.210709	0.0235373	0.977265
-0.655354	0.0930694	0.749566
-0.882278	0.438855	-0.17027
0.541364	-0.641124	-0.543953
0.59633	0.388007	0.702739
0.542239	-0.636209	0.548831
-0.94122	0.331553	-0.0646343
0.505285	-0.46098	-0.72951
0.260028	0.612306	0.746637
-0.919138	0.109955	0.37828
-0.885685	-0.264708	-0.381433
0.717764	0.38358	-0.581103
-0.245558	0.684009	0.686901
-0.437258	-0.672038	0.597637
-0.464399	-0.546008	-0.697287
0.864402	0.456381	-0.211012
-0.311566	-0.37203	0.874369
0.465009	-0.837974	-0.285597
-0.682157	0.711174	-0.16998
0.820022	-0.390581	-0.418342
-0.00621872	-0.485565	0.874179
0.662176	0.713624	0.22861
-0.901894	0.365902	0.229572
0.91032	-0.219339	-0.351009
-0.526358	-0.0517019	0.84869
-0.90828	0.38907	-0.153795
-0.541212	0.773741	-0.329264
0.576772	0.201245	-0.791729
0.704575	0.627954	0.330526
0.774645	0.328611	0.540315
-0.773342	-0.0614031	-0.631008
0.605991	-0.436554	-0.664978
-0.0728622	0.619276	0.781785
-0.4394	0.778801	-0.447658
-0.793915	-0.10212	-0.599392
0.311011	-0.307707	-0.899216
0.227517	-0.07379	0.970974
0.116984	-0.821463	-0.558133
-0.445944	-0.200907	-0.872222
0.275654	-0.382488	-0.881883
0.218822	-0.429497	0.876156
0.187034	0.912949	0.362687
-0.727715	0.648115	0.224451
-0.283796	-0.393377	-0.874479
-0.448286	-0.630685	0.633464
-0.622475	0.125927	-0.772442
-0.797188	0.303373	-0.521973
0.648765	-0.634315	-0.420415
0.214458	0.0701749	0.974209
0.783442	0.294441	-0.547286
-0.910651	-0.238127	-0.337654
0.130159	-0.748607	-0.650112
0.865809	0.2306	0.44407
0.0207785	0.125813	-0.991836
-0.949213	0.129633	-0.286687
0.414726	-0.177382	-0.89249
0.0375585	-0.126028	0.991315
-0.807916	0.202829	-0.553292
-0.884746	0.299593	-0.357028
-0.0273291	0.274514	-0.961195
0.163153	0.197797	0.96657
0.67328	0.541226	0.503754
-0.979936	0.196654	-0.0324445
0.738671	-0.643107	-0.201936
-0.44363	0.0640668	0.893917
0.462554	-0.757879	0.460068
-0.988826	0.0230122	-0.147285
0.213297	-0.570517	-0.793104
-0.28511	0.162999	0.944534
0.772365	-0.162185	-0.614125
-0.944438	-0.328145	-0.0189228
0.0770412	-0.672621	-0.735966
-0.203675	0.0605031	0.977167
0.83598	0.0156923	-0.548536
-0.346055	0.584885	-0.733591
0.263905	-0.428945	-0.863921
0.329937	0.481237	0.812129
-0.89448	0.118982	-0.430986
-0.862736	0.417257	-0.285627
0.256927	-0.0726334	-0.963697
-0.153446	0.0348794	0.987541
-0.531519	0.424639	-0.732919
-0.637871	0.718738	-0.276651
0.785654	0.516961	-0.339851
-0.197374	-0.208249	0.957954
-0.715822	0.450587	-0.533451
-0.531169	-0.347526	-0.772713
0.749216	-0.444854	-0.490693
-0.244735	-0.444662	0.861615
-0.738053	-0.648388	-0.186736
-0.229493	0.898699	0.373728
0.908268	0.0178262	-0.41801
-0.348086	-0.918446	0.187861
0.974671	0.20326	-0.0932807
-0.812638	-0.277841	-0.512273
0.903184	-0.294725	-0.312082
0.195557	0.478526	0.85602
0.147924	-0.0234565	-0.98872
-0.426459	-0.0130799	-0.904412
0.946976	-0.207638	-0.245198
0.907284	0.177912	0.38103
0.937527	0.22599	-0.264522
-0.902758	0.41854	0.0992597
0.528159	-0.564422	-0.63441
0.846878	-0.227317	0.480753
0.228434	-0.400289	-0.887461
-0.882374	0.298554	0.363705
0.228063	-0.96565	0.124524
0.436189	-0.729083	0.527426
0.675588	-0.735927	0.044636
-0.561385	0.167858	-0.810352
0.596459	-0.694383	-0.402578
-0.330603	0.224685	0.916634
-0.946807	0.13865	-0.290402
-0.817825	0.575362	0.0109722
0.757179	-0.439751	-0.483011
0.0783496	-0.0600582	0.995115
-0.0019304	0.512125	-0.858909
-0.945625	0.111757	-0.305458
0.683051	-0.256413	-0.683881
0.338972	-0.37169	0.864259
-0.536827	0.352507	0.766522
-0.576219	-0.296548	-0.761597
0.981654	-0.0851493	-0.1706
-0.123073	0.0349813	0.991781
0.769747	-0.622871	-0.139716
-0.848982	-0.0432398	-0.526649
0.709198	0.640271	-0.295111
-0.00511491	-0.703773	0.710406
0.596401	-0.0552029	-0.800786
-0.996922	-0.0369647	0.0691365
0.555023	-0.700264	-0.448976
0.387437	-0.443	0.808482
0.0612045	-0.951083	-0.302812
-0.952299	0.276201	0.129766
0.870542	-0.0869178	-0.484356
0.51274	0.344752	0.786285
0.507487	0.0932362	0.8566
-0.996353	-0.0838706	-0.0156883
0.141001	-0.919371	-0.367255
0.47912	0.513108	0.712155
-0.119783	0.990648	-0.0653271
-0.329675	-0.0160561	-0.943958
0.248383	-0.697056	-0.672621
0.521118	-0.303539	0.797684
0.512257	0.844653	0.155413
-0.794853	-0.0301188	-0.606054
0.161156	-0.250656	-0.954568
0.0765425	0.478113	0.874957
-0.157644	0.0532744	-0.986058
0.835754	0.316489	0.448721
0.775685	0.0872017	-0.625067
0.0703518	-0.129068	0.989137
-0.0556256	-0.865373	-0.498031
-0.843357	0.334767	0.420332
0.907402	-0.419469	0.0258134
-0.0604779	-0.893439	0.445095
0.674892	0.248826	0.694699
-0.778872	-0.044994	-0.625567
0.797962	-0.480904	-0.363301
0.0989487	-0.415208	0.904329
-0.871086	-0.366008	0.327486
-0.86326	0.132358	-0.487098
0.977265	-0.207108	0.0453808
-0.0994758	0.319791	0.942252
-0.275371	0.407788	0.870563
-0.98954	-0.0429592	-0.137712
0.760231	-0.0288496	-0.649012
0.586598	-0.128141	0.799677
-0.0250841	0.910499	-0.41275
-0.633457	0.300299	-0.713129
0.583196	-0.311657	-0.750168
0.748142	0.226388	0.623725
0.479924	0.863595	-0.15452
-0.928003	-0.286574	0.238087
0.881537	-0.386296	-0.271418
0.174176	0.437216	0.882329
0.623287	0.357083	0.695705
-0.828391	0.495334	-0.261558
0.672667	-0.733631	0.0964671
0.235112	0.344192	0.908985
-0.0779575	0.554477	-0.82854
-0.909623	0.387471	0.149841
0.907446	0.133623	-0.398355
0.0753964	-0.115248	0.990471
-0.316556	0.918294	0.237758
-0.775632	0.113179	-0.620956
0.793775	0.0185199	-0.60793
0.0470435	0.32799	0.943509
0.106944	0.700331	-0.705762
-0.773391	0.621959	-0.122608
0.100158	-0.450131	-0.887328
-0.182055	0.170195	0.968447
0.893119	-0.195729	0.405006
-0.99377	-0.0790992	-0.07851
0.283092	0.129318	-0.950335
0.94721	0.169615	0.272073
-0.262166	-0.146516	0.953835
-0.686245	0.395616	-0.610374
0.882556	0.199667	-0.425709
0.136788	-0.101628	0.985373
-0.0494265	0.400962	0.914761
-0.884587	-0.460976	0.070758
-0.135374	-0.235533	-0.962392
-0.139736	-0.288773	0.947145
-0.280192	0.881622	-0.379783
-0.860478	-0.239253	0.449817
-0.231029	0.00396257	-0.972939
-0.13861	-0.367302	0.919716
0.547511	-0.0332699	0.836137
-0.48828	0.405068	0.772983
0.87034	-0.0232728	-0.491901
0.1658	-0.180724	0.969458
0.27182	-0.895976	-0.3512
-0.814306	0.390573	0.429369
0.376577	-0.246864	-0.892887
-0.388862	0.511223	0.766445
0.928949	-0.313259	-0.197286
-0.251399	0.441297	-0.861426
0.682642	-0.713509	-0.157815
-0.220661	0.40714	0.88631
-0.117058	0.028534	0.992715
-0.828176	0.175875	-0.532158
0.401701	-0.694945	-0.596396
0.660121	0.00438136	0.751147
0.543453	-0.386782	0.745023
-0.979859	0.146974	-0.135189
0.720602	-0.662686	-0.203913
-0.220225	0.550948	0.804958
-0.0550466	-0.940134	0.33633
-0.635083	0.55596	-0.536263
0.926107	0.0589579	-0.372626
0.147249	0.344354	0.927221
-0.997357	0.0391089	0.0612365
-0.670699	0.0648767	-0.738887
0.790148	0.16082	-0.591441
-0.298893	-0.331638	0.894807
-0.30883	-0.568645	0.762409
-0.90112	-0.335109	-0.275107
0.785218	-0.274203	-0.555198
-0.132032	0.348222	0.928067
0.274538	0.929969	-0.244514
-0.979653	0.176756	-0.0950625
0.90087	0.431607	0.0463518
-0.287134	0.763994	0.577812
0.258206	-0.845635	0.467152
-0.772286	0.312084	-0.553333
0.908991	-0.153101	-0.38768
0.325382	0.0171104	0.945428
0.578659	-0.635055	-0.511721
-0.4952	0.0642581	-0.8664
0.79565	-0.382575	-0.469656
-0.0734175	0.73527	0.673786
-0.918352	0.205306	0.338349
-0.800857	0.238858	-0.549159
0.816094	0.208747	-0.538901
0.940374	-0.0379141	0.338021
-0.880058	0.455889	-0.132904
-0.734795	0.470729	-0.488354
0.954096	-0.121769	-0.273631
0.0115281	-0.453233	0.891317
-0.726751	0.639222	-0.25145
-0.914451	-0.242606	-0.323915
0.225659	-0.716453	-0.660131
0.409819	-0.517733	0.751
-0.0125989	-0.665769	-0.746051
-0.835476	0.141336	-0.53104
0.271024	0.268137	-0.924472
0.460055	-0.596435	0.657734
-0.812784	0.495202	-0.30685
-0.730831	0.111194	-0.673441
0.811248	-0.177067	-0.557247
-0.131084	-0.365446	0.921556
-0.515447	0.600799	-0.611028
-0.979151	-0.193164	-0.062855
0.434307	-0.0483952	-0.899464
0.407529	0.348027	0.844273
-0.0573088	0.722261	0.689242
-0.893513	-0.187294	0.408113
0.186046	0.344247	-0.920261
0.497177	0.168808	0.851069
-0.975101	0.106543	0.19449
-0.985998	0.162879	0.0357617
0.722662	0.271447	-0.63567
-0.348357	-0.18003	0.919911
-0.578516	-0.812707	-0.0694753
-0.737207	0.627662	-0.250131
0.0363377	-0.96827	-0.247249
0.312213	0.461765	0.830238
0.156337	0.52154	0.838782
-0.445948	0.085591	-0.890957
0.428444	-0.0265156	-0.903179
0.289249	0.595321	0.749619
-0.253076	0.871381	-0.420294
0.00124347	-0.673648	-0.739051
0.162206	0.0947305	-0.982199
0.526558	0.130561	0.840054
0.0995195	0.954222	-0.282058
-0.917506	-0.39482	0.047948
0.584555	0.0752738	-0.807855
-0.06282	0.0701418	0.995557
-0.205812	-0.461873	-0.862737
-0.973084	-0.221108	-0.0649503
0.60332	0.0751862	-0.793947
-0.02322	0.491969	0.870303
-0.389462	-0.240183	-0.889175
-0.884194	0.371629	-0.283007
0.342886	-0.736462	-0.58314
0.130953	-0.103261	0.985996
-0.671315	0.721616	0.169133
-0.917109	0.372801	0.141177
0.464198	-0.769551	-0.438533
0.474066	0.0233665	0.880179
-0.902691	0.425862	-0.0615716
-0.749935	-0.00487186	-0.661494
0.806877	0.226405	-0.54561
-0.514586	0.182861	0.837713
-0.752166	-0.0853303	-0.653426
-0.985144	-0.158286	0.0666083
0.734073	0.287627	-0.615148
-0.12772	0.521349	0.843731
-0.6356	0.755937	-0.156752
-0.85807	0.489594	-0.154967
0.646813	-0.0271682	-0.762165
0.406138	-0.0021435	0.913809
0.769705	-0.188667	-0.609884
-0.820571	0.217994	-0.528339
0.900711	0.405332	0.156289
-0.17736	-0.535746	0.825542
-0.36675	-0.451801	-0.813247
-0.984218	-0.173688	0.0338692
0.0143272	0.311725	-0.950064
0.947796	-0.2389	0.211207
-0.650126	0.36771	-0.664926
-0.870646	-0.451364	-0.195565
0.325018	-0.365989	-0.872018
-0.0489767	0.614952	0.787042
0.401115	-0.797052	-0.451459
-0.553406	-0.0162296	-0.832753
0.652099	0.00881938	-0.758083
0.057361	-0.575795	0.815579
0.811394	0.157476	-0.562887
-0.774823	0.631001	-0.0385547
0.859669	-0.261641	-0.438764
0.446372	0.50051	0.741783
0.581348	0.198017	-0.789192
-0.482339	0.751525	-0.450067
0.0827692	-0.340307	-0.936665
0.400949	-0.119277	0.908302
-0.757203	-0.653024	-0.0142637
-0.885538	0.342821	-0.313521
0.634537	0.254985	-0.72962
0.569096	-0.331006	0.752705
0.811037	-0.581107	0.0673383
-0.996909	-0.0378175	0.0688679
-0.0613134	0.0576137	-0.996454
0.185451	-0.825969	0.532338
-0.0873299	0.357446	-0.929842
-0.626756	-0.508776	-0.59019
0.383503	0.185915	-0.904633
0.209151	-0.663604	0.718252
0.165033	-0.966924	-0.194479
-0.993788	-0.0925185	0.0618494
0.483851	0.190019	-0.854272
0.275808	0.280085	0.919501
-0.686218	-0.723947	0.070746
-0.739539	-0.560944	-0.372054
0.924362	0.0822609	-0.372543
0.250317	0.0236094	0.967876
0.222914	-0.358719	-0.906438
-0.80649	-0.216321	-0.550254
0.609242	-0.0661155	-0.790224
0.327249	-0.0793127	0.941604
0.977286	-0.118563	-0.175658
-0.982448	-0.158434	0.098461
0.417513	-0.222537	-0.881
0.068206	0.356424	0.931831
0.655562	-0.604906	0.452025
-0.944458	-0.295418	-0.143973
0.60041	-0.549354	-0.581136
0.0656472	0.323561	0.943927
-0.0178981	0.709969	0.704005
-0.899553	0.415302	-0.135387
0.598349	-0.378822	-0.706026
0.477006	0.168175	0.86266
-0.602737	-0.499906	0.621935
-0.984507	0.148125	0.0938304
0.372628	-0.375612	-0.848566
0.621181	-0.732137	0.279481
0.0866404	0.536784	-0.839259
-0.982223	0.0269354	-0.185776
0.580369	0.662581	-0.473454
0.0300514	0.686636	0.72638
-0.239513	0.92499	-0.295003
-0.65935	0.70548	-0.259914
0.760282	-0.254097	-0.597835
-0.681344	-0.341999	0.647153
-0.493218	0.853888	0.166167
-0.843944	0.534123	0.0497094
-0.272215	-0.324908	-0.905723
0.574548	0.0388848	0.817547
0.430788	-0.838386	0.333963
-0.882003	0.287702	0.373228
0.0786034	0.302617	-0.949865
0.345073	0.111467	0.931933
0.544924	-0.838054	-0.026873
-0.933756	0.145085	-0.327184
0.845114	0.0820661	-0.52825
0.395494	0.194235	0.897695
0.256641	0.161319	-0.952949
-0.893834	0.42806	-0.133509
-0.0593464	-0.399972	-0.914604
0.419843	0.281429	0.862861
0.195303	-0.944167	-0.265339
-0.838534	-0.522302	0.155117
0.547984	-0.309036	-0.777309
0.352123	0.109936	0.929475
0.607935	0.248237	0.754184
-0.993353	-0.101281	0.0547064
0.429788	0.707841	-0.560575
0.111802	0.250489	0.961642
-0.544666	-0.0966157	-0.833069
-0.576129	-0.482071	-0.660063
0.715146	0.195203	-0.671165
0.297297	-0.774504	0.558353
-0.52562	0.161274	-0.835293
-0.955337	-0.294859	-0.01974
0.313377	-0.138287	-0.939506
-0.522956	0.0738091	0.849158
-0.636359	0.769286	0.0569795
-0.95214	-0.300044	0.0583292
0.508746	-0.473854	-0.718777
0.126756	0.889947	0.438095
0.239342	0.899639	-0.365192
-0.943656	-0.230129	-0.237812
0.526879	-0.507151	-0.682053
0.491651	-0.00644491	0.870769
-0.83253	-0.0576197	0.550976
-0.75003	0.413772	-0.515992
0.87372	0.131387	-0.468348
0.253506	0.340246	0.90552
0.210473	-0.922561	-0.32339
-0.901723	-0.0515284	-0.429233
0.809512	-0.00760469	-0.587054
-0.430793	-0.264554	0.862803
0.100441	-0.0522053	-0.993572
-0.885849	0.30208	0.352164
0.37175	0.488937	-0.789141
0.983623	0.000129177	0.180238
-0.682791	-0.366303	-0.632154
-0.993512	-0.0735153	-0.0867726
0.559746	-0.385717	-0.733421
0.62392	0.435229	0.649076
-0.555603	0.802608	0.217083
-0.990669	0.0615708	-0.121593
0.371168	-0.722924	-0.582765
0.244008	-0.527887	0.813508
-0.353288	-0.543264	0.761611
-0.919427	0.312249	-0.239071
0.437906	-0.625739	-0.645514
-0.235165	0.296027	0.925778
-0.508833	0.851731	-0.125075
-0.977874	-0.0843662	-0.191429
0.798635	-0.572236	-0.186355
0.0530416	0.52645	0.84855
0.752852	0.520752	0.402531
-0.652046	0.243024	-0.718175
0.550224	0.181679	-0.815013
0.156372	-0.242139	0.957558
-0.546248	0.451138	-0.705753
-0.61244	0.790382	0.0146121
-0.236091	0.341744	-0.909655
0.547849	-0.160526	0.821032
-0.998702	0.0504542	-0.00695844
-0.981116	-0.161281	-0.106769
0.368663	-0.304665	-0.878218
0.396724	-0.478041	0.783637
0.884067	-0.349791	-0.309954
-0.993873	0.0672723	0.0877003
0.85075	-0.198472	-0.486655
0.0295317	0.0322407	0.999044
-0.59554	-0.425069	-0.681651
-0.994609	0.0814548	-0.0641759
0.333281	-0.313053	-0.889338
0.263392	-0.456211	0.849998
-0.935084	0.349316	0.0599704
-0.741312	-0.0312872	-0.670431
0.985398	-0.161002	-0.0554064
0.101612	0.564714	0.819007
-0.509883	0.269004	-0.817102
-0.791778	-0.28183	-0.541903
-0.164018	-0.460248	-0.872508
0.668003	0.123169	0.733894
0.771538	0.0838492	-0.630634
-0.999755	0.0212822	0.0060129
0.98484	0.125875	-0.119359
0.191401	-0.091477	0.97724
0.0960314	0.733291	0.673099
-0.638303	-0.582449	-0.503311
-0.260676	-0.597956	-0.757956
0.533573	0.0139427	0.845639
0.71073	0.683252	-0.167423
-0.965089	-0.136568	-0.223498
0.469442	-0.255855	-0.845081
0.15456	-0.0540176	0.986506
-0.591221	-0.556954	0.583318
-0.675078	-0.721618	0.153419
0.63681	-0.296374	-0.711783
0.0258941	0.244384	0.969333
0.551769	0.47975	0.682196
-0.876901	-0.0190155	-0.480295
0.240038	-0.286123	-0.92764
0.160441	-0.115319	0.980286
-0.132117	-0.898276	-0.4191
-0.818487	-0.299411	0.49034
0.418286	-0.726789	-0.544806
0.897804	0.073408	0.434234
0.560793	-0.690492	-0.456872
-0.874748	-0.382929	0.296952
0.339461	0.892685	-0.296446
0.53294	-0.195159	0.823339
-0.185822	0.742676	-0.643352
-0.30045	0.646411	-0.701344
0.851579	0.248023	-0.461842
-0.0616912	0.384093	0.921231
0.351531	0.880098	-0.319146
-0.640262	0.455612	-0.618452
0.215685	-0.0420801	-0.975556
0.0948594	-0.236243	0.967053
0.824486	0.4172	0.382318
-0.687046	0.694616	-0.213253
0.636479	-0.445263	-0.629789
-0.211561	0.790337	0.574987
0.0732033	-0.604497	0.793237
-0.70147	0.389702	-0.596718
0.348843	-0.0445234	-0.936123
-0.740952	-0.147985	0.65505
0.448702	0.858435	-0.248507
-0.834892	0.550388	-0.00529204
0.700373	-0.00896188	-0.713721
0.171069	0.0677672	0.982926
-0.930149	-0.0754804	0.35934
-0.596117	0.37361	-0.710676
0.70501	0.041471	-0.707983
0.585293	0.0769119	0.807166
0.142019	-0.751154	0.644669
-0.748055	-0.335008	-0.572872
0.702265	-0.528261	-0.477247
0.220814	-0.460415	0.859802
0.632687	0.25616	0.730814
-0.928372	0.0524464	-0.367934
-0.178303	-0.808293	-0.561132
0.731703	0.272231	0.624901
0.209515	0.427368	-0.879466
-0.86902	0.299675	-0.393699
0.354245	-0.527379	-0.772257
0.164256	0.698984	0.696018
0.636229	-0.3528	0.686108
-0.472315	-0.546661	-0.691433
0.0973112	0.860447	-0.500161
0.626824	0.0570783	0.777067
0.118338	-0.663669	0.738606
-0.961441	0.253459	0.106723
0.745909	0.201038	-0.634984
0.0963729	0.292411	0.951424
-0.256922	-0.502143	0.825738
-0.906444	-0.122299	-0.404231
0.173238	0.118184	-0.977763
0.39025	0.319765	0.863398
0.210332	-0.912147	0.351778
-0.994635	-0.0920356	-0.0472365
0.613534	-0.399169	-0.681352
0.0625539	-0.258337	0.964027
-0.631203	0.215157	0.745178
-0.732497	-0.511014	0.449792
0.19036	0.734084	-0.651831
0.2742	0.819633	0.503007
-0.0802171	-0.33422	0.939075
-0.587797	0.17678	-0.789458
0.0753589	-0.506454	-0.858968
-0.343019	0.362734	0.866465
-0.869666	0.224332	0.439722
-0.972954	0.183316	0.140557
-0.145827	-0.807406	-0.571691
0.0088639	0.793634	0.608331
0.901104	0.407695	-0.147637
-0.919559	0.270641	0.284894
-0.551841	0.815291	-0.175419
0.335115	-0.380628	0.86187
-0.284574	-0.494717	0.821141
-0.899884	0.183338	-0.395722
0.55695	0.615443	-0.557706
0.287803	0.750864	0.594452
0.467701	-0.883754	-0.0152935
-0.883024	-0.38019	0.275179
0.590124	0.446426	-0.67265
0.513456	-0.261612	0.817265
-0.962588	0.0610338	0.264005
-0.872441	-0.163014	-0.460732
0.872677	0.296156	-0.388236
0.850621	0.167379	0.498426
-0.130467	0.98591	0.104687
-0.724191	0.397009	-0.563854
0.597975	-0.351856	-0.720155
0.349748	-0.778675	0.520905
-0.241409	0.966451	-0.0877177
-0.992641	-0.107045	0.0566084
0.391339	-0.352502	-0.850056
0.170474	-0.371851	0.912505
0.297149	0.294777	-0.90819
-0.620382	-0.649762	-0.439244
0.674772	0.370509	-0.638284
0.574882	0.140774	0.806035
0.220609	-0.782947	-0.581657
-0.86795	-0.204928	-0.452402
-0.0375949	0.902422	-0.429209
0.314022	-0.214667	0.924829
-0.229764	0.199616	-0.952556
-0.595326	-0.113347	-0.795449
0.0192541	0.400002	-0.916312
-0.150627	-0.493058	0.856858
-0.965029	-0.245414	-0.0921422
-0.691274	-0.471356	-0.54769
0.475409	0.185767	-0.859929
0.462915	-0.092232	0.881591
0.91279	-0.305963	-0.270557
-0.874875	0.15807	-0.457828
0.822385	-0.487972	-0.292516
0.136347	0.131636	0.981877
0.0558334	-0.965407	0.254701
-0.873659	0.221051	0.433425
0.85505	-0.0343584	-0.517405
0.404855	0.677586	0.613978
0.24153	0.284019	0.927899
-0.825122	0.349001	-0.444265
0.711461	0.0271776	-0.702199
-0.532858	0.5403	0.651259
-0.171937	0.968202	0.181721
-0.858748	0.0980796	-0.502924
0.0382845	-0.73342	-0.678696
0.249237	0.327086	0.911535
0.53115	-0.683199	0.501117
-0.945389	-0.0383744	-0.323678
0.701522	0.442903	-0.558305
0.16595	0.0782992	0.983021
0.138739	-0.221613	0.965215
-0.369883	-0.58669	-0.720404
0.788365	0.257313	-0.558812
-0.143139	0.295007	0.944713
0.139442	-0.43763	0.888277
-0.809601	0.142937	-0.569311
0.308469	-0.0287254	-0.9508
0.31796	-0.420114	0.849945
-0.73821	0.522387	0.4268
-0.746688	-0.592337	-0.302644
0.408245	-0.545417	-0.732022
-0.482066	0.361522	0.798069
-0.216265	0.951406	0.219217
-0.879431	-0.175707	-0.442411
0.174805	0.74021	-0.649255
-0.266772	0.167124	0.949159
0.570094	-0.820399	-0.0440375
-0.856795	0.208563	-0.471598
0.45409	0.485572	-0.747008
0.293179	0.413356	0.862081
-0.141209	-0.971767	0.18902
-0.718564	-0.471692	-0.511051
0.884322	0.43964	0.157134
0.162709	0.466572	0.869389
0.995791	0.0915965	-0.00334321
-0.00877208	-0.304785	-0.952381
0.210681	0.427978	-0.878891
-0.0587367	0.104996	0.992737
-0.264871	-0.858374	0.43936
-0.951181	-0.268748	0.151758
0.0993868	0.378878	-0.920094
0.0577398	-0.170409	0.98368
-0.548049	0.835779	0.0334129
0.0200772	-0.188737	-0.981822
0.748244	0.127167	-0.651122
-0.0541307	0.226981	0.972394
0.890547	0.424412	-0.163709
-0.794804	-0.426432	-0.43179
0.736191	0.607838	-0.297584
0.447295	0.682398	0.578153
-0.0906286	0.177621	0.979917
-0.778173	-0.627722	0.0203042
0.645614	0.522652	-0.556792
0.598439	-0.348989	0.721164
0.320566	-0.947035	-0.0190451
-0.704085	-0.673984	-0.22363
0.217817	0.661308	-0.717793
-0.276125	0.435667	0.856708
-0.711531	-0.582728	-0.392621
-0.777773	-0.586485	-0.226063
0.953896	-0.0124027	-0.299881
0.958611	-0.0924793	0.269282
-0.810478	-0.393808	0.433637
-0.833439	-0.518854	0.190185
0.792114	0.0896376	-0.603756
0.695929	-0.195378	0.691021
-0.65359	-0.750129	-0.100632
