1000
0.404988	0.91093	0.0786857
0.467926	-0.75616	0.457457
0.895768	0.11764	0.428673
-0.332339	0.901583	0.276945
0.926106	0.368772	0.0795951
-0.602317	0.185802	0.776332
0.960446	0.120811	-0.250894
-0.701437	-0.647121	0.298699
-0.833611	-0.0151925	-0.552144
-0.93754	0.014093	0.347593
0.404605	0.186656	0.89524
0.360099	0.845006	0.39534
0.419148	-0.262965	0.869002
0.207229	0.284408	0.936039
-0.610259	-0.760898	-0.220497
-0.569874	-0.800826	-0.184175
0.618291	0.0707238	-0.782761
-0.404838	0.633968	-0.658932
0.107219	-0.546253	0.83073
-0.648782	0.379288	-0.659714
0.520178	-0.406163	0.751296
-0.119628	-0.980857	0.153649
0.902234	0.407531	0.14104
-0.0771824	-0.785229	-0.614376
-0.434442	-0.562633	-0.703352
0.290541	-0.398201	0.87007
0.469318	-0.540831	-0.698027
0.405453	0.119933	0.906214
-0.331661	0.941397	-0.0614223
0.0432648	-0.788008	-0.614143
-0.87728	0.0235917	-0.479398
0.256518	0.793358	-0.55207
-0.639621	-0.587835	0.495314
0.361442	0.867929	-0.340675
-0.995987	0.0340808	-0.0827566
0.131714	0.217355	0.967165
0.503537	-0.844899	-0.180546
-0.677548	0.0839155	-0.730675
-0.0372891	0.699069	-0.714081
-0.850543	-0.378449	0.365174
-0.64272	0.283697	0.711636
0.965475	-0.0899854	0.244459
-0.467959	-0.882966	0.0372222
-0.8063	-0.586475	-0.0769904
0.957823	-0.284578	-0.0398732
-0.7591	-0.330257	-0.560979
-0.359157	0.652021	-0.667739
0.0229606	0.70793	0.705909
0.236146	0.559403	-0.794546
0.230745	-0.466748	-0.853758
-0.720502	0.488976	0.491711
-0.434738	0.31224	-0.844695
-0.272346	-0.872722	-0.405196
0.980679	0.193695	0.0274032
0.994075	0.00768833	0.10842
-0.129485	-0.820636	0.556588
0.834357	0.386783	-0.392742
-0.118897	-0.120014	0.985627
0.334406	0.923448	-0.188195
0.870238	0.382611	-0.310313
0.0041116	-0.840037	-0.542514
0.00127869	0.996149	-0.0876633
-0.39554	0.564177	0.724743
0.224718	-0.423998	-0.877341
0.704765	-0.100832	0.702239
-0.887096	0.188065	0.421535
0.790532	-0.600007	0.12268
-0.934769	0.256108	0.246204
0.488574	-0.283067	-0.82533
0.226806	0.965353	0.129043
-0.170509	0.889532	0.423862
0.205027	-0.447994	-0.87021
-0.889009	0.126941	-0.439942
0.976184	0.201627	0.0800722
-0.266334	-0.917785	-0.294511
0.141381	-0.224951	0.964058
0.855748	-0.506588	0.105188
0.760973	-0.604629	-0.235253
-0.723298	0.687182	-0.0679826
-0.863072	-0.202772	0.46259
0.953937	-0.0993226	-0.28309
-0.573866	0.477966	-0.665001
-0.562233	0.811091	-0.161325
0.218449	0.914327	-0.341008
-0.716545	-0.482327	-0.503909
0.958588	0.281133	0.0455318
-0.585884	0.719735	-0.372454
0.566107	0.0268877	-0.823893
0.0149134	-0.0675036	0.997608
0.218362	-0.343619	-0.91337
-0.828671	-0.555861	0.0657526
0.748383	0.470553	0.467443
-0.748209	0.0889497	-0.657474
0.556911	0.0870567	-0.825997
0.0708693	-0.356718	0.93152
0.972384	0.161246	-0.168729
-0.655424	0.611098	0.443822
-0.40567	0.209108	0.889778
-0.794931	0.6035	0.0622307
-0.151598	0.0798359	-0.985213
0.216321	-0.962176	0.165597
0.143913	-0.974256	0.173537
-0.380076	0.903532	0.197921
0.931099	-0.297523	-0.211031
-0.827206	0.475824	0.298867
0.915065	-0.389672	0.103978
-0.822933	0.28988	-0.488621
-0.749755	0.42572	0.506587
-0.531505	-0.492186	0.689388
0.991725	0.114424	-0.0582135
0.123247	0.337024	-0.933394
0.743599	-0.188067	-0.641631
-0.193245	-0.345351	0.918362
-0.926277	0.253653	-0.278693
0.355653	-0.524174	0.773791
0.873357	0.100095	0.476685
-0.543018	-0.830583	0.123542
-0.522137	0.702183	-0.484058
-0.69482	-0.707969	0.126515
0.239052	0.386371	0.890826
0.730068	0.652319	-0.203668
0.0157885	-0.260408	-0.96537
0.639012	0.728907	0.24568
-0.833265	0.514736	-0.201782
0.81162	-0.278908	-0.513306
-0.201809	-0.750747	0.629008
-0.167207	-0.81311	0.557578
-0.00848423	0.581223	-0.8137
0.552894	0.515395	0.654733
-0.207097	0.0521394	-0.97693
-0.923474	-0.0325821	0.382275
-0.0358495	0.210444	-0.976948
-0.547832	0.285794	0.786259
-0.431346	0.902124	0.0106761
0.00734789	-0.654937	0.755648
-0.218184	-0.893665	-0.392122
0.622977	-0.655821	0.426378
0.0408157	-0.8735	0.485109
-0.746179	-0.297458	0.595597
-0.708106	0.437855	-0.553958
0.136974	0.987339	0.0800047
0.509135	-0.0542438	-0.858975
0.340514	-0.86273	-0.373827
-0.313251	0.937777	0.149825
0.582998	-0.705359	-0.403215
0.674196	0.497928	-0.54546
-0.274028	0.606076	-0.746713
0.108146	-0.92997	0.351368
-0.545618	0.00833173	0.837993
-0.267662	-0.363929	-0.89214
0.600945	0.2556	-0.75732
-0.546604	-0.121204	-0.828573
-0.191236	-0.98006	0.0539513
0.0478596	0.982888	0.177877
-0.0675711	-0.743918	0.664846
-0.0270069	0.999031	0.0347566
0.731004	-0.344698	0.588911
-0.257201	-0.618195	-0.742753
0.707817	-0.467646	-0.529436
-0.363872	0.712387	-0.600085
-0.490233	0.542201	-0.682415
0.705977	-0.624793	-0.333512
-0.520947	0.668057	0.531332
-0.195879	-0.669321	0.716687
0.528694	0.84255	-0.102923
0.166265	0.774662	0.610127
0.491856	0.207724	-0.845534
0.208619	0.906182	0.367849
-0.468581	0.191963	0.862312
-0.173234	-0.280938	0.943962
0.909344	0.413218	-0.0484121
-0.82332	-0.069342	0.563326
-0.683221	0.685334	-0.252043
-0.755501	0.613461	-0.229965
0.432847	0.225752	0.872743
0.298671	-0.378451	0.876111
-0.241682	-0.743463	-0.62358
0.697562	-0.512676	0.500569
0.151354	-0.338033	0.928884
-0.290924	0.846352	0.446152
0.706286	-0.369271	-0.603987
-0.854982	0.126336	-0.503035
-0.707625	-0.701916	-0.0811275
0.427229	-0.191168	0.883703
0.051756	-0.0573979	0.997009
0.0737051	-0.560964	0.824553
0.543407	0.440929	-0.714346
0.348116	-0.695126	-0.62898
-0.245907	0.964113	-0.100079
0.571747	-0.280159	-0.771114
-0.986368	-0.164133	-0.0117446
0.454272	0.880638	-0.134584
-0.705686	0.0021984	0.708522
0.653404	0.516448	0.553484
-0.871877	-0.291894	-0.393228
-0.0917009	-0.785258	-0.612341
0.86622	-0.219928	-0.448659
-0.542252	-0.318502	0.777508
0.411329	0.879665	-0.238741
0.863339	-0.115775	0.491164
0.915071	-0.379176	-0.137372
0.912416	-0.40092	-0.0822204
0.297551	-0.000310322	0.954706
-0.963006	0.163542	-0.214182
-0.870175	0.172069	-0.461723
0.891135	-0.450012	-0.0580258
-0.0780351	-0.989541	-0.121319
0.946904	0.102354	0.30479
0.327517	-0.924673	-0.194196
-0.690946	-0.169708	0.702704
0.735216	0.562105	-0.378808
0.982899	-0.00244886	0.184132
-0.391259	-0.748411	0.535535
-0.622598	-0.305863	0.720291
0.446473	-0.762783	-0.467786
-0.639078	0.0212795	-0.768848
-0.469952	0.620585	0.62771
-0.926046	0.360083	-0.113045
0.638954	-0.736128	0.223278
-0.598223	-0.799948	-0.0470453
0.000501664	0.969688	-0.244345
0.859035	-0.434819	-0.270168
0.169604	0.565136	0.807376
-0.599654	0.470993	-0.646978
-0.939908	0.119593	0.319797
-0.150966	0.657886	0.737832
0.3779	-0.720615	0.581296
-0.862806	0.0525337	-0.502798
0.37129	0.52496	0.765873
-0.533704	0.494722	0.685864
0.242196	0.353131	-0.903681
0.391009	-0.577465	0.716691
0.397183	0.335962	-0.854034
0.134089	-0.954043	0.267995
-0.61973	-0.625625	-0.473844
-0.247523	0.661088	0.708304
-0.145326	-0.441835	0.885247
0.515489	0.639688	0.570149
-0.600102	0.763175	0.23967
0.50158	0.767405	0.399384
0.504299	-0.530148	-0.681634
-0.391041	0.841562	0.37264
0.584405	-0.315296	-0.747702
-0.575391	-0.0603988	0.815645
0.14876	0.951254	-0.270158
0.138839	0.0445104	-0.989314
0.578028	0.644478	0.500531
0.25241	0.802769	0.540232
0.105744	-0.546324	-0.830872
0.236855	-0.0987586	0.966513
-0.0491531	-0.0909892	0.994638
-0.897441	0.373188	0.235223
-0.554698	-0.1712	0.814249
-0.238512	-0.00554197	-0.971124
-0.923977	-0.232231	0.303868
-0.57666	-0.816779	-0.0183028
0.755248	-0.264804	-0.599566
-0.268959	0.208653	-0.940279
0.713109	0.414461	-0.565417
0.518296	-0.306342	0.798451
0.673777	-0.720987	0.161869
0.0503291	-0.0109346	-0.998673
0.652657	0.740786	0.158979
0.348388	-0.936475	0.0405087
-0.728583	0.323429	0.603789
0.845132	0.0276384	0.533843
-0.786184	-0.448686	0.424965
-0.28973	-0.935318	0.203066
0.104474	-0.781474	-0.61513
0.0941793	-0.875926	-0.473165
-0.369686	0.612956	0.698296
-0.498529	-0.564454	-0.657921
-0.800014	-0.1317	0.585349
-0.213515	-0.93613	-0.279414
0.228844	-0.767391	0.598951
0.797423	0.565228	0.211269
-0.101911	0.518558	-0.848947
-0.124926	-0.833129	-0.538785
-0.921907	0.37684	0.0898778
-0.0645837	0.500878	-0.863105
-0.634297	-0.462062	-0.619811
0.301654	0.802602	-0.51462
-0.765271	0.585278	-0.267973
0.095722	-0.592312	0.800002
0.0801651	-0.316057	0.945347
0.820107	-0.24672	-0.516288
-0.596218	-0.801756	0.041363
-0.760641	0.633156	0.143311
-0.321539	-0.794382	-0.515335
-0.736767	0.511241	-0.442501
-0.356619	-0.899933	-0.250886
0.023424	-0.376439	0.926145
-0.57734	-0.14145	0.804158
0.80084	-0.597092	-0.0462212
0.405035	-0.874954	-0.265336
0.512669	0.846281	0.144843
0.0681037	0.985221	-0.157169
0.924772	-0.361836	-0.117778
0.297532	0.954456	-0.0221248
0.214016	0.182736	0.959586
-0.909722	0.0783578	-0.407757
-0.882861	-0.107814	0.457091
0.618726	0.445485	-0.647087
-0.570305	0.475901	0.66953
0.865894	0.460916	-0.194381
-0.578088	-0.463814	-0.671335
0.925581	0.313308	0.212458
0.98011	0.103571	0.169284
-0.888961	-0.341663	-0.304982
0.101969	0.96576	-0.238558
-0.384973	-0.763422	-0.518636
0.00945108	0.963939	0.265954
0.374463	-0.810573	-0.450276
-0.481914	-0.666708	-0.568559
-0.825239	-0.564731	-0.00769842
-0.387326	-0.671484	-0.631734
-0.742955	-0.486323	0.4599
0.632646	0.0473076	-0.772995
0.925874	0.345381	-0.153199
0.409341	-0.140354	0.901522
0.193382	-0.508532	0.839046
0.540807	-0.402239	0.738737
0.660691	0.607503	-0.440939
-0.626674	-0.393523	0.672621
-0.967611	-0.25019	-0.0336857
-0.161823	-0.840664	0.516814
0.886428	0.109307	-0.449776
0.966778	0.111735	0.229901
0.904842	0.0169998	0.425408
-0.925634	-0.368965	-0.084058
0.352019	0.564375	-0.746701
-0.765806	-0.430222	0.477964
0.198671	-0.442893	-0.874286
0.700247	-0.704991	-0.112437
0.341958	0.0817853	-0.93615
0.0145587	-0.609558	-0.792607
-0.684016	0.724355	0.0862147
0.651514	-0.653814	-0.384782
0.433543	0.456299	0.777066
-0.248265	-0.619254	-0.744908
0.65852	0.415415	-0.62752
0.804658	-0.44411	-0.39407
-0.656141	0.746945	0.107485
-0.0605139	0.992606	-0.105223
-0.681821	-0.381448	-0.624193
0.882703	-0.466668	-0.0552853
-0.109261	-0.779178	-0.617206
-0.282042	-0.807941	-0.517382
-0.894868	-0.443884	0.0466637
0.706302	-0.532048	0.466971
-0.360515	0.811607	-0.459698
0.826144	-0.468363	0.313244
-0.926465	-0.370814	-0.0644976
0.894699	0.4165	0.161374
0.638809	-0.294097	0.710936
0.470109	-0.860875	-0.194658
-0.282613	0.524715	0.802997
0.324133	-0.559134	-0.76309
-0.0950646	0.383016	-0.918837
0.0830246	-0.907761	0.411189
-0.88027	0.303546	0.36467
0.955391	-0.223021	0.193622
0.625421	0.652793	0.427445
0.295607	-0.0502986	-0.953984
0.217652	0.955547	-0.198891
-0.622835	-0.739018	0.256765
-0.140552	-0.146627	0.979156
0.653297	-0.756938	-0.015742
0.851252	0.442006	0.282844
-0.888472	0.0820908	0.45153
0.967994	0.0163933	-0.250437
-0.460972	0.313001	0.830382
0.899111	-0.39086	-0.197047
-0.434161	-0.310922	0.845477
0.915971	0.142462	0.375101
0.00784932	-0.0253073	-0.999649
-0.754742	0.464454	0.4633
0.108601	0.135705	-0.984779
0.940564	-0.3396	-0.00334847
0.596017	-0.192802	0.779481
-0.667739	0.736753	0.106388
-0.924019	0.322971	-0.204642
0.339054	-0.782652	-0.522013
0.579985	-0.211266	-0.786755
0.117834	0.675683	0.727714
-0.234472	0.96058	-0.149363
0.968288	-0.0785534	-0.237167
-0.767776	0.518551	-0.376331
0.488786	-0.342449	0.802382
-0.0398419	0.997513	0.0581473
0.720299	-0.367733	-0.588168
0.316777	-0.535564	0.78283
0.350074	-0.839579	0.415398
0.726587	0.293486	-0.621238
-0.742762	-0.661243	0.105178
0.0527535	0.765251	-0.641567
-0.0822893	0.981842	0.170921
0.517264	0.286828	0.80633
-0.625677	-0.347405	0.698454
-0.356651	-0.892778	-0.275223
0.491146	-0.720397	-0.489697
-0.552025	0.81452	-0.178396
0.57604	0.812852	0.0863089
-0.693195	0.421891	-0.58437
-0.110022	0.990836	0.0783491
-0.895271	-0.0661852	-0.440579
-0.722061	-0.556652	0.410812
0.721488	-0.539604	0.433915
0.897313	0.380714	0.223352
-0.492429	0.756394	-0.43056
-0.210202	0.914267	-0.346311
-0.878369	0.477597	-0.0192227
-0.246928	-0.942421	0.225543
-0.592749	0.0135565	-0.805273
-0.702692	-0.59196	0.394724
-0.238669	-0.652639	0.719096
-0.393405	-0.742972	-0.541502
0.342568	-0.0730943	0.936645
0.543108	0.283342	-0.790412
0.6589	0.487052	0.573264
-0.935456	0.325814	0.13699
-0.230266	0.893399	-0.385766
0.0897254	0.298968	0.950036
-0.725932	0.687285	0.0257113
0.839774	-0.219096	0.496765
-0.632196	0.709289	0.31183
0.934481	-0.00312992	-0.355999
0.636465	0.340641	0.692009
-0.83382	-0.466857	0.294598
-0.20777	0.939648	-0.271833
0.325358	-0.0536315	-0.944069
-0.655893	0.749392	-0.0906396
-0.123153	-0.346015	0.930111
0.0822879	-0.946664	0.31154
0.718918	-0.351608	-0.599607
0.188159	0.609478	0.770151
-0.132997	0.991037	-0.0125266
0.37783	-0.761037	0.52732
0.88889	-0.351156	-0.294217
-0.153863	-0.11206	0.981717
0.863491	-0.34554	-0.367403
-0.278803	0.876352	0.392781
0.173645	0.970039	0.169914
-0.507857	-0.636025	0.580993
0.449433	-0.655108	0.607325
-0.0242922	-0.549827	-0.834925
0.43845	-0.896258	0.0669574
-0.172214	0.97218	0.158772
-0.0948635	0.896328	-0.433124
-0.346542	0.678371	0.647859
0.787956	0.53953	0.296703
-0.452738	-0.357589	0.816798
-0.23102	0.613791	-0.754911
0.837466	-0.463789	-0.289051
0.451346	0.818577	0.355273
-0.271698	0.123127	0.954474
-0.233569	-0.596344	0.767997
0.473787	-0.876095	-0.0893518
0.00253751	0.795059	-0.606527
0.229027	-0.039544	-0.972617
0.71805	0.369575	0.589761
-0.0206936	-0.33414	-0.942296
-0.397214	-0.16924	-0.901986
-0.034638	-0.799456	0.599725
0.060153	-0.657248	-0.75127
-0.042074	-0.0428026	0.998197
-0.302758	0.502853	-0.809615
0.431833	0.849552	0.302954
0.397006	0.32925	-0.856727
0.0103325	0.906947	-0.421118
0.678274	0.287959	0.676036
-0.51744	0.0703132	-0.852826
0.901478	0.231723	-0.365569
-0.695103	0.578174	0.427255
-0.84857	-0.407149	0.337872
0.181709	0.405888	-0.895676
-0.0736969	0.0148613	0.99717
-0.709809	0.685047	0.163958
0.00542612	0.363879	-0.93143
0.94349	0.0443844	0.328416
-0.663611	-0.717753	0.210833
0.366413	0.738562	-0.565923
-0.595129	0.692012	-0.408584
0.0111997	-0.622799	0.782301
-0.122919	-0.493886	0.860795
-0.117508	-0.693686	-0.710627
-0.397243	-0.247492	-0.883711
-0.327963	0.669544	0.666446
-0.728167	0.545856	-0.414504
-0.202926	0.812108	-0.547085
-0.527625	-0.226951	-0.818599
0.121987	0.364335	0.923244
0.525194	0.129742	0.841034
-0.845507	0.18257	-0.501783
0.469736	-0.838914	-0.274902
0.266468	0.963716	-0.0156834
-0.727184	-0.657708	0.196532
0.321343	-0.937887	0.130793
-0.00546775	-0.573283	0.819339
0.254402	0.69092	-0.67669
-0.359034	-0.801696	-0.477888
0.0963968	0.323877	0.941175
-0.752882	0.343557	-0.561371
-0.445766	0.794924	0.411568
0.609722	0.462122	0.643958
-0.311704	-0.821417	-0.477613
-0.695895	0.142992	-0.703764
-0.424967	0.278119	-0.861425
-0.449605	0.26699	0.852392
-0.605131	-0.592522	0.531727
0.102231	-0.187941	-0.976845
0.211216	0.290004	0.933427
0.219679	0.878672	-0.423883
0.814667	-0.215447	0.538425
0.949201	0.30304	-0.0847663
-0.485031	0.0872585	-0.870133
-0.0783517	0.22099	0.972124
-0.656128	-0.0336853	-0.753897
0.603261	0.655859	-0.45379
-0.459942	-0.790118	0.405175
0.839752	0.425767	0.336954
0.136617	-0.797738	-0.587324
0.0202386	-0.981833	0.188666
0.77065	0.56297	0.298601
-0.594544	-0.0363711	0.80324
-0.843248	0.278063	-0.460014
0.674073	0.494365	0.548843
-0.181668	0.429425	-0.884642
0.259403	0.665228	0.70013
0.445764	0.893104	0.0605047
0.888697	0.239464	0.390992
-0.558319	0.7292	0.39566
-0.435363	-0.86627	-0.24502
-0.871622	0.138531	-0.470197
0.080843	-0.892344	0.444056
-0.249116	-0.961902	0.112634
-0.635524	0.753286	0.169323
0.187548	-0.922554	-0.337224
0.228662	-0.752393	0.617753
0.224665	-0.0171852	-0.974285
0.521756	-0.821638	0.229524
-0.450974	-0.33743	-0.826295
0.717975	-0.558391	-0.415585
-0.414424	-0.101103	0.904451
0.48942	-0.587265	0.644661
-0.727883	-0.336917	0.597221
0.27303	-0.664028	-0.696076
-0.566488	-0.544452	0.618598
0.974587	-0.0534264	0.217547
0.311632	0.886268	0.342658
-0.549479	-0.0206959	0.835251
0.192613	0.756967	-0.624421
0.52766	0.784094	0.326759
-0.643798	-0.637781	-0.4228
-0.968454	-0.105414	-0.225799
-0.353237	0.556542	0.751987
-0.462693	0.510816	0.724557
0.300912	0.936211	0.181552
0.338915	-0.66692	0.663592
0.475093	-0.516203	0.712615
-0.0978783	-0.846266	-0.523693
-0.046446	-0.797803	-0.601127
-0.0972258	-0.904377	-0.41551
0.422839	-0.487486	-0.763914
-0.949575	0.275989	-0.148785
0.870676	-0.0991839	0.481752
0.545366	-0.803671	0.238095
0.837421	-0.207077	-0.505812
-0.00282803	0.710514	-0.703677
-0.818383	-0.282132	0.500649
-0.730648	-0.146439	0.666865
0.170568	-0.6574	0.733983
0.143786	-0.506494	-0.85017
-0.922741	-0.0292711	0.384307
0.480141	0.503331	-0.718416
-0.578982	-0.805857	0.123991
-0.084997	-0.787343	0.610628
-0.282065	0.790404	-0.543783
0.114789	0.0171898	-0.993241
0.45437	0.869166	0.195185
-0.690361	-0.422786	-0.587072
0.720097	0.215686	0.6595
0.740746	-0.624286	0.248117
-0.610073	0.548556	0.57175
0.00190165	-0.321178	-0.947017
-0.951602	-0.296888	-0.0794362
0.897419	0.330173	0.292616
0.856926	0.510983	0.0676329
0.397879	0.731981	0.553079
0.150119	0.919903	-0.362274
-0.930118	-0.136285	0.341038
0.0777637	0.839507	0.537755
0.363356	0.487201	0.794108
0.345038	-0.828715	-0.440659
0.788915	0.609986	-0.0743638
-0.748761	-0.292579	0.594773
-0.553454	-0.643816	-0.528385
0.00640554	-0.195342	0.980714
0.412036	0.910538	0.0338667
-0.980515	-0.193838	0.03188
-0.444211	-0.000421553	0.895922
0.254606	-0.895126	-0.365957
0.827844	0.545196	0.132042
0.327983	-0.483208	0.81175
-0.857344	-0.433004	0.27833
0.920724	-0.35407	0.164016
0.737902	0.671178	0.0708534
0.29888	-0.954188	-0.014001
0.242576	0.319902	-0.915871
-0.453626	0.686048	-0.568825
0.687786	-0.233754	0.687248
-0.449289	0.706196	-0.547199
0.362293	-0.682877	-0.634368
0.288377	0.448502	0.845982
-0.631801	0.751188	-0.191162
-0.1099	-0.555951	-0.823918
0.776214	-0.446596	0.445021
-0.274031	0.857482	-0.435468
0.887223	0.26759	-0.375808
-0.859238	-0.1106	0.499477
-0.808244	-0.427091	-0.405383
-0.405502	0.628568	0.663679
0.169308	0.965774	0.196509
0.399997	-0.230059	0.887173
0.196195	-0.977103	-0.0823299
0.653816	-0.483176	0.582293
0.477099	-0.528554	-0.702145
-0.522604	0.801055	0.291882
-0.903423	-0.0138424	-0.428526
0.72154	-0.575254	-0.385309
0.591707	-0.74797	-0.300705
0.687441	0.649352	0.325217
-0.0927925	0.718569	0.689237
-0.218939	-0.971066	0.095372
-0.793752	0.561171	0.234616
-0.117511	0.192632	-0.974209
0.125959	-0.983662	-0.128624
-0.952468	0.261472	-0.156321
0.133713	0.966257	-0.220154
0.604587	-0.235627	0.760891
-0.687505	0.261151	0.677596
-0.41115	0.807109	-0.423712
0.664728	-0.198022	0.720364
-0.631653	0.235572	0.738593
0.593635	-0.394235	-0.701553
0.851138	-0.520336	-0.0693862
0.694185	-0.572612	-0.436145
-0.703581	0.0378864	0.709604
-0.437382	-0.313151	-0.842991
0.837787	0.400698	0.370884
-0.0762787	0.976497	0.201582
-0.506356	-0.846129	0.166338
0.220012	0.43145	0.874897
-0.959151	0.280129	-0.0394716
-0.188699	-0.613485	-0.766831
0.634519	-0.772649	0.0199708
-0.588132	-0.782022	0.20626
0.196514	0.763812	-0.614796
0.658384	0.613531	-0.436016
0.802416	-0.517932	-0.296436
-0.867834	-0.108577	0.484845
0.735922	0.187612	0.650554
-0.849797	0.0562134	-0.524104
0.435788	-0.768102	-0.469157
0.623386	0.674605	-0.395347
-0.487878	0.872065	-0.0384334
0.402877	-0.853164	0.331363
-0.659954	0.23413	0.713894
0.518711	0.544068	0.659491
0.340318	-0.440249	-0.830882
0.961217	0.269031	0.0606993
-0.110689	0.0847396	-0.990236
-0.647831	-0.487717	0.58519
0.21261	0.847336	-0.48664
-0.049095	0.484095	-0.873637
-0.897031	0.363467	0.251448
0.293044	-0.656325	-0.695243
0.463885	-0.012429	0.885808
-0.855179	-0.326223	-0.4028
0.495508	0.396164	-0.772998
0.71953	0.687961	-0.0947969
-0.198977	0.881647	-0.427909
0.108073	-0.775043	0.622598
0.880034	0.329147	0.342349
-0.875565	-0.0103675	-0.482988
0.297081	-0.937393	-0.181763
0.725536	0.312425	0.613178
-0.457599	0.196784	0.86711
0.97166	0.22167	-0.0820923
-0.853705	-0.165822	-0.49365
0.688684	-0.723314	0.0503137
-0.494224	-0.795866	0.349771
0.982189	0.0450316	-0.18242
0.0671701	0.631171	-0.77273
-0.116272	0.699012	-0.705594
-0.332797	-0.862693	0.380798
0.77681	0.58211	0.240238
0.594168	-0.802382	-0.0560996
0.340658	0.379503	0.860192
0.816351	0.0511739	-0.575285
0.859519	-0.489764	0.146144
0.054468	-0.791632	-0.608565
-0.848611	-0.100453	0.519393
-0.739892	0.149587	-0.655884
-0.0462481	-0.846008	0.531161
0.694578	-0.342201	0.632818
0.721618	-0.614209	-0.319396
0.648985	-0.0442018	-0.759516
-0.898117	-0.424222	-0.115848
-0.709221	-0.130915	-0.692724
-0.688867	0.420768	-0.590269
-0.797676	-0.230237	-0.557408
0.163549	0.96846	-0.187981
-0.580396	0.814053	0.0214203
0.667631	-0.073053	-0.7409
0.374252	0.924097	-0.0773256
0.647463	0.661346	0.3787
-0.371918	0.926469	-0.0577211
0.928623	0.0295026	0.36985
-0.357221	0.373562	-0.856063
0.849462	0.348923	-0.395812
-0.0999884	-0.822006	0.560633
-0.386783	-0.868798	0.309175
0.257845	0.965464	0.0373659
-0.00796759	0.77809	0.628102
-0.532384	0.628538	-0.567016
0.996759	-0.027186	-0.0757132
-0.81363	0.568851	0.120062
-0.801097	0.391478	0.452758
0.664395	-0.726424	0.175749
0.295643	0.199239	-0.934291
-0.952226	0.182097	0.245165
0.400247	-0.381921	0.833029
-0.590238	-0.363064	-0.720974
0.640382	0.255289	-0.724388
0.040524	-0.17736	-0.983311
0.217764	-0.950499	0.221656
0.512719	-0.780987	0.356621
0.897368	0.43893	0.0454987
-0.987067	-0.0717879	-0.143333
0.513884	-0.718801	-0.46824
-0.0533998	0.690818	0.721054
-0.00411168	-0.985898	-0.167295
-0.242068	0.918583	0.312425
-0.825932	-0.210769	0.522888
0.127963	-0.486292	-0.864376
-0.180248	-0.475471	-0.861068
-0.593476	-0.22423	-0.772986
0.662436	0.381599	-0.64464
0.99544	-0.0245864	0.0921632
-0.59357	0.717448	0.364614
0.657781	-0.605786	-0.447602
-0.828092	-0.0322855	-0.559661
0.669133	0.725152	0.162527
0.789092	-0.407995	-0.45921
-0.506243	-0.206233	0.837368
-0.0142985	0.171414	-0.985095
0.400496	-0.888401	0.22438
-0.745435	0.31451	0.587716
-0.351853	0.0857664	-0.932118
0.27965	-0.923556	-0.262373
-0.383688	0.596751	-0.70475
0.496697	-0.604061	0.62322
0.873024	-0.249975	-0.418737
0.760476	0.64692	-0.0563185
0.867136	-0.497941	-0.0114108
0.984941	-0.024242	-0.171183
0.0848335	-0.50033	0.861669
-0.823294	-0.562989	0.0723154
-0.896842	-0.288725	-0.33513
0.384752	-0.373575	-0.844042
0.104185	0.360214	0.927034
0.287378	0.542894	-0.789101
-0.829137	-0.326323	-0.453922
0.721428	0.470817	0.507812
-0.782853	0.419374	0.459637
0.384105	-0.470819	-0.794225
0.525321	-0.369989	-0.766254
-0.457414	-0.185964	0.869592
-0.89684	0.442038	-0.0167521
-0.250647	-0.967972	-0.0143859
-0.42552	-0.895498	-0.130443
0.596665	-0.0373329	0.801621
0.0886294	-0.250434	-0.964068
0.947236	0.301984	-0.107468
0.734472	0.673317	0.0848294
0.875604	-0.409386	-0.256359
-0.579027	0.676209	-0.455488
0.387335	-0.483279	0.78512
-0.25087	-0.0304789	0.967541
-0.552834	-0.818256	-0.157577
0.168654	-0.950724	-0.260152
0.666077	-0.744358	-0.0476722
-0.315782	0.628058	0.711214
-0.179247	0.529236	0.829325
0.38966	-0.0179476	-0.920784
-0.388865	-0.576169	-0.718898
0.747634	-0.639576	0.178845
-0.912879	0.0322009	0.406959
0.0986604	0.495901	0.862756
0.708463	0.558377	-0.43162
-0.221518	-0.220298	0.949947
-0.879485	0.44859	0.158974
0.873452	-0.42302	-0.241112
-0.169313	0.167241	0.971269
0.762596	-0.365681	-0.533596
0.904082	0.427158	0.0131039
0.769476	0.361006	0.52686
0.156773	-0.753253	0.638774
-0.479146	0.365802	0.797877
-0.638702	0.676776	0.366106
0.257632	0.592769	0.763054
-0.827215	0.447363	0.339972
0.896232	0.132106	0.423457
0.237075	0.90243	-0.359744
0.031424	0.295165	-0.954929
-0.724867	-0.220234	0.652736
0.422455	0.549392	-0.720902
-0.0952682	0.891398	-0.443095
-0.993409	0.0603444	-0.0974551
0.993226	-0.103045	0.0537083
-0.587386	-0.808374	-0.0388456
-0.702167	0.664133	-0.256689
0.604018	0.613975	0.508131
0.203729	0.609275	0.766341
-0.899622	0.390956	-0.194507
-0.478691	-0.104401	-0.871754
0.894435	-0.256394	-0.366399
0.632311	-0.77353	0.0428293
0.434624	0.769207	-0.468427
0.951124	0.283714	-0.121945
-0.349151	-0.12511	0.928677
-0.46714	0.875854	-0.121079
0.208093	-0.926966	0.312139
0.698302	0.456603	0.55126
-0.319651	0.128147	-0.93883
-0.156107	0.674527	-0.721556
-0.116552	0.375851	-0.919321
-0.81452	0.10438	0.570667
-0.05143	-0.575769	-0.815993
-0.601023	0.766873	-0.225116
-0.754974	0.388595	0.528213
0.441312	0.209516	0.872552
-0.349595	0.864623	-0.360846
0.508678	0.550969	0.661574
-0.122926	-0.968272	0.217573
0.986692	-0.0156824	-0.161843
-0.567896	0.161896	0.807022
0.830752	0.547991	0.0977654
0.7412	0.0236689	-0.670867
-0.640648	-0.753367	0.148353
-0.906838	-0.122446	-0.403301
0.157161	0.798837	0.580655
-0.229675	-0.664434	-0.71118
-0.405594	-0.662977	0.629249
0.640767	0.698496	-0.318623
0.448166	0.891503	0.0661068
0.122785	-0.951547	-0.281925
-0.979924	-0.19572	-0.0379817
0.505967	-0.174641	-0.844688
-0.403384	0.0881124	-0.910779
-0.904788	0.0384168	-0.424126
-0.0788278	0.755931	0.649887
-0.168711	0.569613	0.804411
0.210112	0.541605	0.813952
0.701385	0.708255	-0.0802073
-0.690913	-0.22899	0.685713
0.963653	0.177065	-0.200051
0.37497	0.514083	-0.771438
0.460042	-0.875491	-0.147909
-0.307639	-0.357125	-0.881941
0.708158	-0.235654	0.665567
0.654548	0.445983	0.610464
0.297501	0.860067	0.414461
0.961004	0.11488	-0.251544
0.391849	0.919178	0.0395698
-0.703599	0.116938	-0.700909
-0.630788	0.609743	0.479917
0.915019	-0.384846	0.120972
-0.305869	0.845403	-0.437879
-0.516625	0.855098	-0.0436627
0.0294803	-0.654575	-0.755422
0.832921	0.544895	-0.0966086
-0.832065	-0.349159	0.430995
-0.645505	0.666522	0.372923
0.569711	-0.084651	-0.817474
0.487768	-0.872175	0.0373155
-0.0578525	0.672065	0.738229
0.372081	0.902018	0.218907
0.394817	0.502804	0.768965
0.297948	0.88924	-0.347101
0.735379	-0.639556	-0.224022
0.191683	0.39661	0.897752
0.438421	-0.876106	0.200561
0.391647	-0.778164	-0.490993
0.940571	-0.0143196	-0.339295
0.796443	0.112611	-0.594135
0.522583	0.0339073	0.851914
0.0461506	0.852011	0.521486
-0.157246	-0.578928	-0.800073
-0.391582	-0.788318	0.474572
-0.245968	0.914372	0.321595
-0.328132	0.469598	-0.819639
-0.233513	-0.212418	-0.948868
-0.595282	0.677528	0.431967
-0.736416	-0.155042	0.658523
0.0244513	0.491677	0.870434
-0.657458	-0.751542	-0.0541595
-0.861596	0.0681941	-0.502993
0.67617	0.725984	0.125466
-0.00410099	-0.999551	0.0296775
0.547739	-0.395762	0.737125
0.233607	0.617513	-0.751069
-0.444983	0.894364	-0.0458553
-0.434597	0.88388	-0.172865
0.101042	-0.98696	0.1253
-0.459828	0.881288	-0.109038
0.950167	0.311594	-0.00957614
-0.111649	-0.973442	-0.199865
-0.321614	0.682959	-0.655844
0.031579	-0.825571	0.563414
-0.703867	0.573837	-0.418668
-0.600595	-0.657711	-0.454645
-0.382519	-0.443295	-0.81066
-0.357562	-0.10873	0.927538
-0.263084	0.842239	-0.470554
0.238031	0.789125	-0.566235
-0.810854	0.537391	0.231789
-0.669596	-0.716081	0.197152
-0.722421	0.145148	-0.676047
0.64166	-0.720957	-0.261713
-0.226825	0.112587	0.967406
-0.589754	0.396907	-0.703317
-0.429621	-0.156005	0.889432
0.158273	0.917387	0.365174
-0.666911	-0.405083	-0.62541
-0.570485	0.710885	-0.411327
0.747615	0.017525	-0.663901
0.679258	0.436566	-0.58993
-0.506208	0.163402	0.84679
-0.91263	-0.278425	0.299311
-0.468333	0.850647	0.23888
-0.159493	-0.985075	0.0647233
-0.857717	0.232562	0.458515
-0.330406	0.267752	0.905064
0.221413	0.806635	0.54801
0.281992	-0.551743	-0.784895
-0.402624	-0.291474	-0.867719
0.929857	-0.265075	-0.255149
0.911089	-0.11876	-0.394732
-0.86775	-0.451258	0.20827
0.379392	0.533052	0.756252
0.956185	0.28188	0.0790752
-0.788364	-0.483518	0.380384
-0.38917	-0.919253	-0.0593322
-0.194436	-0.945676	-0.260559
0.626173	-0.311104	0.714928
-0.407227	-0.429821	0.805866
-0.943744	0.321818	0.0760288
0.879269	-0.246465	-0.407604
0.617152	-0.778902	0.111511
-0.966237	-0.0645309	0.249444
-0.397145	-0.378929	-0.835876
-0.612082	0.0894618	0.785717
-0.548548	-0.301499	0.779868
-0.712873	-0.0114268	0.7012
0.631471	-0.643032	-0.433306
-0.940442	-0.2665	0.211062
0.394505	-0.00268999	0.91889
0.0292976	0.270432	-0.962293
0.35396	-0.594362	0.722113
-0.583537	-0.28207	0.761525
-0.431677	0.89718	0.0933934
0.311226	-0.31661	0.896045
0.337439	-0.907707	-0.249407
0.954104	0.292977	0.0620497
-0.893273	-0.421934	-0.15503
0.885381	0.10096	-0.453771
-0.233378	-0.16659	0.95801
-0.717999	-0.467121	0.516019
-0.754944	-0.389705	-0.527437
0.613925	0.661137	-0.43127
-0.041653	-0.790955	0.610455
-0.309949	-0.949792	-0.0427464
0.584401	0.747831	0.315
0.813802	-0.580702	0.0226106
-0.46832	-0.735472	0.48965
0.750583	-0.430682	0.501137
-0.985282	-0.078773	0.151704
-0.0397723	0.70762	0.705473
0.765821	-0.0557869	0.640629
0.17004	-0.203617	-0.964171
-0.395503	0.472133	0.787825
-0.326072	-0.38903	0.861587
0.928587	0.0939893	0.359015
-0.128217	-0.988346	0.0820493
0.353521	-0.934367	0.0445025
0.981675	-0.0726802	-0.176158
-0.771549	0.63418	-0.0502757
0.965672	-0.165195	-0.200472
