1000
0.435458	-0.22685	0.871157
-0.247965	-0.919106	-0.306198
0.207465	0.978189	-0.0102588
0.0240877	-0.958709	0.283366
0.954034	-0.0779182	-0.289393
-0.36239	0.0431155	0.931029
-0.448018	0.460766	0.766143
0.44644	0.627111	-0.638297
0.119144	-0.598453	-0.792249
0.409906	0.864135	0.291971
-0.441774	0.462435	0.768758
0.11753	-0.476278	-0.871405
-0.0760014	0.0627602	-0.995131
-0.00406574	-0.221328	0.975191
-0.236132	0.595545	-0.767833
-0.192304	0.32878	-0.92462
0.458245	0.655204	-0.600599
-0.809641	0.121494	-0.574213
-0.872198	-0.421382	0.24841
-0.588512	-0.113819	-0.800437
-0.899003	-0.0637991	-0.433271
0.237978	-0.833394	0.49882
0.221304	-0.178891	0.958657
-0.71298	0.0617435	0.698461
0.655087	-0.641962	-0.398428
-0.234208	0.869209	0.435456
0.395505	0.636827	-0.661837
0.473818	-0.683492	0.555279
0.465488	-0.558404	-0.686663
-0.341293	0.837647	-0.426459
0.323771	0.836952	-0.44123
-0.042638	-0.643169	0.764536
-0.675534	-0.737014	0.0215525
0.810328	-0.330733	0.483719
-0.534002	-0.376071	-0.75724
-0.358867	-0.472863	0.804745
0.911118	0.191039	0.365196
-0.148634	-0.645286	-0.749342
-0.791696	0.326272	-0.516492
-0.985665	-0.00963376	-0.168439
0.238081	-0.96035	-0.145066
0.493073	-0.29513	-0.818399
-0.124655	0.0567233	-0.990577
0.69282	-0.310182	0.65099
-0.768454	0.606632	0.203658
0.814928	0.560715	-0.1466
-0.873624	-0.0105458	0.486487
-0.439504	0.731509	-0.521278
-0.454372	-0.151472	-0.877839
0.298872	0.924097	0.238159
0.594941	-0.0596013	0.801557
-0.878194	-0.393804	-0.271464
0.101633	-0.633787	-0.766801
-0.484844	0.797498	-0.359059
-0.663778	-0.397978	-0.633256
-0.270518	-0.91369	-0.303299
-0.90567	-0.224182	0.359866
-0.529836	0.718841	-0.450046
-0.993934	0.00650645	0.10979
0.535371	-0.673189	0.510092
0.809039	0.387283	-0.442117
0.412848	0.8915	-0.186505
-0.872227	-0.422749	-0.245975
0.412173	0.682762	0.603282
-0.107617	-0.464286	0.879123
-0.865074	-0.412488	-0.285484
0.753757	-0.166572	-0.635692
0.382828	-0.923743	0.0119131
0.0532179	-0.0896562	0.99455
0.542584	-0.46343	-0.700597
0.834368	0.433607	0.340316
-0.49393	0.868462	0.0425143
0.500632	0.121869	0.857039
0.360227	0.858369	0.365294
-0.103423	-0.675784	-0.729808
-0.31848	-0.917579	0.237949
-0.70942	0.680481	-0.18349
0.784598	-0.446389	-0.430281
-0.751466	-0.659772	-0.000201301
-0.367868	-0.837902	0.403229
0.504377	-0.624482	0.596344
-0.145469	0.969476	-0.19737
-0.412345	-0.8854	0.214565
0.568166	0.68564	0.455065
-0.507273	0.58929	-0.628817
-0.429415	0.416695	-0.801229
-0.506053	-0.782038	0.363768
-0.95522	-0.295721	-0.0101605
0.0305862	-0.401272	0.915448
-0.312045	-0.949507	-0.032635
0.936094	0.267214	-0.228745
0.373042	-0.199159	-0.906187
-0.974663	-0.223675	-0.00108145
-0.522212	0.559876	0.643299
-0.544368	-0.70409	-0.455983
0.478154	0.457114	-0.749943
-0.119641	0.0872083	-0.98898
0.209048	0.938304	-0.275471
-0.16349	-0.673512	-0.72087
-0.533405	-0.482817	0.694527
-0.97747	0.208828	-0.0307062
0.4415	0.520487	0.73087
-0.286906	-0.913864	0.287293
-0.365386	0.738906	0.566137
0.747342	-0.635248	0.194781
0.67833	0.615465	-0.401337
0.312218	-0.934975	0.16835
-0.437135	-0.214363	-0.873477
0.754953	-0.395073	-0.523414
0.783884	-0.524957	0.331581
0.512533	0.759942	0.399748
-0.667771	0.182588	-0.721625
-0.137704	-0.263185	0.954867
-0.273117	0.277624	0.921049
-0.797242	-0.012002	0.603541
0.976286	-0.140971	-0.164297
0.147212	0.390215	0.908879
0.530108	-0.751211	0.393278
0.962114	-0.0648438	-0.264824
0.442619	0.794758	0.415268
0.756805	0.390499	0.524172
-0.429421	0.837693	-0.337443
-0.037686	0.367027	0.929447
0.309384	0.949843	0.0456122
0.0620804	-0.874243	-0.481503
-0.804087	0.158013	-0.573129
0.382621	-0.255322	0.887926
-0.221543	-0.964717	0.142269
0.970684	0.107237	0.215112
-0.0100413	0.720915	0.692951
-0.596049	-0.331191	0.731463
-0.730621	-0.674102	0.108535
0.6044	-0.69696	-0.385938
0.307229	-0.276793	-0.910492
0.635433	0.665783	0.391098
0.00858778	0.625428	-0.780235
0.695892	0.445367	-0.563367
-0.759752	-0.648263	0.0503241
0.054642	-0.940941	-0.334132
-0.235912	-0.830971	-0.503818
-0.971939	-0.157987	-0.174283
-0.167369	-0.954617	0.246362
-0.147526	-0.453492	0.878966
-0.926323	0.110069	-0.360292
0.659532	0.330476	0.675132
0.530761	-0.647987	-0.546265
-0.735281	-0.0189853	0.677497
8.7687e-05	0.581663	-0.81343
-0.438224	-0.220632	0.871368
0.53326	-0.740013	-0.409895
0.861694	0.106597	0.496105
-0.460227	-0.734526	0.498661
-0.522766	0.847975	0.0874881
-0.636667	-0.733311	-0.238556
0.906872	-0.415447	0.0706216
0.673544	-0.735466	0.0736838
-0.725379	0.67615	-0.12902
0.0215137	0.995999	-0.0867352
-0.00531188	0.00677416	-0.999963
0.109341	-0.484341	0.86802
0.779203	-0.538615	-0.320527
-0.670052	-0.742313	-0.000967996
0.181389	0.745426	0.641435
0.493246	-0.799765	-0.342175
0.866001	-0.45556	-0.206175
0.239697	-0.860856	0.448857
0.0134903	-0.998746	-0.0482156
0.303634	0.597676	-0.742017
-0.638845	-0.529442	-0.558183
0.920037	-0.138843	0.366409
0.422727	-0.618783	0.662125
-0.714302	0.416135	0.562677
-0.476285	-0.874621	0.0905017
0.845869	0.49251	0.204793
0.247668	0.555312	0.793908
0.232198	0.937629	-0.25872
-0.497119	-0.627667	-0.599088
0.343915	0.91049	-0.22963
0.527565	0.559002	-0.639682
0.258206	-0.759179	0.597475
0.487855	0.805409	-0.33662
0.503692	-0.859136	-0.0904443
-0.779481	-0.624835	-0.0446086
-0.286397	-0.654906	0.699339
0.0907079	-0.836218	0.540843
-0.737513	-0.271236	0.618471
-0.259878	0.0920992	-0.961239
0.682627	0.690968	-0.237871
0.234528	0.860277	0.452681
-0.309292	0.262645	0.913978
-0.834287	-0.369475	0.409212
0.626797	0.708697	-0.323843
0.479338	0.751008	-0.454117
-0.875924	0.254667	-0.409758
-0.503561	-0.829951	0.240016
-0.900532	0.181736	0.394986
0.316564	0.689828	0.651095
-0.091536	-0.985682	-0.141607
0.118748	-0.722076	0.681546
-0.945028	0.241158	0.220829
0.00840336	0.327462	-0.944827
-0.970033	0.235815	0.05854
-0.102285	-0.504556	0.857299
-0.763583	0.261577	0.590355
-0.648682	0.709568	0.275183
-0.28442	0.330667	-0.899869
0.811442	-0.56603	-0.145502
-0.258821	0.960057	0.106311
-0.650904	-0.660539	-0.374182
0.604665	0.480587	-0.635151
0.379441	0.610878	-0.694876
-0.495234	0.65652	0.568968
0.745042	0.643648	0.175015
0.297133	0.950949	0.0860689
0.302159	0.730297	0.612671
-0.600663	-0.663609	0.4459
-0.747269	-0.516899	-0.417618
-0.185368	0.748527	0.636668
0.125956	0.381836	0.915607
0.803766	-0.164619	-0.571717
0.709709	-0.594088	0.378645
-0.900011	-0.43586	-0.00265159
-0.6697	-0.43122	0.604608
0.329358	-0.848297	-0.414626
0.345192	0.781597	-0.519566
-0.320378	-0.946066	-0.0481415
0.0992213	-0.964164	0.246054
0.118923	0.951166	-0.284852
-0.627583	0.743298	-0.231621
0.583881	0.737248	-0.339924
0.707981	-0.699973	-0.0938114
0.28784	0.931858	-0.220882
0.155909	-0.478681	0.864035
0.743243	0.408393	-0.52991
0.46697	0.0682667	-0.881634
-0.910633	0.407536	0.0682787
0.232762	0.86198	0.450347
0.0828485	-0.372618	0.924279
-0.288533	0.139698	0.947224
0.937403	-0.0898705	-0.336451
-0.572741	0.704612	-0.418914
0.200651	0.935311	-0.291432
-0.064029	0.746474	0.662327
0.189349	0.408694	0.892814
-0.359301	-0.889401	-0.28261
-0.0620366	0.0536452	0.996631
-0.655102	0.733547	0.180969
0.825554	-0.497003	-0.267297
0.122521	-0.00778228	-0.992435
0.0448991	0.499746	0.865007
0.487038	-0.596108	0.638318
-0.0343376	-0.995492	-0.0884065
-0.539556	-0.335521	0.772208
0.785252	0.316831	-0.531976
-0.225912	-0.599704	-0.767671
0.430866	-0.864035	-0.260381
-0.68678	0.19733	0.699567
0.836482	-0.524141	0.159919
0.248043	-0.00994615	0.968698
-0.152444	0.740918	-0.654066
-0.579162	0.568445	0.58433
0.578505	-0.541401	0.610096
0.602498	-0.173648	0.779001
-0.323405	0.603572	-0.728773
-0.472382	0.358106	-0.805367
0.23883	0.433704	0.868827
-0.773305	-0.160055	0.6135
0.561956	0.229901	0.794576
-0.916215	-0.0361071	-0.399056
-0.881272	0.309804	0.356905
0.218667	0.941971	-0.254706
-0.979336	0.187089	0.0767994
0.164328	-0.513631	0.842128
0.326537	-0.900801	-0.286235
0.507776	-0.851572	0.130345
-0.0318757	0.99776	-0.0588202
-0.743559	0.53829	-0.396691
0.803742	-0.227672	0.549695
-0.430567	-0.80927	0.399617
0.365042	-0.393009	0.843972
-0.402659	-0.883884	-0.237938
0.392951	0.796749	0.459108
-0.488251	-0.737163	0.467121
0.859616	-0.257453	-0.441337
0.734522	-0.678503	-0.0105554
-0.569627	0.147338	-0.808589
0.865611	0.376282	-0.330348
-0.234587	0.75212	0.615861
-0.462493	0.886142	-0.0292072
0.986714	-0.13964	-0.0830384
0.566353	0.0164569	-0.823999
0.680671	-0.647823	-0.342071
-0.813007	-0.402759	0.420482
-0.963136	-0.264175	-0.0508024
0.678997	-0.263836	-0.685094
-0.306838	0.932285	-0.191559
-0.617187	-0.337473	0.710769
-0.142776	0.163863	-0.976096
-0.509581	0.608915	-0.607906
0.775663	-0.61941	0.121155
0.131551	0.790599	0.598037
-0.4853	-0.0186011	0.87415
-0.280438	-0.841113	-0.462476
0.370085	0.679666	0.633318
-0.479559	-0.630664	0.610153
0.197426	-0.728427	0.656062
0.6192	0.772956	-0.138312
0.385036	-0.140213	0.912188
0.529981	-0.830645	-0.170728
-0.7387	-0.553718	0.384341
-0.922428	0.359535	0.140929
0.861231	-0.497103	-0.10569
0.655981	-0.00990689	-0.754712
0.566922	0.205415	-0.797749
0.909397	0.346884	0.229497
-0.112526	-0.913842	-0.390167
0.902194	0.322434	-0.286499
-0.689725	0.604814	-0.398094
0.975916	-0.215592	0.0332744
-0.392522	-0.281078	0.87574
-0.0643292	-0.108912	0.991968
0.95774	-0.161017	0.238345
-0.965746	0.0655974	-0.251061
0.929808	-0.263156	-0.257306
0.832279	-0.388241	0.395703
-0.0648054	-0.949745	-0.306244
-0.907952	-0.241409	0.342556
-0.376096	0.589057	0.715237
0.22183	-0.672067	0.706483
-0.130654	-0.434888	0.890956
-0.702966	0.662123	-0.259677
0.931776	0.186176	0.31166
0.912867	-0.330285	-0.239972
-0.497651	0.842873	-0.204717
-0.472254	0.807277	0.353949
-0.704144	-0.676424	0.215945
-0.0759283	-0.995431	-0.0578955
0.959819	0.260994	-0.103099
0.180354	0.785662	0.591783
0.748439	-0.647185	-0.144883
0.664073	0.721791	-0.195
0.26604	0.684675	0.678559
-0.356516	0.55052	-0.754867
-0.816248	0.564921	-0.120843
-0.0505447	0.938106	0.342639
0.706361	-0.316218	0.633293
-0.114857	-0.934757	0.33621
-0.7849	-0.536938	-0.30924
-0.693999	0.719799	-0.0159672
-0.972004	0.203775	0.116974
0.92854	0.365237	0.0664509
0.477081	-0.255653	0.840854
0.827544	0.560659	-0.0288537
-0.858682	0.464769	-0.215997
0.0343915	0.808223	0.587871
-0.716518	0.264336	-0.645545
0.60907	-0.313102	0.728698
-0.364862	0.161879	0.916881
-0.36213	-0.760923	0.538385
0.67363	0.634503	0.378983
0.90031	-0.286165	0.32795
0.422727	-0.627868	0.653516
-0.782288	0.113061	-0.612571
-0.66771	-0.544541	-0.507582
0.706641	-0.662873	0.247505
-0.217757	-0.153525	0.963853
0.193744	-0.0732193	0.978316
-0.694845	-0.0854973	-0.71406
-0.352878	0.521637	-0.77677
-0.393247	-0.249877	0.884827
-0.589431	-0.662508	-0.462227
-0.842572	-0.472593	-0.258318
0.661773	-0.747007	-0.0635438
-0.180218	0.973524	-0.140617
0.423971	-0.507046	-0.750435
-0.353626	0.257357	-0.899286
-0.263797	-0.814977	0.515968
-0.955234	0.0359098	0.293665
0.843194	0.116322	-0.524874
-0.45078	-0.0812106	-0.888933
0.180661	-0.391695	0.902184
0.598691	0.119941	0.791949
0.605878	0.596403	-0.526513
-0.631467	-0.48823	0.602395
-0.798747	-0.171945	-0.576575
-0.549761	0.807759	-0.212812
-0.182141	0.596162	0.78193
0.939301	-0.302566	0.161763
0.832828	-0.213811	0.510571
-0.664307	-0.628001	-0.405352
0.0993196	0.901028	0.422237
-0.284275	0.193207	-0.939073
0.80051	0.595831	-0.064562
0.680119	0.161451	0.715103
0.447992	0.530438	-0.71968
-0.106259	0.958103	0.265984
-0.999467	0.00955403	0.0312228
0.771494	0.45204	0.447724
0.692437	0.370272	-0.619217
-0.452637	-0.334118	-0.826732
-0.85194	0.280438	-0.442213
0.731146	0.577255	0.363596
0.684987	0.723979	-0.0815298
-0.0733473	-0.863117	-0.499649
0.753875	0.294539	0.587298
-0.438261	0.642407	-0.628681
0.268831	-0.940462	-0.207995
-0.846827	-0.153197	0.509328
-0.215254	-0.0759629	-0.973599
-0.931837	-0.289104	-0.219316
-0.773625	0.632517	0.0377737
0.660191	0.0680265	-0.748011
0.163524	-0.887449	0.430923
-0.135797	0.23253	0.963062
-0.535163	0.570547	0.622958
-0.524119	-0.282138	-0.803553
0.153811	0.012096	-0.988026
-0.848385	-0.47175	0.240197
-0.861612	0.452977	-0.228989
0.278995	0.362298	-0.889327
-0.821871	-0.389704	-0.415523
-0.39109	-0.0844205	0.916473
-0.189598	0.191027	0.9631
-0.906868	0.21411	0.362969
0.579497	0.814954	0.0058354
-0.752128	-0.497543	-0.43215
-0.184706	0.088139	0.978834
0.856562	0.51148	0.0684858
-0.274951	0.960538	0.0420473
-0.479357	0.364188	0.798489
0.45513	-0.673087	-0.582932
-0.0626183	-0.936388	-0.345335
-0.702708	0.664109	-0.255266
-0.48918	0.506456	0.710074
-0.189117	-0.604424	0.773891
-0.911229	-0.382037	-0.153978
-0.647848	0.751574	-0.124213
0.477511	-0.863999	0.159655
0.264031	0.827865	-0.494901
-0.579438	0.537539	0.612621
0.230745	-0.901919	-0.365102
-0.048394	-0.975425	-0.214952
-0.244954	0.853855	0.459271
-0.641167	0.606779	0.469812
0.0508662	-0.349259	-0.935645
0.887656	0.147298	-0.436315
0.0159744	0.963941	-0.265638
-0.573206	-0.246768	-0.781371
-0.0562154	0.571189	0.818892
-0.660256	0.505439	0.555512
0.82969	0.188904	-0.52529
-0.632568	-0.758099	-0.158567
0.280301	0.63807	-0.717146
0.715032	-0.630361	0.302282
0.234746	-0.503256	0.831641
-0.558575	0.797969	0.226363
0.795289	0.49133	-0.355119
-0.357221	-0.232326	0.904664
-0.911508	0.342628	0.227506
-0.441232	-0.411252	-0.797613
-0.863814	0.4898	-0.117991
-0.685014	-0.3235	0.652766
0.074432	0.543883	0.835853
0.438321	-0.304845	-0.845543
0.676119	0.321411	-0.662991
-0.626482	-0.667951	-0.401698
0.435177	-0.485478	-0.758243
0.573822	0.173492	0.800393
-0.482654	0.576671	-0.659163
0.0766121	-0.856804	-0.509919
0.700972	0.138353	0.69964
-0.464311	0.306019	0.831125
0.654264	0.485586	-0.57978
-0.766262	0.0633175	-0.639401
-0.946911	0.307138	-0.0950059
0.817854	0.132944	0.559858
0.639295	-0.715633	-0.281373
-0.340475	-0.131476	-0.931016
-0.356473	-0.269874	-0.89448
-0.259224	0.556354	-0.789476
0.908064	-0.366857	0.202078
0.903498	-0.410055	-0.124686
0.702411	0.691435	-0.168926
-0.488162	-0.872462	-0.0225172
0.0830918	0.536241	0.839965
-0.614832	0.741964	-0.267339
0.28585	0.83568	-0.468967
0.202988	-0.0253604	0.978853
0.139481	0.653092	-0.744322
0.355342	-0.35165	-0.866068
-0.981083	0.191542	0.0280839
-0.481668	0.649325	0.588535
0.0328623	0.496841	0.867219
-0.14751	-0.452214	-0.879627
0.557406	-0.548531	-0.623227
-0.54789	-0.576371	0.606311
0.163882	-0.494783	0.853424
-0.438142	0.889989	0.126296
0.797724	0.482049	0.362304
-0.323652	-0.92544	0.197002
-0.379607	-0.418537	0.825061
0.107334	0.981398	-0.159177
0.150675	-0.370604	-0.916488
-0.922124	0.25391	0.291919
0.40137	-0.88165	0.248185
0.605319	0.786442	-0.122874
0.288224	-0.932483	0.217722
-0.166217	-0.884015	-0.43691
-0.667337	-0.732452	-0.134813
0.596247	0.548262	-0.586429
-0.115666	0.394751	-0.911478
-0.684706	-0.297132	0.6655
0.397644	-0.305571	0.865162
-0.166109	-0.208275	-0.963862
0.271171	0.478176	0.835352
-0.912248	0.0985343	0.39761
0.86605	0.416591	-0.27642
-0.629115	0.769383	0.110747
0.0427107	-0.913385	0.404849
-0.598564	-0.793777	-0.107885
-0.549484	0.374179	-0.747033
-0.0309976	0.770791	0.636334
0.650455	-0.750014	0.119947
-0.751759	0.6341	0.181041
0.272586	0.382767	-0.882715
0.130043	-0.84554	0.517832
-0.834136	-0.252033	-0.490608
-0.0781924	0.0721053	-0.994327
0.609826	-0.194874	-0.768203
0.184034	0.0520144	0.981543
0.017744	0.901069	0.433314
-0.0878018	-0.915954	-0.391559
-0.526299	0.787664	0.320305
0.403126	0.749638	0.524911
0.951748	0.276701	0.132712
-0.445503	-0.786915	-0.426956
-0.0975586	0.976684	0.191234
0.687744	0.4973	-0.528868
-0.168652	0.78317	0.5985
-0.429679	0.901824	-0.0457052
-0.438701	0.505551	0.74294
-0.825447	0.559858	0.0720826
0.333674	0.580409	-0.742823
-0.322885	-0.269575	0.907235
-0.261504	0.76853	-0.583933
-0.48986	-0.0436838	-0.870706
-0.0735559	-0.124329	-0.989511
0.108177	0.86748	0.485569
-0.0209003	-0.98868	0.148575
0.663033	0.0823691	-0.744045
-0.736658	-0.642334	0.211523
0.407548	-0.0544034	-0.911562
0.854318	0.415982	-0.311607
0.0707434	-0.373935	0.924753
0.570298	-0.683547	0.455548
-0.461772	-0.417586	-0.782553
0.329517	-0.871858	-0.362329
-0.252281	0.893806	0.370763
-0.881273	-0.438953	0.175149
-0.330475	0.838021	0.434175
0.616202	-0.0119876	-0.787497
0.959965	0.0555167	-0.274564
0.100455	0.0238979	-0.994655
-0.746135	-0.656056	-0.113461
-0.841846	-0.476098	-0.254215
0.805824	0.368544	0.463489
0.531012	0.684116	0.500011
-0.697995	-0.496266	-0.516258
-0.677446	-0.704413	-0.211823
0.662787	-0.661845	-0.35025
-0.371091	-0.551484	0.747099
0.147726	-0.932495	0.329591
-0.283697	0.243752	0.927416
0.026899	-0.121817	0.992188
-0.42123	0.844764	-0.330059
0.383511	-0.350318	0.854515
0.021123	-0.290036	-0.956783
-0.124658	-0.988353	-0.0872831
0.158763	-0.697496	-0.69878
-0.0507024	0.343146	-0.937913
0.869728	-0.394938	0.29597
-0.0927764	-0.927122	0.363094
-0.646455	0.511015	-0.566533
0.800035	-0.0746409	0.595292
0.725861	0.381799	0.57215
0.437524	0.755396	-0.487801
-0.145376	0.865446	-0.479446
0.86846	-0.046845	0.493541
0.963179	-0.0418167	-0.26559
0.784452	-0.615977	0.0721598
-0.758589	-0.648243	0.0657546
-0.0317346	0.68591	0.726994
0.583704	-0.708231	0.397113
0.246906	0.364496	0.897875
0.338073	-0.201839	-0.919221
0.394189	0.901465	0.178819
-0.82819	0.014671	0.560255
-0.368062	0.92382	0.105298
-0.805309	0.474075	-0.355993
-0.692226	-0.347153	-0.632699
-0.726662	-0.388418	0.566651
0.920629	-0.224598	0.31937
-0.712076	-0.591597	0.378103
-0.115319	-0.900277	-0.419766
-0.198856	-0.636129	-0.745517
0.39719	-0.883353	-0.248852
-0.799314	-0.481535	-0.359474
-0.29816	-0.892191	0.339258
0.524875	0.825619	-0.207023
-0.335946	0.941369	0.0310548
-0.877657	0.394768	-0.271801
-0.217134	-0.941685	-0.257063
0.0785688	-0.641677	0.76294
-0.542627	0.388703	-0.744625
0.590251	0.603574	0.536005
0.185983	-0.968307	0.166707
-0.105942	-0.799375	-0.591419
0.72021	0.046219	-0.692215
0.314281	-0.411417	0.855549
-0.588233	-0.772589	0.238932
-0.185765	0.254574	0.949043
0.111199	-0.975071	0.19202
-0.789313	-0.494494	0.363951
0.362555	-0.608768	-0.705659
0.492946	0.404415	0.770359
-0.073128	0.81897	-0.569158
-0.777702	-0.224011	0.587367
-0.794503	-0.386327	0.468527
0.642726	0.409585	0.647413
0.564516	0.151749	0.811353
-0.924809	-0.261377	-0.276424
0.919534	-0.381938	-0.0926368
-0.148684	-0.670814	-0.726569
0.763026	0.55346	-0.333876
0.805587	-0.180392	-0.564348
-0.248702	-0.950599	-0.185765
-0.530625	0.0321923	-0.846995
0.928787	-0.191211	0.317479
0.430001	0.870744	-0.238546
0.723149	0.690669	-0.00559492
-0.410578	-0.91182	0.0032594
0.883963	-0.45625	0.1022
0.862037	0.320252	-0.392848
-0.885752	0.463945	-0.0140844
0.882634	0.310529	0.352885
0.486291	-0.873792	-0.00282203
-0.502626	-0.261093	0.824134
0.773049	-0.251903	0.582185
-0.538318	-0.281647	-0.794285
-0.945021	0.253979	0.205984
0.0194284	-0.713071	-0.700823
-0.419431	0.818384	-0.392842
-0.110351	-0.949724	0.292996
0.718436	-0.229812	-0.656534
-0.616524	-0.741008	0.266093
0.101116	-0.86567	-0.490296
0.348182	-0.859636	0.373891
-0.30687	-0.0933757	0.94716
-0.785895	-0.14263	-0.601685
0.524187	-0.16258	0.83594
-0.894616	-0.438105	0.0878956
0.284738	0.93761	-0.199528
-0.14239	0.975561	0.167351
0.967747	-0.128925	0.216434
0.134586	-0.985485	-0.103468
0.865375	0.00880491	-0.501048
-0.911125	0.268838	-0.312372
0.502436	-0.194792	0.842386
-0.193183	0.907122	0.373911
0.0410212	0.934862	0.352632
-0.149801	0.336329	-0.929754
0.168226	0.270505	0.947907
0.939859	-0.327802	-0.0959747
-0.459941	0.860303	-0.219846
-0.102106	0.90309	-0.417137
0.647776	-0.759928	0.0538011
-0.045855	-0.227747	-0.97264
0.271662	-0.704783	-0.655348
0.785143	-0.46664	0.407182
0.238585	0.754358	0.611573
0.249052	0.962792	0.1049
-0.376347	0.473903	0.796102
0.122709	0.694945	0.708515
-0.655227	0.73808	0.160985
-0.533087	-0.786635	-0.311486
-0.691179	0.38462	-0.611832
-0.737509	0.651223	-0.178855
0.0296422	-0.950732	-0.308594
-0.378238	-0.920209	0.100749
0.952058	-0.170102	-0.254265
-0.938659	-0.233975	-0.253328
-0.295473	0.301243	0.906614
-0.0669693	-0.0312374	0.997266
-0.6344	0.632651	0.444173
0.118348	0.78524	-0.607776
0.756338	0.628577	-0.181228
0.0297153	-0.791284	-0.610726
0.526666	0.697051	-0.486562
0.229524	-0.553946	0.800289
-0.535482	-0.524928	-0.661596
-0.041743	-0.27017	-0.961907
-0.442305	0.881205	-0.166868
0.123428	-0.30477	0.944394
-0.542605	0.122004	0.831081
-0.130904	0.151669	-0.979725
0.72425	0.253933	-0.641077
-0.532379	-0.773063	0.344886
0.603305	0.527824	-0.59785
0.860688	0.0978105	-0.499649
-0.397274	-0.135288	-0.907673
-0.655391	-0.716885	-0.237778
-0.117177	0.724537	0.679202
0.254548	0.854351	0.453088
-0.663398	-0.727897	-0.173403
-0.754808	0.30482	-0.580818
-0.14296	-0.830646	-0.538135
-0.201273	-0.89228	-0.404136
-0.414512	0.835977	-0.359613
0.609471	0.71093	0.35089
0.397823	-0.0380473	0.916673
0.705433	-0.564209	0.42899
-0.153976	0.764564	-0.625886
0.527308	0.606509	-0.595057
-0.301388	-0.347422	0.887954
0.200798	-0.0594402	-0.977828
0.300526	0.245609	0.921607
-0.0926399	-0.927642	0.361798
0.32795	-0.494851	0.804718
-0.964331	0.231445	-0.128446
0.533271	0.0383818	-0.845073
0.588494	-0.756901	0.28421
0.635411	0.653272	-0.41169
-0.457515	0.363852	-0.811352
0.234344	0.838475	-0.491978
0.0686437	0.983398	0.167979
-0.984143	-0.0085384	0.177169
0.736944	-0.675514	-0.0243742
-0.0908411	0.944578	-0.315469
0.629166	0.65018	0.425929
0.209384	-0.858312	0.468464
-0.346435	0.907614	0.237107
0.691562	-0.639496	0.335839
0.946378	-0.323053	0.00219887
0.538475	0.483176	-0.690352
-0.977377	0.191039	0.0907705
-0.948209	0.237597	-0.210826
-0.711833	-0.126064	-0.690942
0.847024	-0.518348	0.117749
-0.25414	0.911221	0.324175
-0.993461	0.108593	-0.0352556
-0.504841	-0.748741	0.429561
-0.054353	0.926822	0.371547
0.609062	-0.698215	0.376218
-0.420326	0.595826	0.684337
-0.582381	0.795591	-0.166937
0.652111	0.101927	-0.75124
-0.99513	-0.000786905	-0.0985663
-0.163703	-0.95677	0.2404
0.932802	0.0136221	0.360132
-0.755424	-0.00190613	-0.655233
0.254874	-0.964891	-0.0634429
-0.666373	-0.663738	-0.339703
-0.988729	-0.146517	-0.0307975
0.788194	-0.300245	0.537218
0.341814	-0.112952	0.932955
0.360008	-0.631749	-0.686504
-0.393155	0.759996	-0.517527
0.557718	0.55697	-0.615415
0.597509	-0.644997	0.476404
-0.915822	-0.246212	0.317254
-0.691983	-0.714093	-0.105976
0.418192	-0.274479	0.865897
0.420672	0.640272	-0.642718
0.409449	-0.166083	-0.897088
0.656803	-0.685176	0.31487
-0.65431	0.302997	-0.692872
0.987224	0.130779	0.0910258
0.450491	0.617761	0.644539
0.117286	0.073191	-0.990397
-0.907439	-0.131337	0.39913
-0.88615	-0.447271	0.121187
0.568878	-0.734717	-0.369553
0.529618	-0.668406	0.522243
-0.351054	0.733849	-0.581572
0.83094	-0.504403	0.234768
-0.773759	0.17415	-0.609073
-0.658342	-0.397129	-0.639433
-0.144281	-0.878864	0.454732
0.542349	-0.63545	-0.549601
0.212803	-0.101245	-0.971836
0.434889	0.900387	0.0132068
-0.552062	0.826002	-0.113792
-0.450878	0.732319	0.510311
0.60726	-0.551986	0.571443
0.575132	-0.668402	0.471659
-0.239445	0.196715	-0.950773
0.613205	0.774675	-0.154459
-0.343908	-0.204829	-0.916391
-0.687104	0.410194	0.599691
0.123482	0.378154	0.91747
-0.0181036	0.988835	0.147911
-0.890474	0.297188	0.34458
0.413342	-0.547823	0.72735
0.134701	0.981362	-0.137057
-0.562362	-0.826141	0.0352052
-0.314489	-0.875246	0.367479
0.38002	-0.620727	-0.685772
0.697174	0.694693	0.17706
0.66336	0.202999	-0.72024
0.809528	0.353966	0.468372
-0.719457	-0.637327	0.276038
-0.320014	-0.756376	-0.570514
-0.152727	0.877598	0.454418
-0.864008	-0.158079	0.478017
-0.322352	-0.111124	0.940075
-0.136334	0.427397	-0.893725
0.314453	-0.662453	0.679909
0.199576	0.792955	0.575666
-0.766561	0.642075	-0.0111232
-0.786231	0.435261	-0.438621
0.119451	0.321138	0.939469
0.0808568	-0.899586	0.429194
0.0493517	0.818633	-0.572193
-0.348708	-0.0971104	0.932187
0.76137	-0.260022	0.593889
-0.500196	-0.0962392	-0.860547
0.720384	0.415181	0.555582
0.97052	-0.0710015	-0.230324
-0.946261	-0.286739	0.149572
0.433172	0.889049	0.148168
-0.338418	0.812929	-0.47394
-0.597827	-0.649568	0.469748
-0.682378	-0.72978	-0.0422081
0.664591	0.484151	-0.569137
-0.944842	-0.131547	-0.299948
0.0792317	0.556154	0.827294
-0.870289	-0.481738	-0.102596
0.868772	-0.0574205	0.491871
0.173062	-0.0599362	0.983086
-0.442608	-0.888494	-0.121145
0.921642	0.323847	0.213773
0.573577	0.202338	-0.793769
-0.368729	0.644576	0.669746
-0.975083	-0.218962	-0.0356148
0.716945	0.692699	-0.0784724
-0.0200687	-0.430176	0.902522
0.0406215	0.169744	0.984651
-0.980865	-0.0941872	0.170388
-0.0416197	0.912043	-0.407978
-0.33884	-0.264571	0.902878
0.12795	0.98115	0.144824
-0.0381482	-0.79513	0.605238
-0.476426	0.787547	-0.390881
-0.27728	-0.935979	-0.216934
0.381625	0.0956914	-0.919351
0.913123	0.332626	0.235725
-0.338149	0.940664	-0.0283984
-0.791891	-0.599195	0.117787
-0.0848575	0.995225	-0.0482239
-0.647068	-0.564224	0.512791
-0.09076	-0.186041	-0.978341
0.988017	0.0439277	0.147962
-0.454254	0.0170289	-0.89071
-0.869758	0.493438	-0.00626738
0.294027	0.953728	-0.0628551
-0.417528	0.908663	-0.000882204
-0.371148	-0.28685	-0.883157
0.84009	0.338796	-0.423634
-0.880856	-0.461734	-0.104373
-0.628137	-0.77167	0.0998449
-0.543157	-0.668555	0.507952
0.643568	0.729354	0.232084
-0.859495	0.137879	0.492197
-0.605684	-0.674018	0.422902
0.472862	0.874957	-0.10417
-0.762194	0.22415	-0.607303
0.829686	-0.269826	-0.488687
0.155959	0.135402	0.978439
0.618192	0.759933	-0.200848
-0.667201	-0.744864	-0.0045143
0.396136	-0.583075	-0.709295
0.235004	0.965952	-0.108215
-0.659974	0.651532	0.374087
-0.380426	-0.921781	0.0748018
0.732284	0.0822125	0.676018
0.254622	-0.966477	-0.0329952
0.946399	-0.288826	-0.144597
-0.09074	-0.979349	0.180673
-0.304914	-0.1692	0.937229
0.396758	-0.430843	-0.810529
-0.405023	-0.687277	0.602998
-0.345217	-0.045191	0.937434
0.837837	0.108552	0.535019
0.148997	0.892384	0.425971
-0.798171	0.542216	-0.262537
-0.293481	-0.49283	0.819139
0.981465	-0.060348	0.181891
0.528929	-0.411509	0.742223
-0.0249025	-0.051264	0.998375
-0.946074	-0.175412	0.27235
0.269952	0.860205	0.432636
0.98429	0.121303	-0.128293
0.705908	0.127115	-0.696804
0.251941	-0.434261	-0.864837
0.326592	-0.738625	0.589721
-0.00604819	0.0786975	-0.99688
0.487994	-0.49421	-0.719457
0.551276	0.3944	0.735216
0.91844	0.310387	-0.245208
0.435153	-0.89582	0.0902657
0.591572	0.604225	-0.533812
-0.422054	0.123391	0.898134
-0.797133	0.552661	-0.243197
0.807901	-0.587476	0.0465583
-0.361352	0.907741	-0.213145
0.565203	-0.019041	0.824732
-0.283827	0.900643	0.329067
0.990209	0.0850892	-0.110663
0.860211	-0.492631	-0.131723
0.120952	-0.851066	-0.510938
-0.462856	0.538534	0.704092
0.855985	0.469755	-0.215918
-0.132307	-0.384336	-0.913663
-0.133832	0.8812	0.453405
-0.300622	-0.905872	-0.298366
-0.553504	0.793878	-0.251776
0.410725	-0.911402	0.0255218
0.136781	-0.630835	0.763766
-0.711547	0.283781	-0.642782
0.942569	-0.0673147	-0.327159
-0.380111	-0.488135	0.785646
-0.917878	0.389094	0.0781421
-0.58912	0.400261	-0.701946
0.417193	0.702466	0.576622
0.579295	0.497937	-0.645349
-0.676196	-0.649424	-0.347862
-0.273434	0.174301	-0.945967
-0.728462	-0.67609	0.110656
-0.561343	-0.737155	-0.37616
0.311648	0.828615	-0.465052
-0.529469	0.119014	-0.83994
-0.165863	-0.926776	-0.33701
0.923713	-0.351645	-0.151986
-0.0368526	0.880432	0.472737
-0.663019	-0.338808	0.667544
0.922396	-0.149975	-0.355939
0.964427	0.0519392	-0.259196
-0.811895	0.418332	-0.407217
-0.164952	-0.0587929	0.984548
-0.950028	-0.247952	-0.189649
-0.288992	0.707958	-0.644421
-0.944356	0.0781785	-0.3195
0.968888	-0.120778	0.216032
0.91158	0.40937	-0.0379141
-0.659873	-0.415661	0.625934
0.443671	-0.671754	0.593215
-0.87909	-0.475477	0.033508
0.36704	0.814638	-0.44905
-0.0169613	-0.644838	0.764131
0.307944	0.117052	0.944176
0.812997	-0.39518	0.427632
-0.404844	0.742156	-0.53414
-0.520855	-0.826214	-0.214663
0.292828	0.855752	0.426545
-0.863096	0.397611	0.311403
0.40074	-0.0137395	-0.916089
0.838687	-0.0943396	-0.53638
0.344563	0.10968	0.932334
-0.988469	0.145198	0.0429824
0.917323	-0.121516	0.379147
-0.458119	-0.858036	-0.232166
0.494124	0.0208159	-0.869142
0.666978	0.103789	0.737813
0.769226	0.221916	-0.599204
-0.631904	0.742642	0.221766
-0.20212	-0.97644	0.0755741
-0.784644	0.369047	-0.498135
0.0754375	-0.669951	-0.738563
-0.777705	0.462912	-0.425308
0.98337	0.0912453	-0.157027
0.480319	0.870696	0.105747
0.24891	-0.242447	-0.937691
-0.794141	-0.420295	0.438967
-0.353496	-0.865641	-0.354552
-0.273738	-0.884113	-0.378698
0.0204205	0.799096	-0.600856
-0.225406	0.663246	0.71365
-0.0403985	-0.957972	0.284002
0.340334	0.167062	-0.925345
0.375686	0.696857	0.610942
-0.0939083	-0.525233	-0.845761
-0.585493	-0.499074	-0.638845
-0.270563	-0.274563	0.922719
0.849926	0.0999737	-0.517331
0.553336	0.642794	0.529749
-0.843068	-0.461109	0.276793
-0.128486	0.673264	0.728153
-0.0707047	-0.989033	0.129672
0.59443	0.668846	-0.446428
0.450677	-0.830918	0.32629
