1000
-0.223795	0.336066	-0.914864
0.732343	0.0853105	0.675571
-0.573886	0.253899	-0.778582
0.844387	-0.349879	0.405703
-0.893473	-0.0801606	-0.441905
0.761638	-0.643632	-0.0751392
-0.84121	0.0713756	-0.535977
0.314355	-0.125308	0.940999
0.403003	-0.864737	0.299696
-0.850204	0.482284	-0.21108
-0.666865	0.604061	-0.43635
0.437236	-0.781181	0.445624
0.337158	-0.874306	0.349162
-0.424392	0.755357	-0.499326
-0.527309	0.412846	-0.742633
0.0275966	-0.758727	0.650824
0.470456	-0.550555	0.689608
-0.546488	0.517032	-0.658809
-0.859988	0.219198	-0.46084
0.883909	-0.216414	0.414571
0.331841	-0.606805	0.722266
-0.473696	0.452343	-0.755644
-0.812264	-0.282134	-0.510517
0.46556	-0.451439	0.761221
0.360117	-0.439912	0.822674
-0.85478	0.43104	-0.28906
-0.744053	0.597728	-0.298509
0.734559	-0.260691	0.626469
0.814608	-0.478322	0.328058
-0.875265	0.330324	-0.353266
-0.678642	0.238835	-0.694553
0.761307	-0.616288	0.201498
0.917727	0.134758	0.373654
-0.684335	0.322526	-0.653959
-0.885161	0.381539	-0.266305
0.583876	-0.0783997	0.808048
0.429061	-0.484028	0.762642
-0.682021	0.619116	-0.389285
-0.502474	0.347539	-0.791667
0.773696	-0.583828	0.246046
-0.529462	0.690223	-0.493216
0.56338	0.0683303	0.823368
0.778927	-0.596155	0.194607
-0.690241	0.115053	-0.714374
0.606798	-0.510383	0.609348
-0.840035	0.364706	-0.40166
-0.38818	0.653765	-0.649544
0.523669	-0.258948	0.811613
-0.518458	0.462757	-0.719067
0.808494	-0.506195	0.300172
0.481083	-0.710777	0.513181
-0.773449	0.56481	-0.287693
0.988033	0.134394	0.0756948
-0.968331	-0.0155383	-0.249185
-0.725252	0.58424	-0.364244
0.650973	-0.660199	0.374662
-0.786723	0.0249185	-0.616803
0.849729	0.0829863	0.520648
0.647616	-0.636682	0.418604
-0.826016	0.186131	-0.532026
0.83582	-0.386031	0.390364
-0.494067	0.72442	-0.480743
-0.469055	0.565215	-0.678616
0.520218	-0.754343	0.400426
-0.672903	0.602863	-0.42867
0.862823	-0.240458	0.444653
0.655808	-0.253478	0.711101
-0.636775	0.705438	-0.311246
0.684015	0.0523555	0.727587
-0.630762	0.0172523	-0.775784
-0.672301	0.194234	-0.714342
0.74476	-0.60026	0.291581
0.212344	-0.576216	0.789231
-0.675009	0.145331	-0.723355
-0.902776	0.371421	-0.216893
0.161971	-0.323916	0.932118
-0.29864	0.625074	-0.721177
0.870587	-0.475028	0.128166
0.403486	-0.121965	0.906821
0.390655	-0.27346	0.878982
-0.610502	0.424162	-0.66886
-0.545596	0.609086	-0.57562
0.33497	-0.674363	0.65805
-0.490357	0.191995	-0.85011
0.467061	-0.353009	0.810702
0.596557	-0.523459	0.608366
-0.114274	0.868101	-0.483055
-0.403133	-0.0819828	-0.911462
0.429886	-0.0506937	0.901459
-0.945021	0.25795	-0.200992
0.718864	-0.650453	0.245246
0.726588	-0.332549	0.601233
-0.490717	0.0466175	-0.870071
-0.76304	0.0605297	-0.643511
0.651336	-0.217002	0.727099
-0.744523	0.486232	-0.457453
0.781113	-0.285113	0.555493
0.748082	-0.449488	0.488194
-0.667411	0.531845	-0.521252
-0.814506	0.313627	-0.488076
0.524567	-0.588652	0.615075
-0.637819	0.2024	-0.743116
0.61641	-0.49555	0.611939
-0.514849	0.544893	-0.661832
0.607658	-0.319863	0.726939
-0.373558	0.337371	-0.864081
-0.36896	0.798027	-0.476467
0.251705	-0.731555	0.633619
-0.719554	0.266933	-0.641084
0.804641	-0.505109	0.312118
0.422148	-0.883831	0.201576
-0.499969	0.782907	-0.370254
0.0120364	0.322539	-0.94648
0.449148	-0.58389	0.676268
0.38217	-0.540093	0.749831
-0.467011	0.000536432	-0.884251
0.0346055	0.684983	-0.727737
0.391019	-0.659976	0.64151
0.266596	-0.581169	0.768875
-0.639889	0.243838	-0.728756
-0.367728	0.27555	-0.888171
0.744942	-0.646639	0.164071
0.916181	-0.274334	0.292152
-0.863633	-0.408702	-0.295129
-0.779006	0.546576	-0.307254
0.825511	-0.541448	0.159265
0.669406	-0.675844	0.308433
-0.815787	0.208795	-0.539349
0.343858	-0.322512	0.8819
-0.600247	0.688208	-0.407521
-0.396521	0.276132	-0.875513
0.887208	-0.461256	0.0102607
0.104257	-0.922971	0.37048
-0.606475	0.623509	-0.493381
-0.685525	0.578106	-0.442547
0.382455	-0.822691	0.420605
0.572824	-0.786798	0.229829
-0.46327	0.754499	-0.464879
-0.531929	0.763844	-0.365504
0.645844	-0.594052	0.479571
0.238623	-0.321702	0.916279
-0.76396	-0.0170217	-0.645039
-0.719301	0.638645	-0.273385
0.632836	-0.437534	0.638814
0.461255	-0.511445	0.725029
-0.328894	0.465682	-0.821565
-0.479648	0.407996	-0.776838
0.65738	-0.464356	0.593485
0.272722	-0.316207	0.908645
-0.609493	0.101179	-0.786308
-0.616937	-0.0537552	-0.785175
-0.667088	-0.112551	-0.736428
0.703742	-0.508949	0.495699
0.184982	-0.602538	0.776356
0.458107	-0.516409	0.723505
-0.644866	0.569867	-0.509314
-0.605667	0.47998	-0.634655
0.794487	-0.410101	0.447892
0.821797	-0.288087	0.491585
-0.539443	0.827668	-0.154815
-0.69639	0.283499	-0.659295
0.796433	-0.53376	0.284246
0.185341	-0.863359	0.469319
-0.581313	0.652697	-0.485862
-0.35084	0.738799	-0.575402
0.927732	-0.364377	0.0808922
0.673459	-0.605332	0.424296
-0.612913	0.675045	-0.410673
0.893949	-0.447366	0.0267972
-0.48829	0.715249	-0.499991
0.411321	-0.267239	0.871435
-0.654713	0.540397	-0.528509
0.432022	0.117156	0.894221
-0.79836	0.422195	-0.429387
-0.223211	-0.0358226	-0.974112
0.486987	-0.755698	0.437909
-0.794022	0.462677	-0.394282
0.838639	-0.36187	0.407105
0.547689	-0.752778	0.365186
-0.724041	0.556513	-0.407502
0.804515	-0.301196	0.511895
-0.485801	0.791501	-0.370841
-0.785847	0.61285	-0.0828179
0.89213	-0.423368	0.157684
0.620963	-0.658697	0.42488
-0.4976	0.612058	-0.614638
-0.753383	0.455097	-0.474659
0.816744	-0.481338	0.318187
0.688734	-0.630234	0.358399
-0.479418	0.711095	-0.514297
-0.660476	0.375235	-0.650362
0.581482	-0.693236	0.425795
0.633359	-0.530017	0.56386
-0.923669	0.268554	-0.273338
-0.467489	0.738887	-0.485283
0.529466	-0.542262	0.652393
0.327408	-0.859893	0.391649
-0.63632	0.538283	-0.552583
-0.761214	0.624997	-0.173009
0.738895	-0.564253	0.368311
0.595033	-0.734542	0.326166
-0.750203	0.58456	-0.309006
-0.703745	0.515066	-0.489336
0.679942	-0.692026	0.242443
0.487514	-0.738765	0.465357
-0.740419	0.507659	-0.440524
-0.691584	0.568413	-0.445665
0.381456	-0.467499	0.797456
0.735127	-0.524478	0.429548
-0.681828	0.320967	-0.657336
-0.924764	0.362761	-0.114961
0.183876	-0.534513	0.824916
0.436233	-0.67195	0.598484
-0.740306	0.18148	-0.647312
-0.443904	0.521492	-0.728694
0.874424	-0.432771	0.2193
0.622885	-0.26818	0.734911
-0.864619	0.149853	-0.479561
-0.759989	0.530259	-0.375823
0.85637	-0.505565	0.105045
0.846265	0.0918432	0.524786
-0.458001	0.888252	0.0352537
-0.913583	0.38593	0.12816
0.86938	-0.430634	-0.242349
0.101329	-0.729739	0.676175
-0.710509	0.428287	-0.558343
-0.802941	0.318088	-0.504089
0.673474	-0.349441	0.651401
0.844309	-0.0833425	0.529335
-0.609636	0.154343	-0.77751
-0.799509	0.385588	-0.46055
0.752963	-0.371548	0.543138
0.490621	-0.711543	0.502988
-0.609469	0.792473	-0.0231018
-0.601399	0.625134	-0.497521
0.705727	-0.539397	0.459347
0.455413	-0.785375	0.419268
-0.8707	0.0522196	-0.489033
-0.840112	0.541705	0.0277116
0.813993	-0.576079	0.0744927
0.727026	-0.45796	0.511572
-0.939214	0.249219	0.236151
0.762645	-0.621984	0.177505
-0.838605	0.390017	-0.380301
0.632755	-0.706142	0.317782
-0.214861	0.804906	-0.553138
0.829264	-0.521673	0.200444
-0.879682	0.475415	-0.0118188
0.234457	-0.532708	0.813174
-0.696974	0.476523	-0.535867
0.218077	-0.843391	0.491054
-0.0732766	0.696769	-0.713543
-0.163955	0.917684	-0.361904
0.670066	-0.440942	0.597145
0.303605	-0.606485	0.734847
-0.643076	0.331605	-0.690284
-0.864068	0.454384	-0.216614
0.802652	-0.46827	0.369423
0.684709	0.199734	0.700914
-0.893939	0.0917413	-0.438698
-0.456821	0.295892	-0.838906
-0.106119	-0.773411	0.624959
0.814499	-0.270943	0.513013
-0.189764	0.295734	-0.936232
-0.430095	0.5284	-0.731992
0.513013	-0.85292	-0.0966683
0.598047	-0.582928	0.550032
-0.449704	0.0574767	-0.891327
0.778831	-0.176519	0.601883
-0.659801	0.0565991	-0.749306
0.56964	-0.565018	0.59688
-0.412723	0.53922	-0.734099
0.633375	-0.765929	-0.110399
-0.925058	0.370234	-0.0848154
-0.767261	0.609603	-0.199235
0.627967	-0.327154	0.706135
0.9332	-0.331713	-0.13822
-0.756634	0.453852	-0.470662
0.567966	-0.822885	-0.0165681
-0.697755	0.548859	-0.460317
-0.443132	0.684497	-0.578876
0.60378	-0.254099	0.755568
-0.722772	0.598213	-0.346037
0.6146	0.060223	0.786537
0.39122	-0.90425	0.171109
-0.730209	0.513095	-0.451141
0.6158	-0.456808	0.641963
-0.246926	0.448634	-0.858927
-0.625994	0.0133519	-0.779713
0.0520256	-0.563976	0.824151
-0.856872	0.416196	-0.304223
0.4918	-0.631219	0.599746
0.716483	-0.614733	0.329782
-0.491946	0.76911	-0.407994
0.586904	-0.549869	0.594296
-0.395911	0.389332	-0.83167
-0.361626	0.404246	-0.840126
0.349107	-0.598169	0.721331
-0.613139	0.548988	-0.568043
-0.0658153	-0.600772	0.796707
0.917337	-0.347388	0.194457
-0.566369	0.523147	-0.636823
0.495349	-0.29007	0.818834
0.233883	0.428944	-0.872528
-0.535961	0.66465	-0.520564
0.704739	-0.550431	0.447626
-0.732209	0.0263939	-0.680568
0.651021	-0.3557	0.670559
0.665217	-0.5329	0.522976
-0.830375	0.177615	-0.528139
-0.694758	0.548435	-0.465329
0.499129	-0.571517	0.651336
0.81925	-0.390037	0.420357
-0.493992	0.757252	-0.427248
-0.788663	0.337513	-0.513902
0.860186	-0.509557	0.0207803
0.234218	-0.821416	0.520016
-0.136052	0.982358	-0.128304
-0.671324	0.725846	0.149906
0.859439	-0.455163	0.232791
0.746593	-0.500336	0.438478
-0.508699	0.397172	-0.763859
-0.759878	0.503937	-0.410649
0.779257	-0.622891	-0.069025
0.601668	-0.458338	0.654157
-0.846418	0.516834	-0.128296
-0.457217	0.752183	-0.474524
0.937113	-0.348232	0.0235426
0.730943	-0.663285	0.160549
-0.259708	0.799789	-0.541193
-0.555526	0.452029	-0.697897
0.66595	-0.375134	0.644814
0.413918	-0.743964	0.524585
-0.411828	0.426503	-0.805291
-0.797237	0.136076	-0.58813
0.692398	-0.547885	0.469475
0.497121	-0.371907	0.783936
-0.375542	0.458669	-0.805351
-0.713921	0.159657	-0.681782
0.40957	-0.260364	0.874336
0.663938	-0.455693	0.5929
-0.385176	0.319465	-0.865784
0.648007	-0.546492	0.530504
-0.632871	0.612297	-0.473885
-0.845016	0.513643	-0.148723
0.785398	-0.536186	0.309282
-0.279278	0.752399	-0.596573
0.47583	-0.685926	0.550537
0.75402	-0.604279	0.257489
-0.560456	0.660633	-0.499453
-0.804777	0.336514	-0.48897
0.870004	-0.195416	0.452665
0.69582	-0.0746066	0.714331
-0.599691	0.208637	-0.772555
-0.91027	0.123558	-0.395148
0.459565	-0.450001	0.765701
0.627997	-0.463749	0.624945
-0.351915	0.32779	-0.876761
-0.522466	0.737454	-0.428008
0.124852	-0.723876	0.678539
0.802234	-0.214931	0.556978
-0.487069	0.567967	-0.663459
-0.590842	0.720831	-0.362364
0.349246	-0.731789	0.585245
0.0408182	-0.927636	0.371249
-0.553768	0.420958	-0.718426
0.750867	-0.406362	0.520643
-0.598659	0.215043	-0.771599
-0.831876	0.25224	-0.494325
0.770107	-0.196124	0.607018
-0.50688	0.823945	-0.253353
0.550881	-0.754874	0.355944
-0.516785	0.505476	-0.690961
0.715016	-0.421806	0.557523
-0.65201	0.429112	-0.625096
-0.90325	0.231022	-0.361618
0.991655	0.000519636	0.12892
0.507738	-0.589294	0.628439
-0.949888	0.243344	-0.196205
0.772264	0.298266	0.560933
-0.614157	0.704071	-0.356504
-0.746576	0.583689	-0.319267
0.843452	-0.443926	0.302521
0.387733	-0.291365	0.874511
-0.704154	0.695816	-0.141446
0.322069	-0.229386	0.918506
-0.389791	0.813621	-0.431374
-0.196857	0.396738	-0.896575
0.292213	-0.221455	0.93036
0.449968	-0.869013	0.205778
-0.918526	0.378293	-0.114912
0.878507	-0.269841	0.394222
-0.647184	0.132534	-0.750725
-0.446577	0.40282	-0.79894
0.485763	-0.304401	0.819374
0.598838	-0.79961	-0.0449133
0.767744	-0.629149	0.121408
-0.515902	0.63087	-0.579524
-0.279933	0.749825	-0.599499
0.51549	-0.528374	0.674604
0.492487	-0.588711	0.640996
-0.76926	0.493819	-0.405439
-0.654184	0.614764	-0.440577
0.731603	-0.546098	0.408085
0.855053	-0.458243	0.242687
-0.600491	0.507089	-0.618281
-0.335482	0.812911	-0.476054
0.286743	-0.927333	0.240483
0.790642	-0.522743	0.318789
-0.681991	0.658991	-0.317204
-0.576498	0.710946	-0.402747
0.590334	-0.422501	0.687749
0.596657	-0.760156	0.257223
-0.525457	0.388665	-0.756858
-0.844132	0.396406	-0.360976
0.433937	-0.787197	0.438201
0.94038	-0.270085	0.206735
-0.736191	0.539313	-0.408857
0.250372	-0.897297	0.363555
-0.855672	0.459677	-0.237744
-0.104772	0.728994	-0.676454
0.349095	-0.292617	0.890229
-0.371667	0.753649	-0.542104
0.356193	-0.796575	0.488463
0.780447	-0.274469	0.561755
-0.581427	0.522885	-0.623324
0.777883	-0.56312	0.278916
-0.589283	0.676669	-0.441434
0.350501	-0.657549	0.666916
-0.6225	0.647694	-0.439302
0.718613	-0.597909	0.355105
-0.706601	0.373629	-0.600929
-0.741925	0.18536	-0.644351
0.691146	-0.558191	0.459064
0.664309	-0.204061	0.719064
-0.870036	0.39066	-0.300705
-0.841911	0.374612	-0.388396
0.626103	-0.192514	0.755602
0.843104	-0.217791	0.491673
-0.659205	0.122981	-0.741838
-0.551374	0.647882	-0.525581
0.378431	-0.835621	0.398156
-0.0692531	-0.894623	0.441422
-0.776028	0.607926	-0.16795
-0.103531	0.994577	-0.00991533
-0.0960594	0.701249	-0.706415
0.628049	-0.611257	0.481581
0.614435	-0.238085	0.752187
0.386315	-0.796608	0.464947
-0.611436	0.307659	-0.729035
-0.926729	0.306318	-0.217585
0.938223	-0.327741	0.111009
-0.490387	0.510311	-0.706473
0.721991	-0.514309	0.462833
-0.597916	0.266396	-0.755996
0.621336	-0.703315	0.345385
-0.678487	0.693855	-0.24129
0.868052	-0.337101	0.364484
-0.672192	0.61621	-0.410418
0.885687	0.116977	0.449305
0.561809	-0.746137	0.357282
-0.286617	0.87519	0.389735
-0.7168	0.34387	-0.606591
0.441264	-0.440456	0.781847
0.744727	-0.569834	0.347377
-0.647817	0.666386	-0.369138
-0.108237	0.406119	-0.907388
0.603923	-0.602063	0.5223
0.34558	-0.763542	0.545507
-0.750142	0.436853	-0.496433
-0.796285	0.417955	-0.437314
0.658659	-0.695023	0.28829
0.334816	-0.480868	0.810348
-0.688571	0.418135	-0.59248
-0.699538	0.695701	-0.163237
0.0528544	-0.79229	0.607851
0.819115	-0.529357	0.22098
-0.469311	0.743375	-0.476593
-0.601471	0.294716	-0.742547
0.261001	-0.791496	0.552641
0.570199	-0.751576	0.331673
-0.332981	0.877428	-0.345316
-0.706497	0.704156	-0.0708964
0.444179	-0.398489	0.802441
0.766242	-0.391661	0.509386
-0.663581	0.476988	-0.576318
-0.542178	0.720211	-0.432826
0.605411	-0.426485	0.672003
0.897201	-0.28041	0.341175
-0.63514	0.77238	-0.00512552
-0.522538	0.767273	-0.371815
0.336831	-0.626493	0.702888
0.642958	-0.667619	0.375354
-0.441093	0.654893	-0.613639
-0.661382	0.491212	-0.566819
0.339166	-0.530578	0.776823
0.451374	-0.51107	0.731484
-0.174448	0.869755	-0.461621
-0.616094	0.444847	-0.650031
0.537152	-0.389102	0.748377
0.546752	-0.555731	0.626279
-0.259162	0.67529	-0.690521
-0.410722	0.494953	-0.765721
0.46415	-0.636322	0.616165
0.18654	-0.774559	0.604368
-0.485824	0.0261582	-0.873665
-0.482894	0.505254	-0.715214
0.603725	-0.391355	0.694519
0.461264	-0.476393	0.748522
-0.342236	0.671979	-0.656748
-0.384011	0.747229	-0.542387
0.550744	-0.682381	0.480663
0.47294	-0.360731	0.803866
-0.415003	0.648274	-0.638368
-0.956146	0.236638	-0.172588
0.912857	-0.390005	0.120784
-0.787716	0.44804	-0.422805
0.388563	-0.686879	0.614179
0.733581	-0.459991	0.500267
-0.670642	0.709352	-0.216932
0.727189	-0.414539	0.547133
-0.592431	0.702279	-0.394753
-0.00130882	0.255826	-0.966722
0.831634	-0.223665	0.508289
-0.13449	0.528496	-0.838215
0.28018	-0.564246	0.776612
0.5774	-0.58659	0.56791
-0.657133	0.497459	-0.566313
0.459312	-0.65594	0.598979
-0.411651	0.624927	-0.663332
-0.761555	0.460217	-0.456327
0.438329	-0.768872	0.465514
-0.398609	0.495327	-0.771856
0.382806	-0.666607	0.639605
0.755808	-0.531424	0.382548
-0.587296	0.79882	-0.130268
0.734183	-0.530819	0.423329
-0.795203	0.604108	-0.0520229
-0.370771	0.543574	-0.753031
0.713973	-0.195327	0.672376
-0.275306	0.873789	-0.400872
0.650438	-0.39375	0.649532
0.754907	-0.28067	0.592738
-0.417463	0.579153	-0.700218
0.840759	-0.476176	0.257646
-0.720944	0.619959	-0.309662
-0.570458	0.783193	-0.247356
0.593872	-0.677122	0.434536
0.570815	-0.370528	0.73272
-0.62846	0.516666	-0.581459
0.364348	-0.528105	0.767043
-0.329837	0.844136	-0.42266
0.350257	-0.813504	0.464253
-0.8447	0.373243	-0.38363
0.832512	0.121156	0.540597
-0.818351	0.113754	-0.563348
-0.717432	0.631434	-0.294248
0.33014	-0.664872	0.670039
0.19324	-0.691183	0.696365
0.138648	0.655263	-0.742568
-0.573106	0.419376	-0.704041
0.241607	-0.567229	0.787323
-0.0587507	-0.827197	0.558832
-0.581446	0.800337	-0.146222
-0.583602	0.57754	-0.570838
0.280305	-0.860463	0.42548
0.552763	-0.229793	0.80103
-0.720152	-0.0125496	-0.693703
-0.872799	0.485796	-0.0471531
0.900805	-0.227896	0.369614
0.854263	-0.469758	0.222626
-0.859962	0.509541	0.0288563
-0.438736	0.562449	-0.700829
0.633056	-0.766171	0.11055
0.819545	-0.377379	0.431197
-0.525021	0.83891	-0.143466
-0.0698082	0.737267	-0.671985
0.10145	-0.489797	0.865914
0.117542	-0.708692	0.695658
-0.656026	0.546685	-0.520351
-0.200605	0.680485	-0.704767
0.518078	-0.463062	0.719145
0.791075	-0.50243	0.348947
-0.400065	0.757515	-0.515868
-0.323236	0.69412	-0.643207
0.600905	-0.363519	0.711876
0.275414	-0.3581	0.892139
-0.230616	0.972015	0.0447571
-0.822323	-0.168053	-0.543638
0.840333	-0.113802	0.529991
0.724718	-0.679553	0.113979
-0.985864	0.131528	-0.103789
-0.57897	0.259616	-0.772912
0.385175	-0.721685	0.575161
0.389972	0.0507902	0.919425
-0.589404	0.666742	-0.456134
-0.702507	0.686925	0.186057
0.661816	-0.731654	0.163348
0.525648	-0.609081	0.593898
-0.991733	-0.0213539	-0.126533
-0.837478	0.537992	-0.0958978
0.483987	-0.698168	0.527559
0.736095	-0.0575046	0.674431
-0.829768	-0.0604989	-0.554819
-0.73841	0.56669	-0.365532
0.57513	-0.424911	0.699053
0.468488	-0.676189	0.568584
-0.537352	0.593908	-0.598771
-0.245255	0.937492	-0.246899
0.936092	0.129402	0.327089
0.521687	-0.688852	0.503314
-0.611063	0.261884	-0.747007
-0.966726	-0.166827	-0.193931
0.694562	-0.518768	0.498461
-0.621478	0.595497	-0.509066
0.965685	-0.246144	0.0828635
-0.692699	0.670007	-0.266943
0.0697163	-0.925072	0.373338
-0.599138	0.652262	-0.464315
0.844657	-0.459695	0.274291
-0.780542	0.440755	-0.443271
0.865654	-0.00717589	0.500591
0.807381	-0.18651	0.559777
-0.16145	-0.0784781	-0.983756
-0.720417	0.431397	-0.543043
-0.732931	0.396412	-0.552874
-0.17201	-0.130535	0.976408
0.773254	-0.537523	0.336375
0.355144	-0.774763	0.523082
-0.19663	0.900992	-0.386716
-0.367884	0.533525	-0.761586
0.146009	-0.163608	0.975661
0.489833	-0.700948	0.518397
-0.424691	0.145567	-0.893559
-0.385378	0.813675	-0.435221
0.251599	-0.697275	0.671198
0.722048	-0.293559	0.626474
-0.465082	0.885145	-0.014745
-0.571203	0.203647	-0.795145
0.795365	-0.584834	0.159261
0.6846	-0.0701413	0.725536
-0.733756	0.590678	-0.335709
0.850448	-0.509808	-0.129743
-0.918229	0.320825	-0.232222
0.708899	-0.680931	0.183833
-0.821547	0.539009	-0.185821
0.376578	-0.656085	0.654019
-0.547313	0.686179	-0.479173
-0.773856	0.578893	-0.256962
0.360511	-0.847263	0.390099
-0.78943	0.422041	-0.445737
0.463756	-0.498622	0.732329
0.87355	-0.468276	0.132773
-0.948436	0.19604	-0.249075
0.885156	-0.0386128	0.46369
-0.781143	0.260384	-0.567464
-0.636325	0.61497	-0.465728
0.493348	-0.865131	0.09031
0.695425	-0.364846	0.619089
-0.829264	0.472469	-0.298486
-0.821463	0.50587	-0.263238
0.642833	-0.496767	0.583085
0.690337	-0.666137	0.282305
-0.719241	0.656697	-0.226807
-0.65139	0.53963	-0.533377
0.382823	-0.835371	0.394465
0.961658	-0.0286039	0.272756
-0.824324	0.283509	-0.490014
-0.61384	0.615713	-0.494063
0.942829	-0.091772	0.320393
0.534085	-0.50003	0.681706
-0.561009	0.44773	-0.696281
-0.5991	0.449866	-0.662344
0.673652	-0.561329	0.480732
0.799977	-0.319566	0.507853
-0.549587	0.161039	-0.819769
-0.618044	0.531958	-0.578829
-0.691575	0.63671	-0.341065
0.530541	-0.462619	0.710289
0.727073	-0.414083	0.547631
-0.275158	0.184628	-0.943505
0.332964	-0.541824	0.771726
-0.472573	0.568519	-0.673395
-0.664119	0.309581	-0.680519
0.748515	-0.399298	0.529421
0.409807	-0.662424	0.627099
-0.282364	0.503783	-0.816378
0.808139	-0.210583	0.550061
-0.0794551	0.161768	-0.983625
-0.136322	0.324192	-0.936118
-0.0982878	-0.661876	0.743141
0.35983	-0.326862	0.87389
-0.311963	0.718632	-0.621488
0.804344	-0.108269	0.584217
-0.900547	0.208535	-0.381481
-0.516695	0.577783	-0.631817
0.158911	-0.714542	0.681305
0.429372	-0.557041	0.710876
-0.68023	0.252945	-0.687972
0.782703	-0.319727	0.533996
-0.831241	0.502519	-0.237723
0.757335	-0.498248	0.422128
-0.305948	0.583721	-0.752107
0.238203	-0.260523	0.935621
0.668903	-0.310308	0.675483
-0.874491	-0.179189	-0.450729
0.592286	-0.524513	0.611624
-0.777719	0.603342	-0.176443
-0.66038	0.206273	-0.722046
0.643643	-0.505832	0.574332
0.6805	-0.699294	0.218878
-0.0328046	0.755967	-0.653788
-0.432452	0.603085	-0.670279
0.752886	-0.547487	0.365267
0.234622	-0.427448	0.873064
-0.134569	0.932235	-0.335899
-0.413341	0.623243	-0.663865
0.525779	-0.289487	0.799846
0.0590684	-0.995348	0.0761158
-0.322497	0.576687	-0.750618
-0.669217	0.521596	-0.529232
0.895989	0.0821232	0.436417
0.726901	-0.511038	0.458754
-0.875116	0.0930293	-0.474888
-0.322914	0.939632	-0.113219
0.483374	-0.752738	-0.446918
-0.952013	0.207837	-0.224666
0.944424	-0.13978	0.297531
0.766776	-0.322837	0.554825
-0.907729	0.0647762	-0.414525
0.312735	-0.661721	0.681412
-0.536351	0.555601	-0.635322
-0.536245	0.607443	-0.58605
0.65637	-0.566658	0.498074
0.583823	-0.669249	0.459625
-0.619762	0.421227	-0.662166
-0.833911	0.517303	-0.192329
0.698274	-0.590722	0.404304
0.425244	-0.874435	0.233518
-0.427491	0.901514	-0.0672664
-0.501711	0.724676	-0.472368
0.617094	-0.612572	0.493913
0.800335	-0.152621	0.579803
-0.99557	0.0216853	-0.0914872
-0.442501	0.336188	-0.831367
0.809723	-0.491505	0.32058
0.418094	-0.609175	0.673871
-0.484423	0.858438	-0.168578
-0.785198	0.181999	-0.591896
0.461975	-0.581108	0.669994
-0.548652	0.786985	-0.282196
0.41486	-0.571922	0.70767
0.450679	-0.743783	0.493635
-0.591233	0.777502	-0.214322
0.714487	-0.389397	0.581272
-0.766691	0.640322	0.0466049
-0.797186	0.515931	-0.313544
0.637986	-0.641277	0.426308
-0.281127	0.764563	-0.580009
0.55352	-0.488481	0.674538
0.828647	-0.553332	0.0846618
-0.606588	0.436298	-0.664602
0.851797	-0.452947	0.263212
-0.863167	0.368562	0.345117
-0.534434	0.844555	0.0332644
0.692229	-0.134792	0.708978
-0.695181	0.710072	-0.111899
0.906945	-0.160234	0.389583
0.618609	-0.734859	0.278038
-0.808482	0.381494	-0.448128
0.387233	-0.448234	0.80569
-0.42855	0.37823	-0.820541
-0.445333	0.486769	-0.751488
0.270853	-0.195295	0.942602
-0.646172	0.245612	-0.72259
0.549474	-0.154913	0.821024
0.289735	-0.413479	0.863185
-0.248183	0.782701	-0.570776
0.771635	-0.487866	0.408125
-0.448928	0.344656	-0.824424
-0.410812	0.862109	-0.296651
0.452352	-0.460506	0.763748
-0.825883	0.298317	-0.47846
0.719933	-0.691891	-0.0546086
0.427523	-0.835825	0.344413
-0.232636	0.248553	-0.940267
-0.90134	0.370062	-0.225033
0.565824	-0.330389	0.755437
0.355535	-0.432791	0.828424
-0.737986	0.0267384	-0.674286
-0.507167	0.428352	-0.747861
0.868519	-0.150845	0.472144
0.627096	-0.187825	0.755958
-0.489736	-0.000887306	-0.87187
-0.64288	0.674599	-0.362797
0.0234524	-0.813176	0.581545
0.475107	-0.436714	0.763907
-0.48972	0.593966	-0.638263
-0.294848	0.831928	-0.470064
0.145932	-0.945914	0.289744
0.56869	-0.684606	0.455967
-0.808512	0.569798	-0.147099
-0.459866	0.849161	0.259709
0.547295	-0.821888	0.158013
0.636761	-0.692435	0.33922
-0.681226	0.621145	-0.38744
-0.494389	0.748089	-0.442654
0.783781	-0.173256	0.59638
0.526444	-0.221131	0.82095
-0.64771	0.745505	-0.157146
0.0650753	0.211173	-0.97528
0.718786	-0.20122	0.665476
0.42001	-0.763498	0.490573
-0.918001	0.347262	-0.191529
-0.248893	0.700332	-0.669019
0.376069	-0.855775	0.355275
-0.718633	0.658932	-0.222206
0.845802	0.0118776	0.533365
-0.738167	0.312591	-0.597826
0.892094	-0.412623	0.184149
-0.689161	0.724443	0.0154793
0.852035	-0.482089	0.204027
0.806325	-0.418909	0.417559
-0.801695	0.54512	-0.245213
0.405705	-0.699215	0.588645
-0.482344	0.370396	-0.79382
0.235766	-0.698296	0.675868
-0.491819	0.870235	-0.0283728
0.576636	-0.713593	0.397839
-0.8756	0.42658	-0.226616
0.515715	-0.730571	0.447553
-0.802293	0.237425	-0.547682
-0.591954	0.802485	-0.0748828
0.805382	-0.494254	0.32722
0.689681	-0.708304	0.150482
-0.521163	0.732951	-0.437233
-0.553091	0.565739	-0.61158
0.293864	-0.68038	0.671362
0.609382	-0.469665	0.638802
-0.798593	0.322296	-0.508306
-0.628981	0.538358	-0.560851
0.671898	-0.714923	0.193487
0.554839	-0.666959	0.497312
-0.772084	0.469478	-0.428342
-0.693876	0.411058	-0.591242
0.838636	-0.198144	0.507374
0.366042	-0.848991	0.381087
-0.549459	0.728767	-0.408647
-0.648235	0.472841	-0.596836
0.668611	-0.71892	0.190035
0.748239	-0.23515	0.620357
-0.618887	0.193678	-0.761227
-0.505832	0.762266	-0.403838
0.819226	-0.4741	0.322643
0.549365	-0.520513	0.653654
-0.461885	0.676222	-0.573922
-0.744853	0.242898	-0.621446
0.383342	-0.741339	0.550877
0.650427	-0.662459	0.371609
-0.668667	0.681712	-0.296905
-0.881936	0.0740152	-0.465522
0.576458	-0.411948	0.705688
0.453133	-0.765493	0.456827
-0.291294	0.50076	-0.815099
-0.813269	0.219763	-0.538793
0.508614	-0.505546	0.696947
0.664423	-0.138189	0.73447
-0.417858	0.0981365	-0.903197
-0.37144	0.621926	-0.689377
0.514541	-0.64676	0.562982
0.691741	0.177173	0.700074
-0.196551	0.52192	-0.83004
-0.61161	0.599553	-0.516207
0.406601	-0.580176	0.705742
0.49083	-0.78759	0.372541
-0.208597	0.88656	-0.412915
-0.208456	0.858229	-0.469031
0.429573	-0.885643	0.17636
0.139221	-0.818012	0.558099
-0.385395	0.514598	-0.765937
-0.562227	0.759482	-0.327242
0.697244	-0.714784	0.0541667
0.446197	-0.76231	0.468819
-0.405128	0.913105	0.0459411
-0.825782	0.23505	-0.512674
0.230567	-0.92957	0.287644
0.688639	-0.547486	0.475433
-0.424858	0.657876	-0.621849
-0.786372	0.514441	-0.342007
0.706331	-0.471027	0.528422
0.563318	-0.624803	0.540642
-0.542727	0.82109	-0.1768
0.732692	-0.630407	0.256416
-0.365709	0.883525	-0.292644
-0.462695	0.574916	-0.674822
0.57066	-0.458444	0.681305
-0.698528	0.405692	-0.589469
0.490527	-0.806776	0.329386
0.893831	-0.437612	0.0977871
-0.685657	0.346753	-0.640028
0.401404	-0.473925	0.783754
-0.70957	0.0805891	-0.700012
0.77544	-0.534472	0.336202
-0.514256	0.49104	-0.70315
0.780909	-0.491175	0.385911
-0.320577	0.28795	-0.902394
-0.800755	0.517214	-0.302127
0.587449	-0.777513	0.224451
0.919307	-0.27664	0.279902
-0.548886	0.156545	-0.821107
-0.452948	0.561859	-0.692209
0.521541	0.0663817	0.85064
0.741234	-0.443039	0.504271
-0.846103	0.216489	-0.487075
-0.777205	0.157947	-0.609102
0.725046	-0.556297	0.406007
0.812676	-0.0729238	0.578134
-0.706739	0.0876835	-0.702019
-0.616775	0.618504	-0.486869
-0.702762	0.543267	-0.459334
0.137927	-0.744818	0.652857
0.394389	-0.797647	0.456308
0.497697	-0.629812	0.596351
-0.579805	0.450998	-0.678548
-0.0343776	0.868278	-0.494885
0.741862	-0.670114	-0.0242254
0.308763	-0.885652	0.346822
-0.626849	0.750229	-0.210277
-0.394325	0.671852	-0.626995
0.695299	-0.432231	0.574226
0.385404	-0.858896	0.337286
-0.714682	0.282544	-0.639843
-0.864971	0.448751	-0.224605
0.821382	-0.520166	-0.234005
0.91276	-0.401768	-0.0738404
-0.819795	0.28918	-0.494278
-0.72611	0.449854	-0.519995
0.974703	-0.221276	0.0314866
0.797606	-0.20751	0.566361
-0.892504	-0.101068	-0.439569
-0.479483	0.834523	-0.271418
0.0563146	-0.985626	0.159278
0.658056	-0.71659	0.231216
-0.0386567	0.703069	-0.71007
0.518641	-0.821874	0.235658
-0.612818	0.720087	-0.325466
-0.735347	0.272682	-0.62041
0.666884	-0.597273	0.445568
0.320867	-0.856945	0.403347
-0.641925	0.704537	-0.302589
-0.5564	0.780641	-0.284636
0.306521	-0.390273	0.868178
0.969948	-0.221559	0.100564
-0.722715	0.28658	-0.628932
-0.774494	0.513097	-0.369987
0.328517	-0.759656	0.561248
0.418746	-0.739816	0.526615
-0.507546	0.616081	-0.602363
-0.531971	-0.179193	-0.827585
0.771353	-0.392407	0.50103
0.313896	-0.276063	0.908437
-0.697375	0.457882	-0.551373
-0.796442	0.573312	-0.192335
0.564542	-0.501446	0.655625
-0.882977	0.430728	-0.186616
0.836936	-0.474398	0.27292
0.609381	-0.306693	0.73116
-0.665941	0.469824	-0.579472
0.388756	-0.45003	0.803954
-0.908159	-0.140206	-0.394449
0.693839	-0.129844	0.708328
-0.275176	0.398762	-0.874795
0.779996	-0.114477	0.615225
0.903363	-0.0998151	0.4171
-0.591445	-0.118611	-0.797574
-0.186365	0.841939	-0.506367
0.39309	-0.502049	0.770342
-0.913402	0.040374	-0.405051
0.687081	-0.260911	0.678119
0.877205	-0.271918	0.395693
-0.642716	0.125338	-0.755782
-0.539499	0.50301	-0.67522
0.206809	-0.580213	0.787771
-0.564201	0.238648	-0.790395
0.178736	-0.709725	0.681427
0.679791	-0.453349	0.576506
0.353207	0.507111	-0.786183
0.0666159	0.367726	-0.927545
0.792489	-0.123077	0.597338
-0.460576	0.461847	-0.758002
0.552989	-0.572776	0.605087
0.0559451	-0.572131	0.818252
-0.372892	0.645718	-0.666333
-0.93918	0.337176	-0.0652176
-0.59185	0.365581	-0.718376
0.944573	-0.276582	0.176874
-0.909505	-0.170334	-0.379194
0.666373	-0.530363	0.524082
0.706882	-0.189607	0.681445
-0.86148	0.506063	-0.0418522
