2048
0.191666	-0.144456	0.970771
0.0763317	0.65915	-0.748127
0.773616	-0.62993	-0.0686007
-0.417506	0.849508	0.322529
-0.254604	-0.636699	0.727868
-0.544054	0.324615	-0.773712
0.476557	-0.821707	-0.312556
-0.533631	0.843239	-0.0646978
-0.600365	-0.134737	-0.788294
0.214201	-0.78722	0.578275
0.310287	-0.944995	-0.103469
-0.641521	0.698568	-0.316944
0.944926	0.163035	-0.283786
0.0158525	-0.918512	-0.395076
0.518195	-0.694443	-0.499222
-0.671158	0.696726	0.25322
0.954335	0.296758	-0.0343473
0.441756	-0.597593	-0.669129
0.439547	-0.867934	-0.231278
-7.56783e-05	0.848756	0.528785
0.409506	-0.362486	0.837203
0.538404	0.482844	0.69064
0.814625	-0.38894	-0.430247
-0.196368	0.822261	0.534159
0.406521	-0.75974	0.50748
0.262059	0.391845	-0.88192
0.469091	-0.655804	-0.591503
-0.638936	0.757053	-0.136497
0.484263	0.841881	-0.238174
0.371923	0.914465	0.15946
0.496013	-0.799915	-0.337798
-0.300429	0.934673	0.190076
0.738069	0.518156	0.432167
-0.685864	-0.00505535	-0.727712
0.410136	-0.640584	-0.649185
-0.928469	0.20171	0.311863
-0.431773	-0.90065	-0.0490141
0.536736	-0.245503	0.807244
0.53436	-0.845215	0.00849375
-0.729143	0.667663	0.150255
0.950507	-0.224311	0.214989
-0.666346	-0.552526	0.500697
0.830123	-0.47869	-0.285923
-0.760442	0.604204	0.238044
-0.484809	-0.838002	-0.250426
0.641655	-0.537253	0.547392
-0.213852	-0.944299	-0.250133
-0.446626	0.892196	-0.0671659
-0.0452835	-0.80354	0.593525
0.464407	0.657446	0.593373
0.510981	-0.859591	0.00127448
-0.596287	0.789684	-0.144367
-0.525366	-0.476023	-0.705261
-0.284348	0.730711	-0.620651
0.888314	-0.454384	-0.0665888
-0.45467	0.761407	0.462097
0.832955	0.44778	0.325083
0.706205	-0.698696	0.11445
0.30066	-0.208901	-0.930572
-0.773582	0.633629	0.00916133
-0.0881434	0.121025	-0.988728
0.185612	0.979344	0.0802107
0.814439	-0.579497	0.0295548
-0.380677	0.896044	0.228452
-0.876036	-0.17755	0.448371
0.314731	-0.512163	-0.799146
0.104353	-0.946052	-0.30675
-0.088592	0.994085	0.0628209
0.819389	0.573005	0.0163689
0.53275	-0.714071	-0.454181
-0.309529	-0.728234	0.611447
-0.64508	0.742055	0.182278
-0.830994	-0.533831	-0.156437
0.0221748	0.977073	-0.211749
0.672645	-0.640192	0.371085
-0.727108	0.552473	-0.407539
0.756903	-0.181921	0.627696
0.374142	0.899663	0.224997
0.69812	-0.494753	0.517541
-0.723554	0.61664	0.310201
0.597279	-0.59579	-0.536928
0.760842	0.582813	-0.28539
0.745478	-0.666408	0.0127889
0.130937	0.984286	0.11848
-0.116565	-0.846809	0.518967
-0.35227	-0.42867	0.831954
0.718776	-0.677637	0.155465
-0.666261	0.744313	-0.0457574
0.847962	-0.00737696	-0.530006
0.854445	0.496956	-0.151522
0.480572	-0.871208	0.10024
-0.886924	0.429399	0.170239
0.900585	0.350068	-0.257681
0.730732	-0.580268	-0.359611
0.417275	-0.899496	0.129569
-0.575279	0.756678	0.310633
-0.523988	-0.126693	-0.84225
-0.467157	-0.761942	-0.448562
0.731646	-0.496351	-0.467259
-0.873138	0.463894	0.149777
-0.523643	0.774183	-0.355583
0.681165	0.618408	0.3919
0.444594	-0.892722	-0.0733674
-0.953839	0.210808	-0.213893
-0.589899	0.807366	-0.0133449
0.446186	0.270494	-0.853083
-0.00905099	-0.998723	0.0497008
-0.350955	0.936191	-0.0193934
0.940472	-0.101805	0.324265
0.108641	0.601587	-0.791385
0.770358	-0.500075	0.395569
-0.797386	0.391917	-0.458887
-0.0956215	0.345323	-0.9336
0.755496	0.126147	0.642894
0.836273	-0.367819	0.406641
-0.803477	0.484287	-0.346254
-0.743992	-0.539883	0.393704
0.189423	0.279492	0.941278
0.217696	-0.960433	0.173716
-0.353096	0.868067	0.348974
0.139523	-0.61242	-0.778122
0.61973	-0.178819	0.764172
0.47152	-0.852188	0.226815
-0.470804	0.881653	-0.0321185
0.73263	-0.67398	0.0948874
0.46169	-0.795092	0.393281
0.809756	-0.477409	-0.34114
-0.329884	0.718747	0.612029
0.239272	0.212467	0.947421
0.308221	0.860514	0.405606
0.800812	-0.52852	-0.281722
-0.789063	0.328401	-0.519164
0.820731	0.399227	-0.408679
0.702545	-0.137636	-0.698203
0.482648	-0.719549	-0.4993
-0.594888	0.799154	-0.0863749
-0.652091	-0.572	-0.497587
0.652957	-0.745724	-0.132447
0.179683	-0.978719	0.0991076
-0.435178	0.736735	-0.517534
-0.223606	0.96306	0.150051
0.0342165	0.977046	0.210261
0.763548	-0.548176	-0.341316
-0.728595	0.636193	-0.253786
-0.0867168	-0.849065	0.521122
-0.970161	-0.132696	-0.202925
0.62582	-0.712753	-0.316754
-0.945362	-0.295756	0.137183
0.254927	0.343877	-0.903748
-0.702532	0.391638	0.594195
0.861901	-0.506804	0.016596
-0.405596	0.752417	0.519
-0.724366	-0.592066	0.353201
-0.930504	0.0201633	0.365726
0.657774	-0.701758	0.273621
-0.788669	0.610448	-0.0731656
-0.584484	-0.254901	-0.770327
0.0939027	0.975064	-0.201079
0.501128	-0.714995	-0.487497
-0.830871	0.539763	-0.135312
-0.808734	-0.377837	0.450764
-0.654049	-0.442494	-0.61353
0.39554	-0.757472	0.519408
-0.334394	0.787922	-0.517069
0.799293	0.393667	0.454044
-0.582644	0.584423	0.564779
0.238853	-0.833562	-0.49812
-0.824449	0.54242	0.161444
-0.0640052	-0.994016	0.0885209
-0.828039	0.0239697	0.560157
0.283159	-0.659654	-0.696188
-0.603543	0.793054	-0.0824658
0.783339	-0.485425	0.388257
-0.492012	0.808601	0.322629
0.321328	-0.747512	0.581355
-0.599182	0.792885	0.110968
0.62167	0.266149	0.736676
-0.116314	0.235733	0.964832
0.257445	-0.792641	0.552668
-0.395883	0.918217	0.0124201
0.998023	-0.0607347	-0.0161389
0.312068	-0.935333	0.166631
0.512529	-0.688621	-0.512948
-0.264455	0.918587	0.293703
0.686828	0.66897	-0.284159
0.0773879	-0.578731	0.811838
0.690118	-0.562441	-0.455409
-0.458474	0.885677	-0.0733319
-0.77178	-0.417472	-0.479659
-0.505124	0.846641	0.167479
0.369505	-0.926822	-0.066831
-0.412223	0.734816	-0.538625
0.425411	-0.311242	0.849796
-0.0986403	-0.885112	-0.454805
0.935683	-0.344863	0.0746091
-0.469215	0.868859	-0.157863
-0.724334	-0.428414	-0.540187
-0.0752597	-0.484905	-0.871322
0.931964	-0.276454	-0.234556
-0.227832	0.969617	0.0890854
-0.196905	0.221885	-0.954985
0.480359	-0.00734794	-0.877041
-0.226422	-0.897826	-0.37768
-0.577516	0.613767	-0.538299
0.360302	-0.928696	0.0877882
0.35392	-0.256424	-0.899437
0.315667	-0.804781	0.502674
-0.462448	0.878106	-0.122771
-0.994379	0.0721442	-0.0774942
0.0555778	-0.272826	-0.960457
0.932737	-0.31156	0.181473
-0.657224	0.753273	-0.0252267
-0.905967	-0.194578	0.375982
0.667472	-0.154632	-0.728403
0.305789	-0.739936	0.599156
-0.554019	0.826997	-0.0956016
-0.635519	0.740361	0.219043
-0.770305	0.205873	-0.603528
0.0679091	-0.851992	0.519132
-0.491881	0.773297	0.400081
0.32557	-0.781084	-0.532834
0.81701	-0.200963	-0.54047
-0.178089	-0.979911	-0.0897716
-0.140217	0.98921	-0.0424548
0.916877	-0.272104	-0.292056
0.87996	-0.0575663	-0.471547
0.677878	-0.733632	-0.0476013
-0.837315	0.451652	-0.308082
-0.173107	0.918052	0.356671
0.30121	0.936581	0.179131
0.226986	-0.973851	-0.00957408
-0.678236	0.612828	0.40551
0.496469	0.320211	0.806835
-0.0901529	-0.666734	0.739823
0.856515	-0.34622	-0.382773
-0.997442	-0.0564052	0.0439121
-0.747035	0.510437	-0.425903
0.86259	-0.432622	0.262251
-0.0377865	-0.988884	-0.143808
-0.444953	0.574205	0.687244
0.223253	-0.97251	0.0662028
-0.215872	-0.484234	0.84789
0.281436	-0.395731	-0.87418
-0.902247	0.165188	0.398325
0.184258	-0.969335	0.1626
0.557903	0.783185	0.274528
0.800452	-0.596128	0.0625199
-0.516076	0.854751	0.0553816
0.887671	-0.397635	0.232222
-0.458408	-0.743854	-0.486358
0.223598	-0.397834	-0.889793
-0.552879	0.812071	-0.18672
-0.00539193	-0.533629	-0.845702
0.195571	-0.442927	0.874967
-0.546356	-0.833564	-0.0816401
-0.42615	0.897846	-0.110764
-0.158619	-0.849769	0.502725
-0.661597	0.702642	0.261884
0.32984	-0.805111	-0.492952
-0.508002	0.821354	0.259444
-0.37194	-0.543938	0.752192
0.112115	0.10584	0.988043
0.344093	-0.718015	0.605024
-0.387846	0.918789	-0.0734982
-0.401738	0.892537	0.204903
0.0593449	0.368967	-0.927546
0.355332	-0.928291	-0.109612
-0.730884	0.586925	0.34832
0.467705	-0.747641	0.471471
0.394807	-0.823255	-0.407896
0.00398981	-0.978643	0.205526
-0.423973	0.760358	0.492039
0.834634	0.417357	0.359444
-0.0863297	-0.912342	-0.400224
0.396618	-0.917826	-0.0170076
-0.781064	0.594312	-0.191658
0.580653	0.539071	0.610119
-0.964289	0.257303	0.0627889
0.700633	-0.539811	-0.466602
-0.255161	0.965573	0.050607
0.603223	0.372596	-0.70519
-0.126199	-0.314162	0.940944
0.901723	-0.323752	-0.286495
-0.8912	0.365582	0.268538
0.429599	-0.480029	0.764864
0.579275	0.0719014	0.811955
-0.0352212	-0.790833	-0.611018
-0.248112	0.64635	0.721577
0.607553	0.613007	-0.505075
-0.131828	0.0161451	0.991141
0.588609	-0.708399	-0.3895
-0.999588	0.0135026	0.0253464
-0.244154	-0.969592	0.0167475
-0.625631	0.00932597	0.780063
0.820305	-0.571028	-0.0320544
-0.734754	0.672864	-0.0859725
0.693964	-0.454582	0.558363
-0.188087	-0.196105	-0.962375
0.638011	-0.6801	-0.361117
-0.81972	0.518497	-0.243352
-0.142494	-0.983863	-0.108211
-0.315157	-0.564597	-0.762828
-0.147074	-0.988945	0.0188759
-0.863486	0.429542	-0.264358
-0.0427302	0.997139	0.0623593
0.976849	0.213353	-0.0156959
0.395059	-0.900369	-0.182383
-0.0514133	0.964932	-0.257415
0.290688	0.431912	-0.853787
0.589129	0.403598	0.700025
0.277247	-0.57251	0.7716
-0.317027	0.933491	-0.167597
0.447615	-0.61079	0.653128
-0.892826	0.113893	0.435764
0.472766	-0.881178	-0.00409378
-0.407036	0.909918	0.0798144
-0.627407	0.608663	-0.485686
-0.565507	-0.1796	-0.804951
0.0672685	-0.745089	-0.663564
-0.547447	0.673045	0.497306
-0.551482	-0.792287	0.261054
-0.243854	-0.969116	0.0367326
0.0708876	-0.980662	-0.182421
-0.726506	0.631427	0.27109
-0.993788	0.110802	-0.0103985
0.321908	0.923188	0.209998
0.17318	-0.93096	-0.321438
-0.402735	0.836939	-0.37059
0.477433	0.878602	0.0108184
-0.191602	-0.612306	-0.767053
0.43022	-0.883367	-0.185937
-0.810889	0.499992	-0.304082
-0.131589	-0.798916	0.586871
0.108513	-0.2844	-0.952545
0.408079	-0.893127	0.189199
-0.0263245	0.949919	0.311384
-0.667081	-0.632823	-0.393113
-0.857039	-0.51353	-0.0420824
0.719041	-0.405317	0.564534
-0.899679	0.125754	-0.418046
0.969123	0.154429	0.19223
-0.340764	0.928428	0.147989
0.967129	-0.253818	-0.015453
-0.647978	0.660986	-0.378446
0.150012	0.749923	-0.644292
-0.625651	-0.057275	-0.777998
0.913913	-0.378703	0.146109
-0.858405	0.295692	-0.419175
0.49681	-0.211501	-0.841693
0.435018	0.833799	0.339909
0.492116	-0.420212	-0.762393
-0.216114	0.975153	-0.0486941
-0.65772	-0.746305	-0.102146
0.781612	-0.524483	0.33764
0.797745	-0.592618	0.111388
-0.82736	0.56132	-0.0198678
-0.85058	0.283253	0.443036
0.891838	0.166595	0.420561
0.498174	-0.790676	0.355885
-0.516793	0.765606	0.383108
-0.705969	0.637162	-0.309245
0.733144	0.0110675	0.679984
0.0292949	-0.99934	-0.0214836
-0.200529	0.865464	0.459087
-0.522663	0.696488	0.491659
-0.445071	-0.553778	0.703734
0.561224	-0.783027	-0.268136
-0.528095	0.846889	-0.0624032
0.74556	-0.509815	0.429219
-0.314975	0.0817718	-0.945571
0.363356	-0.931017	-0.0343631
-0.459437	0.787143	-0.41149
0.395188	-0.516977	-0.759317
0.917926	-0.330419	-0.219624
0.642952	-0.626241	0.440948
-0.483364	0.752395	-0.447505
-0.783396	-0.591146	0.191931
-0.332755	0.924966	-0.183606
0.31726	-0.947949	-0.0271898
-0.676205	0.66984	-0.306693
-0.544476	-0.547735	-0.635242
-0.675363	-0.716752	-0.173641
0.173186	-0.663066	0.728251
-0.716603	0.635039	-0.288453
0.585542	-0.78149	0.215439
0.937787	-0.0955323	0.33381
0.909528	-0.406947	0.0845719
-0.880934	0.319075	-0.349495
-0.945277	0.157567	-0.285697
0.0969809	-0.155718	0.983029
0.593874	-0.758376	-0.268664
-0.743478	0.172557	-0.646114
0.549652	0.156104	-0.820679
0.98698	-0.122383	0.104374
0.330299	-0.635755	0.697652
-0.368738	0.923909	0.102102
-0.0657729	0.901893	-0.426923
0.579968	-0.270349	0.768472
0.186813	-0.760232	0.622212
-0.870005	0.476778	0.1256
0.294019	0.947734	-0.123904
0.479783	0.352656	-0.803394
0.674704	-0.665481	-0.319233
-0.59307	0.664203	-0.455085
0.0122404	0.554871	0.831846
0.617988	0.215099	-0.75619
0.159292	-0.95932	0.233089
-0.929363	0.33623	0.152423
-0.473829	-0.873299	0.113293
-0.867675	-0.0913827	-0.488661
0.0200052	-0.782414	0.622437
0.121139	0.933121	-0.338541
0.541644	-0.165857	-0.824083
0.489709	-0.578754	0.652096
0.558616	-0.816643	-0.145061
-0.731811	0.679039	-0.0579447
-0.740371	0.261488	-0.619254
0.975679	-0.138708	-0.169736
0.33084	-0.943295	-0.0272087
-0.921793	0.359081	-0.146145
0.970414	-0.228753	0.0772575
0.710119	-0.671982	0.210169
-0.174619	-0.584013	0.79274
0.307093	0.296761	-0.904227
0.658748	0.387462	-0.644922
-0.541032	-0.841	0.00156904
0.569829	-0.752926	-0.329239
-0.705313	0.676534	-0.211747
-0.468936	-0.214168	-0.856873
-0.383623	0.904943	-0.184152
-0.0189539	-0.997472	-0.0684855
-0.363424	0.863387	-0.349981
0.848556	-0.107329	-0.518105
0.184315	0.360754	-0.914267
0.255941	-0.94233	-0.215656
-0.233697	0.961206	-0.146519
-0.494085	-0.739562	0.457086
0.957815	0.146275	0.247373
0.714449	-0.582165	-0.388132
0.154722	0.986815	-0.0475113
-0.426472	0.75897	0.492022
0.796261	-0.388319	0.463871
0.70638	-0.511449	0.489333
-0.156686	0.842941	0.514685
-0.899607	0.22992	0.371274
0.658058	-0.724875	0.203755
0.851583	-0.504778	0.141443
-0.391994	0.905997	0.159719
-0.696631	0.717423	0.00297018
0.426326	0.109036	0.897974
0.564045	-0.782393	0.264035
-0.487626	0.435203	-0.756848
-0.779355	-0.0385715	0.625395
0.93923	0.109096	0.325492
0.0773501	-0.993125	0.0878652
-0.640809	0.615848	-0.458361
0.95138	-0.291822	-0.0985699
-0.317722	0.25035	0.914537
0.154778	-0.913749	0.375641
-0.318152	0.94631	0.0572368
0.44256	0.685451	-0.578185
-0.625839	0.535827	0.566758
0.331121	-0.855312	0.398498
-0.254264	0.630935	-0.732988
-0.489084	-0.412527	-0.768517
0.670494	0.624299	0.40086
0.716725	-0.6969	-0.0252082
-0.788647	0.481702	-0.382099
0.466581	-0.308307	-0.829005
-0.796653	0.0947283	0.596967
0.162547	-0.98063	-0.109287
-0.92223	0.0875405	-0.376602
0.266866	0.906092	0.328297
-0.250139	-0.782768	-0.569829
0.0998311	-0.977388	-0.186404
-0.0136251	0.999835	0.0120511
0.138459	-0.198734	0.970224
0.372022	0.17031	-0.912466
-0.0475849	-0.905809	0.421006
-0.256587	0.930723	-0.260612
-0.786685	0.587038	0.191085
-0.95207	0.305478	-0.0156676
0.590532	-0.788388	-0.172381
-0.74756	0.655929	-0.104455
-0.293788	-0.815151	0.499216
0.144292	0.356716	-0.923003
0.553944	-0.831851	0.0341995
-0.444929	0.895565	0.000991627
0.747652	-0.258559	-0.611689
-0.98235	0.186288	-0.0168835
0.221449	-0.858816	0.461947
-0.907935	0.418243	0.0269497
0.635305	-0.282701	-0.718657
0.598085	0.215368	-0.771952
0.601749	-0.654026	-0.45842
-0.0330345	0.958413	0.283465
0.0419186	-0.899059	0.435817
0.787033	-0.293077	-0.542849
0.901503	-0.432626	-0.0112822
-0.583009	0.764078	0.276199
-0.322573	0.784418	-0.529751
0.71786	-0.650985	-0.246772
0.971235	-0.175633	0.160798
-0.795587	0.605618	0.0163729
0.71392	0.142179	-0.685641
0.121212	0.631016	0.766242
0.592219	-0.720661	0.36045
-0.236766	0.970081	-0.0537018
-0.833444	0.550099	-0.0525601
-0.923179	-0.225072	0.31158
0.821562	-0.554282	-0.133449
-0.86978	0.476844	-0.126899
-0.52645	0.849544	-0.0335497
-0.34893	-0.581003	-0.735311
0.601646	-0.670604	-0.433949
-0.840405	0.45462	0.295025
0.569493	0.367158	0.73544
-0.950063	0.273688	-0.149918
-0.0266656	-0.914727	-0.403191
-0.722337	0.529934	0.444296
0.621458	-0.727422	0.290942
-0.33514	0.928349	0.160779
0.638865	-0.737058	0.220446
-0.952466	0.303507	0.0262961
0.482611	-0.231751	-0.844617
0.663882	-0.561483	0.493961
0.735231	-0.675292	0.0584504
-0.623305	0.724563	0.294108
-0.813867	0.00107576	0.581051
-0.0370245	0.929229	0.367644
0.338453	-0.72317	-0.602058
-0.743003	0.643467	0.184112
-0.201155	-0.945571	0.255796
-0.307306	-0.147357	0.940132
0.558083	-0.772473	-0.303032
-0.61844	0.711655	0.333286
-0.439192	0.200802	0.875665
-0.18891	-0.874734	0.446265
0.509964	-0.829736	-0.22688
-0.569446	0.561682	0.600204
0.546826	-0.392846	-0.73936
0.894242	-0.29437	-0.33716
0.299093	-0.928763	0.218959
-0.498307	0.791477	0.353912
0.383554	0.754169	0.533025
0.244863	-0.688918	-0.682227
0.262615	-0.928761	-0.261605
-0.959113	0.268663	-0.0890141
-0.213347	-0.284702	0.934574
0.635163	-0.184222	0.750087
0.733271	-0.501506	0.459135
-0.360281	0.931046	-0.0578876
-0.117252	-0.969774	0.213988
0.407143	0.913348	-0.00540451
0.991746	-0.0901925	0.0911357
-0.651347	0.602249	-0.461566
-0.917755	-0.313466	-0.243856
-0.23154	0.353061	0.906497
0.335382	-0.939133	0.0744921
-0.480694	0.857224	-0.18466
0.400029	-0.0776837	0.913204
-0.323278	0.633652	0.702835
0.466482	-0.848911	0.248484
0.0355399	0.98571	0.16466
-0.907606	0.00671749	-0.419769
0.145053	-0.221362	0.964344
0.287215	-0.87768	-0.383648
-0.287415	0.831234	-0.475861
-0.657669	-0.590932	0.467194
0.169325	-0.955151	0.24293
-0.069863	-0.989884	-0.123483
-0.397275	0.915363	0.0654442
0.817648	-0.425493	0.387824
-0.854253	-0.49571	0.156602
0.389272	-0.92072	-0.0272511
-0.441816	0.487724	-0.752944
-0.470437	-0.125904	0.873405
0.0698602	-0.882818	-0.464492
0.292414	-0.95432	0.0613784
-0.255211	0.962311	0.0939442
0.932902	0.25755	-0.251717
0.903307	-0.182201	-0.388381
0.392648	-0.90547	-0.161094
-0.640438	0.721685	-0.2627
-0.269463	-0.89032	-0.367042
0.55525	-0.794929	0.244511
0.253933	-0.892591	0.372559
-0.35325	0.896665	0.266844
-0.672361	0.662306	-0.330577
0.0143819	0.830601	0.556683
0.798437	-0.550644	-0.243494
-0.793906	0.576474	-0.193366
-0.731879	0.324135	-0.599407
0.666337	0.687162	0.289488
0.82433	-0.56589	-0.0157543
-0.560569	0.773437	-0.295901
-0.270025	-0.0879849	0.958825
-0.219677	0.734749	-0.641783
0.457406	-0.887572	0.0547207
-0.729576	0.68247	0.044198
0.514127	0.771686	0.374399
-0.300892	0.567657	0.766309
0.593339	-0.553378	0.58457
-0.560974	0.767168	-0.311065
0.182444	0.149335	0.971809
0.449717	-0.840266	0.302833
0.49916	-0.718303	-0.484644
0.114291	0.368723	-0.922486
0.348085	0.554358	-0.755992
-0.856124	-0.506364	0.103184
0.645749	-0.753723	-0.122108
-0.84495	0.410857	-0.342428
-0.553083	-0.769907	-0.318341
-0.417328	0.629393	0.655516
0.285772	-0.680329	-0.674898
-0.838852	0.306537	0.449847
-0.828088	0.143181	-0.542005
0.160658	0.00408404	-0.987002
0.864138	-0.422606	-0.273256
-0.446344	0.713928	0.539522
-0.71861	-0.669644	-0.187557
0.979282	-0.0167825	0.201803
0.793545	-0.496234	0.35219
-0.666741	0.740833	-0.0813823
0.737475	-0.33967	0.583742
0.258704	0.803276	0.536489
0.601388	-0.798544	-0.0257008
-0.775079	0.573312	0.265643
0.132532	-0.686316	0.715127
-0.626228	-0.510274	0.589456
0.540133	-0.734612	-0.410611
-0.531602	0.787247	-0.312478
0.40948	-0.130913	-0.902877
-0.973217	0.121875	-0.194923
0.410716	-0.80136	0.434897
-0.646695	0.758299	-0.0822649
0.973733	0.076421	0.214486
-0.211707	-0.804024	-0.555631
0.39554	-0.850407	-0.346924
-0.771334	0.569977	-0.283144
0.369599	-0.929002	0.0187882
-0.361585	-0.849771	0.383594
0.730356	-0.682871	0.016329
-0.312533	0.930224	-0.192372
-0.53961	0.0395916	-0.840983
0.381063	0.632148	-0.67467
0.392608	-0.836878	0.381437
-0.920341	0.34519	0.183892
0.748753	0.612637	-0.253073
-0.847245	-0.314768	-0.427898
0.734929	-0.67811	-0.00682196
-0.31616	0.566939	-0.760673
0.394221	-0.915247	0.0831408
0.596577	0.782334	0.179026
0.0505094	-0.972988	0.225265
-0.155001	0.802037	-0.576812
0.750673	0.491128	0.441909
0.235768	0.249003	0.939367
0.869073	-0.362911	0.336165
-0.113829	0.881519	-0.458222
-0.327186	0.790368	-0.517946
-0.833748	-0.24421	-0.495202
0.572389	-0.762607	0.301333
-0.620793	0.782207	-0.0526228
-0.159338	-0.191159	0.96854
0.967384	-0.251666	0.0288594
0.253275	-0.950726	0.178805
-0.0490252	0.937855	-0.343546
0.381862	0.776752	-0.500837
0.35281	-0.660202	-0.663067
0.948191	-0.283217	0.143952
-0.799642	0.0976662	-0.592481
-0.263654	-0.381512	-0.885965
0.894485	-0.384894	0.227492
0.413808	-0.910027	-0.0247656
-0.465931	0.869713	0.162811
-0.721049	-0.59556	0.354114
0.756893	-0.566702	-0.325517
0.0530221	-0.990151	-0.129571
-0.482566	0.729254	0.485096
-0.635989	-0.760389	0.131632
-0.798133	0.438534	0.413123
0.0954717	-0.934474	-0.342991
-0.18925	0.81794	0.543285
0.853197	-0.174231	0.491628
0.188112	0.0613325	-0.980231
0.518402	-0.735088	0.436926
-0.772965	0.634432	0.00469764
-0.699403	0.245071	-0.671398
0.490256	0.846217	-0.208723
0.741467	-0.261367	-0.617991
-0.327704	0.939134	0.103141
-0.0562237	0.967701	-0.24575
-0.248107	-0.121133	0.961129
0.986813	-0.00958749	0.161579
-0.721997	0.667929	-0.18053
-0.429962	0.101623	-0.897109
-0.200427	0.0618584	-0.977754
0.670603	-0.723306	0.164681
-0.28485	0.792201	-0.539702
-0.572419	0.787273	-0.229212
0.0441146	0.23724	0.970449
0.72267	-0.588652	0.362266
-0.562639	0.826653	-0.0090571
-0.333239	-0.446282	-0.830532
-0.756402	0.628402	-0.181567
0.548201	-0.690411	0.472026
-0.388824	0.878955	-0.27614
-0.33828	-0.125043	-0.932701
-0.563616	0.34822	0.749053
0.817192	-0.209219	-0.537052
-0.224639	0.97223	-0.0656175
0.770909	0.630207	0.0924025
0.742219	-0.396229	0.540475
0.545978	-0.824462	0.148899
-0.877686	0.3682	0.30675
0.646781	-0.613996	0.452418
0.588708	-0.408403	0.697588
0.264287	-0.939386	0.218416
-0.551548	0.540478	0.635356
-0.625469	0.713001	-0.316888
0.770871	-0.565629	0.292953
0.479894	-0.877007	-0.0236995
-0.208453	0.974772	0.0797945
-0.657255	0.456551	0.599647
-0.176911	0.754591	-0.631898
0.241294	-0.955755	0.168256
-0.479134	0.876867	0.039182
-0.179256	-0.59208	-0.78569
0.575999	0.613645	0.54006
0.669016	-0.723613	-0.169713
-0.752802	0.640044	0.15373
-0.42658	0.88335	0.194223
-0.462324	0.886694	0.00555827
-0.220278	-0.962297	-0.159567
-0.388704	0.919815	0.0533889
0.139198	-0.989781	0.030952
0.601419	0.79858	-0.0237897
0.594186	-0.75412	0.279723
-0.659598	0.16913	-0.732343
-0.644444	0.37665	-0.665453
-0.0397868	-0.524975	-0.850187
0.735525	-0.671002	0.0935944
-0.503424	0.85546	-0.121463
0.512479	0.616538	-0.597701
-0.790717	0.16345	0.589958
0.17005	-0.944646	-0.280583
-0.446945	0.894378	-0.0181072
0.642352	-0.558338	0.525017
-0.602198	0.0243946	-0.797974
-0.147304	-0.989087	-0.00274479
-0.466657	0.874421	-0.132741
0.655515	-0.726045	-0.207748
0.0015251	-0.562311	-0.826925
0.608837	-0.772852	-0.178934
-0.839343	0.360603	0.406778
0.457664	-0.881032	-0.119694
0.0781422	-0.592613	-0.801688
0.218421	-0.975847	0.00378698
-0.60067	0.745121	-0.289811
0.735261	-0.547339	-0.399764
0.760935	-0.00112157	-0.648827
0.599882	-0.641379	-0.478304
0.0793077	0.99662	0.021404
-0.107271	0.992579	0.0572687
0.744419	0.645737	0.169896
-0.295074	-0.924052	-0.24302
-0.484781	0.860335	0.157513
0.942022	0.299083	0.152131
-0.754171	0.112382	-0.646991
0.738788	-0.673921	0.00475969
-0.406877	0.874406	-0.264319
-0.628338	-0.085918	-0.773181
0.199523	-0.972247	-0.122171
0.139423	-0.960696	0.240052
-0.455661	0.868832	0.19366
-0.38719	-0.901046	0.195448
0.232451	-0.948775	-0.213993
0.101978	-0.616089	0.781047
-0.489667	0.827033	-0.276119
0.932653	0.19264	0.305039
0.14551	-0.583237	0.799163
0.327837	-0.931044	0.160251
-0.336938	0.83726	-0.430661
0.979545	0.154235	0.129239
0.475254	-0.784033	0.399283
0.409166	-0.889498	0.203413
-0.923837	0.37116	0.0936236
-0.117045	0.491153	-0.863174
0.274249	0.603091	-0.749045
0.336087	-0.885695	0.320297
-0.686861	0.649814	-0.325521
0.800179	0.296172	-0.521532
0.948003	-0.291418	-0.127928
0.699656	-0.665354	0.260354
-0.392514	0.910093	0.132908
0.694121	-0.718834	-0.038398
0.315496	-0.821388	0.475167
0.474263	-0.807105	0.351648
-0.548586	0.836086	0.00363076
0.663431	-0.365682	0.652791
0.939225	0.152383	0.30763
0.374199	-0.914515	0.153745
-0.0894114	0.979208	-0.182092
0.0633065	0.935337	0.348049
-0.476465	-0.831466	-0.285737
0.15488	-0.798459	0.581787
-0.246463	0.943007	-0.223594
-0.541272	0.0247008	-0.840484
-0.139818	-0.988612	0.0556459
0.506419	-0.847805	0.157377
-0.233531	0.838619	-0.492119
-0.950415	-0.0792342	-0.30072
0.820405	-0.100436	0.562893
0.544436	-0.838759	-0.00853013
-0.58061	0.80942	0.0879301
-0.24195	0.890711	0.384831
-0.77106	0.530623	0.352002
0.311185	-0.67806	0.665881
0.206039	0.933699	-0.292837
0.236166	-0.826633	0.510787
-0.591366	-0.558198	-0.58198
0.433081	-0.901302	-0.00977894
-0.384114	0.21751	-0.897299
-0.268305	-0.695848	0.666189
0.896352	0.371773	0.241532
0.896526	-0.327989	0.297766
0.235842	0.931302	-0.277588
-0.314582	-0.77277	0.551239
0.496901	-0.862627	0.0946768
-0.195955	-0.896453	0.397458
-0.701183	0.708823	0.0768994
-0.79783	-0.589318	-0.127166
0.708192	0.682799	0.179583
0.498593	-0.786507	-0.364434
0.185595	0.953354	-0.238056
0.953564	0.0714915	0.292581
0.328351	0.440273	-0.835671
0.649596	-0.75749	-0.065069
-0.949885	-0.132909	-0.282939
0.452033	-0.207562	-0.867516
0.799177	-0.587814	0.125662
0.679622	-0.696307	0.230802
0.230972	0.893241	0.385711
0.231708	-0.573793	0.78554
0.016119	0.133657	0.990897
0.645603	-0.761869	-0.0524584
-0.664868	0.667334	-0.335583
0.4693	-0.682029	-0.560887
-0.506183	0.745264	0.434006
-0.544624	-0.749885	0.375576
-0.242294	0.731325	-0.63754
0.493281	-0.736294	-0.46319
0.810818	-0.369116	0.454233
-0.242161	-0.952033	0.187058
-0.441542	0.854593	-0.273333
-0.966594	0.244662	-0.0763921
0.0299539	0.067646	0.99726
-0.0386837	-0.838432	0.543632
-0.461869	0.884267	0.0689133
-0.151379	0.420595	0.89453
-0.814083	-0.361008	0.454909
0.768134	-0.376444	-0.517938
-0.0798016	0.964604	0.251338
-0.607542	-0.408755	-0.681038
-0.354359	0.933165	0.0602773
0.678604	-0.592675	0.433858
-0.498747	0.664994	0.555908
-0.690567	-0.0300431	-0.722645
-0.13948	0.982532	0.123193
0.736115	-0.649966	-0.188889
-0.5807	0.581567	0.569708
-0.540079	0.567199	0.621771
-0.161988	0.678853	-0.716183
0.580836	-0.569849	-0.581293
-0.845853	0.261515	-0.464912
-0.0337927	-0.0559021	-0.997864
0.40408	-0.913285	-0.0512821
0.369173	-0.894516	0.252097
-0.567741	0.80688	-0.163139
0.566484	-0.82397	-0.0130467
0.632879	0.771513	-0.0650517
0.461764	-0.838642	-0.288883
-0.986612	0.156372	-0.0463101
0.551175	-0.0506075	0.832853
-0.607046	0.755608	-0.246073
0.699192	-0.713139	-0.0506248
-0.817115	0.519838	-0.24918
0.815096	-0.47863	-0.326392
-0.39179	0.200958	-0.89784
0.97714	-0.172027	-0.124913
-0.802962	-0.256546	-0.537993
-0.89357	0.247138	-0.374775
-0.0409442	0.535041	-0.843833
0.318103	-0.947488	0.0328274
-0.662866	0.727316	0.177819
-0.680671	-0.729917	-0.0625157
0.796773	0.459366	-0.392601
0.819147	-0.562853	0.110428
-0.797878	0.59557	-0.093202
0.0435688	-0.944073	0.326845
-0.132438	0.191059	0.972603
0.660594	-0.747438	-0.0703746
0.0927182	0.993028	0.0727968
-0.156792	0.880934	-0.446511
0.995188	0.0948074	0.0247614
0.381519	-0.839741	-0.386366
-0.224155	0.754298	0.617082
0.411353	-0.208495	0.88731
-0.694817	0.70942	0.118116
0.396141	-0.846863	0.354818
-0.448782	0.857862	-0.250333
0.257277	-0.174523	0.950447
-0.421859	-0.784816	-0.453982
0.465016	-0.884415	-0.0396184
-0.393615	0.897513	0.19884
0.698578	-0.658136	0.280794
-0.299809	0.860974	0.4109
0.623461	-0.543799	-0.561764
-0.0682986	0.991572	-0.110089
0.192365	-0.981318	-0.00332203
0.348871	0.339345	0.873575
0.421433	-0.906843	0.00545461
-0.618738	0.701277	0.354082
-0.520051	0.824815	-0.22187
-0.852418	-0.16458	0.496284
0.285493	-0.957291	-0.0456912
-0.326549	0.924671	0.195831
0.459342	-0.78687	0.412116
0.49928	0.072563	-0.863397
0.612023	-0.730537	0.302892
-0.342252	0.905549	-0.250688
-0.752078	-0.0237466	-0.658646
0.579008	0.66487	-0.471909
0.866469	-0.450406	-0.215328
-0.403639	0.897669	-0.176821
-0.740409	0.672127	0.00630437
-0.744897	-0.477165	-0.466307
0.449561	-0.893094	0.0166565
-0.829337	0.555108	0.0636788
0.0012848	-0.999986	-0.00505293
-0.0864685	0.859351	0.504023
0.728977	-0.438024	0.526048
-0.779372	0.571301	0.257284
-0.272585	0.880121	-0.388696
0.68821	0.173764	0.704395
0.254353	-0.906343	-0.337413
-0.0174765	0.922058	0.386656
-0.791234	0.0244944	-0.611023
0.925811	0.189659	0.32696
-0.0407007	-0.84928	0.526372
0.190206	0.928196	0.319803
0.345208	0.660771	0.666493
-0.39838	0.842048	0.36366
-0.147423	-0.826228	0.543704
0.612183	0.776586	-0.148816
0.791051	-0.227546	-0.567857
-0.105619	0.292147	0.950523
0.726967	-0.569935	0.383005
-0.819941	0.570157	-0.0511636
0.395017	0.565092	0.724315
0.492286	-0.403301	0.771364
0.656339	-0.754232	0.0187874
-0.700478	0.590117	-0.401363
0.254987	0.966944	0.000359731
-0.790187	0.0150552	0.61268
0.528015	-0.512208	0.67738
-0.969784	0.190151	-0.152842
0.454616	-0.799086	0.393428
0.632165	-0.551804	-0.543948
0.892595	-0.439484	0.100639
-0.378077	0.925055	0.0364821
-0.146287	0.9417	-0.302988
0.0626434	0.0747323	-0.995234
0.515198	-0.596932	0.615015
-0.0282397	0.981241	-0.190708
-0.190937	0.336876	0.921986
0.125672	0.989446	-0.0721336
0.72445	-0.557592	0.405293
-0.647236	0.675787	-0.352701
-0.365338	0.880406	0.302347
0.761798	-0.272341	0.587787
0.144106	-0.978588	0.146968
-0.259133	0.920664	-0.291937
-0.0316107	-0.625577	0.779522
-0.709524	0.368356	0.600741
0.856195	-0.375266	-0.355113
-0.402227	0.796873	0.450784
0.220428	0.0205464	0.975187
0.886384	0.0517276	-0.460052
0.871286	-0.47139	0.136571
-0.631758	0.5726	-0.522504
-0.431684	-0.659555	0.615334
0.424148	0.070133	-0.902873
0.81585	-0.191144	0.545759
-0.555372	0.825878	-0.0974037
-0.355692	-0.0122747	0.934522
-0.0341562	-0.591295	0.805732
0.41729	-0.821463	0.388674
-0.739919	0.660382	0.128125
-0.738278	-0.674064	0.024132
-0.243006	-0.961058	0.131592
0.622023	-0.575842	0.530559
0.263953	0.712182	-0.650482
-0.581365	0.278809	-0.764382
-0.938877	0.318359	-0.130988
0.581975	-0.809856	0.0737415
-0.370338	0.927976	-0.0413483
-0.451082	0.485802	-0.74868
0.403091	0.89857	0.173466
0.0206306	-0.973814	-0.22641
-0.678915	0.730861	0.0701179
-0.29678	-0.0177582	0.954781
-0.885892	0.440631	0.145048
0.614095	-0.788091	0.0424296
-0.697033	0.696969	-0.168461
-0.815286	-0.517479	-0.259854
-0.312721	-0.127466	0.941253
0.204769	-0.595927	0.776493
-0.806399	0.59129	0.00979124
-0.49192	-0.00614137	-0.870619
-0.873961	-0.359946	0.326546
0.795326	-0.605754	-0.022767
-0.277664	0.905962	-0.319586
0.595301	0.459943	-0.658839
0.268052	-0.707453	-0.653956
0.786169	-0.427234	0.446553
-0.108818	0.99129	-0.0741781
-0.430758	0.754144	0.495696
-0.698853	0.712795	0.0593924
0.450652	-0.872363	0.189461
-0.0154973	0.765257	-0.643538
-0.124605	0.678177	0.724258
0.889251	-0.392643	0.234657
0.860305	-0.463208	0.212871
-0.659433	0.744257	0.105971
0.268394	-0.623415	0.734383
-0.0849056	0.63301	0.769473
0.148728	-0.897773	0.414588
-0.958106	0.0988552	-0.268812
-0.965054	-0.0269107	0.260667
0.708923	-0.43571	-0.554604
0.914179	-0.405151	0.0113976
-0.607452	0.744466	0.277078
0.812248	0.574748	0.0995907
0.156356	0.986263	-0.0532764
0.996142	0.0303278	-0.0823545
-0.800547	0.363916	0.47612
-0.624489	-0.680789	-0.382805
-0.0386046	-0.52287	0.851538
0.630789	-0.751219	-0.19436
-0.226759	0.758305	-0.61119
0.732799	0.20332	-0.649359
-0.554528	-0.827254	-0.0902759
0.635969	-0.553201	-0.538064
-0.266972	0.919046	-0.289966
-0.514107	0.120106	0.849275
-0.25701	0.802296	-0.538765
0.150507	-0.538319	-0.829192
-0.853192	0.506451	0.124784
-0.144312	-0.737266	-0.660009
-0.263669	0.924794	-0.274289
0.974064	-0.170289	-0.148999
-0.842185	0.426606	0.329746
0.468902	0.882339	0.0401118
0.725671	0.210865	-0.654934
0.857564	-0.499305	-0.123607
-0.498642	0.856293	0.134605
-0.382444	-0.450863	0.80651
0.680248	-0.726119	-0.10007
0.692766	-0.720166	0.0378863
-0.248107	0.955366	0.160371
0.401891	0.321316	-0.857461
0.166376	-0.962899	0.212473
0.745712	-0.666216	-0.00839592
-0.190425	0.802052	0.566084
0.42412	-0.865094	-0.267834
0.569105	-0.264898	-0.778427
0.174221	-0.981084	0.084393
-0.918674	0.358444	0.166
0.115547	0.956789	0.266841
-0.909669	-0.390841	-0.140521
0.202709	-0.96754	0.150918
0.000883028	0.997534	-0.0701828
-0.434566	-0.33527	0.835911
0.205774	0.457515	0.865065
0.879823	-0.463342	-0.105957
-0.699373	0.656812	0.281912
0.901397	0.0182042	0.43261
0.412197	0.907289	0.0831857
0.540708	-0.840685	0.029723
-0.329254	0.876014	-0.352407
0.431755	-0.790508	0.434378
0.39824	-0.895076	0.20061
0.245773	-0.832754	0.496101
-0.715787	0.682552	0.147554
-0.308928	-0.877146	-0.367666
0.275546	0.0500441	-0.959984
0.278263	-0.411856	0.867724
-0.432396	0.415687	-0.800148
-0.00532943	0.981047	0.193694
0.554063	0.642579	-0.529252
0.170008	-0.97736	0.125959
-0.545509	0.835995	0.0594352
-0.424933	0.854609	0.298456
0.539997	-0.0129239	-0.841567
0.845774	-0.501869	0.181092
-0.52867	0.706118	0.471068
-0.705504	0.708647	0.00916878
0.981877	-0.0634351	0.178586
0.793632	-0.598471	-0.109454
-0.351755	0.914776	-0.198631
0.331353	0.702628	-0.629698
0.235268	0.325284	0.915882
0.590563	-0.692802	0.413837
-0.690258	0.386655	-0.61159
0.257225	0.0946842	0.961702
0.0407932	0.995494	0.0856021
0.646507	-0.757258	-0.092681
-0.73125	0.681732	-0.0226959
-0.657856	-0.649545	0.381204
-0.454297	-0.0349414	0.890165
0.852705	-0.471929	0.224005
-0.387456	0.867136	0.312974
0.580142	-0.602259	0.548379
0.0250024	-0.733862	-0.678839
0.233006	-0.913941	0.332295
-0.767205	0.641021	0.0220947
0.567497	0.811767	-0.137772
-0.822424	0.532521	0.200099
0.774406	-0.584744	0.241599
-0.648247	0.567551	-0.507604
0.848897	-0.0518288	0.526011
0.0823567	0.647793	0.757352
0.860314	-0.234751	0.452496
-0.625799	0.374549	-0.68417
0.429413	0.748631	0.50513
0.159257	-0.972726	-0.168644
0.894454	-0.44147	0.0711064
-0.450715	0.693214	0.562416
-0.189137	-0.0829343	-0.978442
-0.300588	0.514165	-0.803294
0.584906	-0.802142	-0.120225
-0.722521	0.41702	-0.551413
0.745548	0.206151	-0.633767
-0.598476	-0.388727	-0.700513
0.49958	-0.82924	0.250559
-0.335453	0.922455	-0.191173
0.218938	-0.969285	-0.112038
0.867533	0.211594	0.450127
0.422339	-0.495903	0.758756
-0.423638	0.844991	0.326375
0.480504	0.483651	-0.731572
0.587466	0.783306	0.203261
0.830261	-0.550595	0.0866732
-0.504259	0.765341	-0.399969
0.511849	-0.671069	0.536356
-0.628005	-0.703493	0.332727
0.524542	-0.788089	0.322135
-0.72658	0.686866	0.017206
-0.135779	0.356925	0.924213
0.20704	-0.680173	-0.703206
-0.232248	-0.842326	-0.486362
-0.644954	0.759029	0.0889307
-0.278675	-0.808242	-0.518735
-0.915159	-0.110774	0.387573
0.601061	-0.631772	-0.48948
-0.893246	0.347323	0.285444
-0.219041	-0.872786	0.436195
-0.175029	0.843068	0.508529
0.596442	-0.667269	0.446104
-0.831674	0.55439	0.0311452
-0.247466	0.0399346	0.968073
-0.0132883	-0.338163	-0.940994
0.654393	-0.740812	-0.151549
-0.765195	0.642895	0.0340968
0.0227441	-0.972108	-0.233427
-0.788889	0.545762	0.282486
0.459083	-0.475909	-0.750169
-0.331068	0.709085	0.622569
-0.0826784	0.825024	0.559017
0.183905	-0.965887	-0.182323
0.411374	-0.909437	-0.0607888
-0.995217	0.0106518	-0.097104
0.884727	0.108506	0.453304
0.257712	-0.731825	0.630885
0.45609	-0.852849	0.254225
-0.620839	0.518163	0.588274
-0.708624	-0.700314	0.0860938
0.285872	0.368849	-0.884436
-0.215763	-0.97587	0.0335364
0.0159313	0.838679	-0.544393
0.328517	0.930067	-0.164476
-0.834803	0.00420918	0.550533
-0.0461883	-0.978214	0.202396
-0.452626	0.684385	-0.571618
0.106977	-0.556431	0.823979
0.519295	0.824453	-0.224966
0.373259	-0.921148	0.110287
-0.909741	0.398919	-0.115045
0.203148	0.422162	-0.883465
-0.409639	0.0455668	-0.911109
0.18808	-0.908464	-0.373255
-0.248435	0.682134	0.687731
-0.244964	-0.527113	-0.813723
-0.701788	0.584702	-0.406962
0.0109066	-0.943943	0.329928
-0.190294	0.975205	0.112977
0.278569	0.93863	-0.203404
-0.653709	0.374978	-0.65731
0.772446	-0.523453	0.359616
-0.672305	0.56531	-0.477944
0.26511	0.656373	-0.706322
-0.093138	0.778489	0.620709
0.26317	-0.533355	-0.803912
0.0777312	0.984747	0.155663
0.202945	0.599109	0.77452
-0.0931781	0.665233	0.740799
0.845414	-0.0363493	0.532873
-0.940022	-0.126646	0.316731
-0.110621	0.896126	0.429793
-0.651428	0.720719	0.23708
0.340221	-0.877223	-0.338717
-0.452721	0.884773	-0.110551
0.764676	0.604168	-0.22417
-0.298838	-0.871675	0.388431
0.229855	-0.917196	0.325451
-0.758844	0.603116	0.245779
-0.410263	0.743633	-0.527915
-0.574423	-0.650532	0.496837
0.36612	-0.911979	0.185067
-0.424892	0.89757	-0.117622
-0.983943	-0.170813	0.0517516
0.474542	0.362233	0.802245
-0.244146	-0.837098	-0.48955
-0.333026	0.929023	0.161277
0.887362	0.241038	0.393051
-0.309355	-0.52398	-0.793564
0.997432	-0.0715459	-0.0031512
-0.20784	0.910834	0.356628
-0.350665	0.69588	-0.626725
0.0229751	-0.303883	-0.952432
0.58095	-0.801061	-0.144218
-0.819311	0.492066	0.29428
0.328	-0.931552	0.156928
-0.742214	-0.014919	-0.669997
0.434212	-0.823289	-0.365588
-0.686233	0.455367	0.567208
-0.538688	0.324146	0.777653
-0.201599	-0.961576	-0.18636
0.318664	-0.373249	-0.871285
0.252462	0.360346	0.898006
0.488078	0.772836	0.405591
-0.926391	0.159436	-0.341144
0.370791	-0.58104	-0.724504
-0.807958	0.476673	-0.34639
0.404326	-0.858234	0.316158
0.766584	0.0214422	-0.641786
0.451548	-0.892219	-0.00711416
-0.121632	0.895437	-0.428249
0.593004	-0.803612	-0.0505374
0.870178	0.229069	-0.436255
0.168756	-0.860035	-0.481519
-0.595226	0.780222	-0.192249
0.133497	-0.677643	0.723173
-0.853503	0.520359	-0.0275607
-0.151331	-0.912881	0.37914
-0.296888	0.923769	0.241883
0.572525	0.817304	-0.0650331
-0.387437	0.921149	-0.0371096
0.511076	-0.821129	0.254065
-0.322069	0.946343	-0.0265688
-0.557486	-0.528183	-0.640494
-0.691048	-0.706046	-0.154766
0.35119	-0.932891	-0.0798765
-0.844794	0.132845	-0.518338
-0.909836	-0.113024	0.399278
0.38282	0.911785	-0.148652
0.846621	-0.45939	-0.26869
-0.355783	0.874464	0.329744
0.257285	-0.582305	0.771184
0.190468	-0.061021	0.979795
0.403127	-0.690869	0.600157
-0.428993	0.855404	-0.290256
0.500217	0.697465	0.513152
0.967956	0.051728	0.245733
0.77182	-0.626113	0.110801
-0.730371	-0.266219	0.629035
0.177496	-0.382257	0.906849
-0.0562326	0.929546	0.364394
0.764699	-0.350004	-0.541048
-0.906028	0.423033	-0.0124825
-0.296059	0.692172	-0.658215
0.133719	-0.749983	0.6478
0.61872	-0.673665	-0.40418
-0.87533	0.234302	0.422967
0.996173	0.086626	0.0116296
0.365752	0.627758	-0.687128
0.601061	-0.721344	0.344077
-0.746999	0.590911	-0.304659
-0.951474	0.296151	0.0836178
0.864038	-0.0129277	0.503261
0.588366	-0.784619	-0.195443
-0.457656	0.862738	0.215021
-0.0940418	0.995183	-0.0276908
-0.880775	0.439861	0.17538
0.544691	-0.792224	0.275124
-0.143234	0.935774	0.322197
-0.316013	-0.930132	-0.187058
-0.973732	0.150448	0.170913
0.692849	-0.687074	0.218835
-0.138381	0.833768	0.534493
0.322198	-0.304415	-0.896393
0.201998	0.895659	0.396221
0.0992784	-0.951738	0.290411
-0.770335	0.551384	-0.32025
-0.207539	0.912086	0.35359
0.689611	-0.18539	0.700049
0.602062	-0.604184	-0.521999
-0.680545	0.676341	0.281818
-0.33056	0.453581	0.827644
-0.581159	0.633087	0.511327
0.657841	-0.652855	-0.375534
-0.507153	0.805791	-0.305773
-0.895111	-0.21006	0.393256
-0.908819	0.363493	-0.204745
0.640541	-0.70835	-0.29656
-0.642523	0.615813	0.456002
-0.808793	-0.172852	-0.562118
0.309128	-0.699206	0.644632
0.690009	-0.348228	-0.634527
-0.915895	0.385877	-0.11061
-0.455247	-0.368018	-0.810748
-0.860336	0.0129684	-0.509562
0.164502	-0.971884	-0.168468
-0.3919	0.386231	0.835009
-0.46102	-0.812182	-0.357519
0.630317	0.482418	0.608254
0.0206559	-0.995856	0.0885723
-0.320468	0.777518	0.541079
0.583364	-0.725665	0.364825
-0.410472	-0.34168	0.845439
0.16526	-0.98599	0.0226637
-0.371345	0.915842	0.152765
-0.225942	0.957471	0.179444
0.891833	-0.450564	-0.0403301
0.485629	-0.87139	-0.0696035
-0.496666	0.603332	-0.62395
0.912128	0.269782	-0.308609
0.779182	-0.335478	-0.529462
0.61146	-0.773447	0.167024
-0.826778	0.495296	0.266685
-0.381565	-0.764089	-0.520169
-0.0151825	-0.812116	0.583299
0.530946	-0.814982	0.232164
-0.434655	0.898401	0.0628532
-0.881389	0.211184	0.422557
-0.986393	0.164285	-0.00631434
0.645926	-0.555412	0.523734
-0.170316	0.978315	0.117864
-0.953304	-0.301601	0.0157371
-0.494186	0.868932	-0.027156
0.771106	-0.592039	-0.234275
-0.513803	0.857674	0.02004
0.0918244	-0.935032	-0.342467
-0.499449	-0.0369735	-0.865554
0.333803	-0.902415	-0.272438
-0.100883	0.993619	-0.0504341
0.559533	0.140405	0.816829
0.67412	-0.216293	0.706243
-0.100179	-0.943042	-0.317232
-0.264851	0.964186	-0.0140857
0.148978	0.485354	-0.861532
-0.242218	-0.967573	0.0716471
0.619025	-0.770441	-0.152409
-0.840218	0.53106	-0.109582
0.0456045	-0.60628	0.793943
0.97926	0.138542	0.147836
0.677248	-0.692762	-0.247821
-0.703303	0.710312	-0.0286729
-0.456898	-0.83948	-0.294138
-0.234025	-0.884117	0.404437
0.419473	-0.878018	0.230492
-0.806131	0.55741	-0.198611
0.120428	0.98661	-0.109991
0.525845	0.272695	-0.805682
0.305733	-0.784149	-0.540036
0.11873	0.885829	-0.448564
-0.440673	0.8847	0.152032
-0.887008	0.435565	-0.153298
0.560928	-0.721849	-0.405331
-0.440795	0.798422	-0.410148
0.843701	0.463137	0.271426
0.167346	-0.0456882	0.984839
0.374641	-0.671652	-0.639162
0.123738	0.990795	-0.054905
0.23516	0.89585	0.37703
0.137316	0.937059	0.321037
0.253862	-0.898623	0.357814
-0.390465	0.916167	-0.0904187
0.577774	0.0431592	-0.815055
0.922448	-0.347594	0.16813
0.174697	-0.665367	0.725788
-0.0291667	0.377497	-0.925551
-0.525491	0.47283	-0.707312
-0.826946	0.102802	-0.552804
0.121716	-0.980359	0.155184
-0.993551	0.0906621	0.0680995
0.450014	-0.774081	0.445293
-0.499212	-0.493947	-0.711901
0.816739	-0.274091	0.507752
-0.860084	0.363237	-0.35821
-0.437245	-0.866444	0.241022
-0.3251	0.576186	0.74988
0.497407	-0.846156	0.191327
-0.775737	0.321182	-0.543207
-0.236841	-0.0129568	0.971462
-0.00866016	-0.0240941	-0.999672
0.934688	-0.290115	-0.205407
-0.856095	-0.00873729	-0.516745
-0.452816	0.880595	0.139681
-0.37627	0.920902	0.101784
0.684806	-0.724625	0.077201
-0.903421	0.372551	-0.212217
0.615372	0.11704	0.779499
0.0727909	0.853267	0.51637
0.919007	-0.386334	-0.0785625
-0.69549	0.184685	-0.694396
-0.151554	-0.120235	-0.981109
-0.911721	0.273221	-0.306783
0.494931	-0.867571	0.0486123
-0.435569	0.678521	-0.591514
-0.861557	-0.443135	0.247692
-0.0707378	-0.331574	-0.940774
0.805303	-0.58164	0.114811
-0.911533	0.397819	-0.104149
0.752932	-0.657589	-0.0258827
0.138466	-0.8853	-0.443928
0.650444	-0.67946	-0.339496
-0.735191	0.532629	-0.419285
-0.765819	0.306427	-0.565353
0.785437	0.539053	-0.304155
0.482385	-0.87593	-0.00715878
-0.0722803	0.959767	-0.271334
-0.0834677	0.214664	-0.973115
-0.5226	-0.244417	-0.816792
0.679807	-0.723392	-0.120689
-0.60081	0.507406	0.617711
-0.351111	-0.935917	0.0279529
0.918473	-0.210036	0.335099
0.3831	-0.879439	0.282528
-0.036709	0.585297	-0.809988
-0.57653	0.794939	0.188904
-0.765283	0.285001	0.577163
0.540697	-0.838478	0.0678355
-0.383869	0.87389	0.298263
-0.897463	-0.417398	-0.142614
0.48553	-0.624574	-0.611692
0.338782	-0.940716	0.0167208
-0.764082	0.64486	-0.0182984
0.369472	-0.554269	0.74584
-0.0990044	0.847777	-0.521031
0.7075	-0.608894	0.358737
-0.412124	0.40648	0.815431
-0.655189	0.425376	-0.624326
0.77851	-0.618953	-0.104018
-0.0789184	-0.825919	-0.558238
-0.816531	0.474878	0.32828
-0.725969	0.682513	0.0845282
-0.0342287	-0.939292	-0.341408
0.566356	-0.805296	0.175327
0.0579843	0.896373	-0.439492
-0.114341	-0.162695	-0.980029
-0.491131	0.828651	-0.268565
0.228353	-0.960347	0.159965
-0.618197	0.710599	-0.335977
-0.836982	0.426448	0.342932
0.956839	-0.244061	-0.157774
0.910331	-0.40928	-0.0615415
-0.555727	0.83078	-0.0311848
0.191633	-0.729539	-0.656544
-0.468488	-0.0252407	0.883109
0.348764	-0.882147	-0.316512
-0.460318	0.875116	-0.149261
-0.334318	-0.49477	-0.802144
0.678298	-0.652662	-0.337557
0.53081	-0.829432	-0.174022
-0.564028	0.779447	0.272644
-0.756521	0.128919	-0.641137
0.416034	0.323128	-0.850003
0.256545	-0.894462	0.366228
-0.0278752	0.9778	0.207679
-0.282567	0.830579	-0.47989
-0.100712	0.158467	-0.982215
0.361696	-0.591434	-0.720681
0.574046	0.597004	-0.560408
-0.0375296	-0.962718	-0.267892
0.00527586	0.950638	0.310258
-0.201397	-0.974746	-0.0964896
-0.00426888	0.833135	-0.553053
-0.028863	-0.676568	-0.735815
-0.917111	-0.382772	0.111321
0.587518	-0.808301	-0.0383742
0.0241543	0.957496	0.287434
0.588749	-0.219046	0.77807
-0.807924	0.588947	0.0200054
0.549628	-0.805237	-0.222491
-0.263751	0.921209	0.286023
0.34537	-0.712371	0.61094
-0.801291	-0.413388	0.432484
-0.201426	-0.967097	-0.155403
-0.277415	0.886569	-0.370183
-0.688971	0.629731	-0.35883
-0.275764	0.924724	-0.262375
0.282971	-0.885441	-0.368674
-0.285833	0.809366	-0.513055
0.73521	-0.251649	-0.629396
0.539517	-0.663062	-0.518913
0.577929	-0.770761	-0.268189
-0.626681	0.646383	0.435271
0.497828	0.852251	0.160734
0.746337	0.636919	0.19317
0.963372	-0.0722247	-0.258261
-0.702867	0.668909	-0.24195
-0.524022	0.740031	-0.421611
-0.674415	0.613877	0.410268
0.250772	-0.966063	0.0619338
-0.940442	0.270681	-0.205674
-0.233589	0.0835982	0.968735
0.877749	-0.422889	0.225216
0.228752	-0.970107	-0.081023
-0.984324	-0.0535401	0.168049
-0.690893	0.722298	-0.0308712
-0.0293697	0.971149	0.236657
0.137404	-0.990368	-0.0170967
-0.156118	0.976203	0.150518
-0.302924	-0.283149	-0.90998
0.859437	-0.510929	-0.0178763
0.284133	-0.947971	0.143594
-0.59963	0.478514	-0.641458
-0.322196	-0.876154	0.35853
-0.109846	0.564157	-0.818328
0.800695	-0.545041	0.24863
-0.863095	0.481397	0.15272
-0.690199	-0.714391	-0.115204
-0.239325	-0.754129	-0.611567
0.845044	-0.534688	-0.00320845
-0.658103	0.15312	-0.737194
0.175276	-0.883258	0.434895
-0.752105	0.6399	-0.157691
0.653458	-0.68645	0.319029
-0.700176	0.595219	-0.394294
0.232536	-0.970506	0.0636028
-0.402526	-0.763575	0.504903
0.591637	-0.602702	-0.535458
-0.375535	0.562699	-0.73644
0.175136	-0.951724	0.252091
-0.759553	-0.64959	-0.0333475
0.15777	-0.907392	0.389548
-0.598219	0.749617	-0.283211
0.465995	0.0499309	-0.883377
0.84712	0.499304	-0.181888
0.655239	-0.693956	0.298473
-0.111016	0.95751	0.266175
-0.351033	-0.935868	0.0304423
-0.918544	0.395279	-0.00568921
0.514415	-0.470798	-0.716747
-0.480059	0.793278	0.374505
0.167774	0.967115	-0.191156
0.207675	-0.32647	0.922111
0.460679	-0.881549	-0.103177
-0.769995	0.541866	-0.336881
-0.075457	0.809014	-0.582926
-0.797739	0.197299	-0.569811
0.0921561	-0.980962	-0.170943
-0.529433	0.676485	0.511927
0.292396	0.896769	-0.332131
0.713855	-0.620501	-0.324639
0.627306	-0.752652	-0.200004
-0.359337	0.799924	-0.480622
-0.847864	0.26182	-0.461062
-0.193122	0.979969	0.0486207
0.652422	-0.586638	-0.479793
-0.901834	0.429245	-0.0494316
-0.569619	0.810037	0.139189
-0.542991	0.775704	-0.321629
0.7804	-0.612513	0.125713
-0.65044	0.755137	0.0818308
-0.245809	0.835498	0.491448
0.864075	0.498125	0.0724284
0.0262089	-0.999121	0.0327305
-0.317989	0.908649	-0.270629
0.330236	-0.856157	-0.397417
-0.222008	0.926526	0.303746
0.801099	-0.589491	-0.10364
-0.48172	0.861731	-0.159267
-0.945251	0.218166	0.242703
0.296473	0.203621	-0.933082
0.6512	-0.689843	0.316315
0.0294969	0.994528	-0.10022
0.255747	-0.210178	0.94362
-0.724636	-0.360642	0.587231
0.589421	-0.783813	0.1955
-0.594571	0.757228	-0.270355
-0.396612	0.82655	0.399391
-0.533416	0.191585	0.82387
0.214521	-0.974457	-0.066434
-0.353757	0.862028	-0.362994
0.152122	0.987757	0.0345585
0.990347	-0.121141	0.0673568
0.873014	-0.487651	0.00648452
-0.765456	0.640671	0.0601538
-0.241976	0.952782	0.18345
-0.887073	-0.257577	-0.383087
0.421814	-0.87501	0.23755
-0.46934	0.85393	-0.224776
-0.380468	-0.701345	-0.602793
0.485242	0.654908	-0.579341
0.594746	-0.797758	0.0992946
-0.819447	0.573153	-0.00125763
0.485836	-0.108147	0.867334
-0.777275	0.0345583	0.628211
0.131192	-0.977278	0.166485
-0.189857	0.430691	0.882303
-0.144061	-0.675274	-0.723361
-0.654047	-0.657162	-0.374649
0.348454	-0.886656	0.304007
-0.830253	0.552079	-0.0767319
0.0557928	-0.995883	0.0714453
0.774133	0.530394	-0.345543
0.949511	-0.29894	0.0952017
-0.497501	0.867339	0.0146746
-0.799269	-0.504473	-0.326612
0.14022	0.961926	0.234598
0.953825	-0.00256523	0.300352
-0.475229	0.479885	0.737474
-0.788769	-0.548401	-0.277669
-0.0756983	-0.969106	0.234743
0.901202	-0.285462	-0.326108
-0.674962	0.708833	-0.204896
-0.603448	0.714955	-0.353113
-0.229135	-0.472079	-0.851257
0.89765	-0.353191	0.263591
-0.912998	0.407965	-0.000429539
-0.453649	0.628667	-0.631649
0.862045	0.227439	0.452935
0.825121	-0.424099	-0.37325
-0.893003	0.389517	0.225438
-0.778436	-0.0186274	0.627447
0.743544	0.650415	-0.155249
0.600141	-0.558139	-0.572985
-0.593666	0.792636	0.138884
-0.698502	0.499627	-0.512316
-0.202874	-0.560875	0.802659
0.240638	-0.55249	-0.798028
-0.598354	0.790762	0.129106
-0.7975	-0.598533	-0.0758386
0.870073	0.193068	0.453539
0.934372	-0.255979	-0.247837
-0.858189	0.489142	0.155728
-0.937795	0.0345118	-0.345469
-0.887881	-0.449039	-0.100159
0.998437	0.036509	-0.0423084
-0.637372	0.623979	0.452114
-0.665283	0.254941	0.701714
0.514667	-0.842257	0.160378
0.87273	-0.138676	-0.468093
-0.453068	0.808983	-0.374535
0.196407	-0.908146	-0.369722
-0.769707	0.555726	0.314197
0.59114	-0.762205	-0.263812
-0.731621	0.486138	-0.477913
-0.243401	-0.0721745	-0.967237
0.466618	-0.166876	-0.868573
0.834258	-0.528996	0.155488
-0.829757	0.546893	-0.111407
-0.54197	0.444123	-0.713458
-0.278339	-0.540001	0.794309
0.976881	-0.178953	0.116956
-0.106771	0.870568	-0.480324
-0.809249	0.266502	-0.523539
0.834789	-0.540229	0.10621
0.779798	-0.534832	0.325376
-0.721222	-0.0531064	-0.690665
0.600125	0.798508	0.0472706
-0.697565	-0.471783	-0.539281
0.555004	-0.823709	-0.116076
-0.796732	0.494184	-0.347851
-0.284001	0.0137753	0.958725
-0.126547	-0.96246	0.240117
0.564533	-0.814287	0.135053
-0.465768	0.883823	-0.0437818
-0.0638883	0.974721	0.214095
-0.690519	-0.712815	0.122798
0.38012	-0.700581	0.6039
-0.723435	0.685281	-0.0838532
0.969129	0.0115369	-0.246284
0.262799	0.0525352	0.963419
0.403386	-0.845612	-0.349599
-0.624222	0.779757	0.0482148
-0.944026	-0.0753959	-0.321138
0.639484	0.200913	0.742088
0.952409	-0.294327	0.0792982
-0.579063	0.630232	-0.517198
0.850002	0.136874	-0.508687
0.116309	0.00448007	-0.993203
0.776303	-0.492872	0.392978
-0.671533	0.720607	0.172537
-0.728236	-0.428995	0.53445
0.735038	-0.67306	-0.0819119
0.66896	-0.623828	0.404142
-0.844139	0.511361	-0.161056
0.205409	-0.97623	0.0691533
-0.845965	-0.467239	-0.256964
0.619456	-0.741985	-0.256384
-0.364916	0.755306	-0.54438
0.118711	-0.992838	0.0134136
0.490073	-0.547715	-0.678112
0.825031	-0.519271	0.222895
-0.307616	0.782362	-0.541556
0.34834	0.714488	-0.606767
-0.911689	-0.395916	0.109878
0.0717165	-0.953265	0.293501
-0.653678	0.543212	-0.526901
0.218609	-0.134902	-0.966443
-0.948912	0.0988144	0.29967
0.128514	-0.956622	-0.261455
-0.269592	0.772947	-0.574346
0.0144969	0.567863	-0.822995
-0.667457	-0.0276275	0.744136
0.0945889	-0.801417	0.590579
-0.793928	0.582103	-0.175595
0.293424	0.796832	-0.528168
0.0817278	-0.710998	0.698428
-0.0269323	-0.876316	0.480983
-0.175324	0.923249	-0.341866
0.0675097	0.94573	0.317864
-0.137334	0.9231	-0.3592
0.472943	-0.744335	0.471477
0.201086	0.949855	0.239459
0.340629	-0.392863	0.854184
0.062388	-0.568923	-0.820021
-0.0717054	-0.939109	0.336055
-0.598278	0.800959	0.0229616
0.832123	0.0994066	-0.545609
-0.287555	-0.529106	0.798347
0.393895	-0.881039	-0.261949
-0.868003	0.483706	-0.112243
0.893434	0.39801	0.208241
0.323221	0.0797747	-0.942955
0.721644	-0.214725	0.658121
-0.580825	0.601202	-0.548815
0.372169	-0.922918	0.0985571
-0.298692	0.380885	0.875048
0.741266	-0.0251443	0.67074
-0.717926	0.330241	-0.612799
-0.29772	-0.502125	-0.811932
0.714281	-0.00392053	0.699848
0.165711	-0.984362	0.059768
-0.47071	0.872552	0.130707
0.0589306	0.564197	0.823534
-0.202617	0.883406	0.42254
0.573427	-0.759037	0.308292
0.011656	0.995301	-0.0961241
-0.97853	0.0700701	-0.193828
-0.738225	-0.546627	-0.395251
0.0958703	-0.960891	0.259803
-0.00728806	0.891458	-0.453045
-0.0536345	0.972937	-0.224759
0.0429973	-0.742825	-0.668103
0.083045	-0.988834	0.123741
0.0827379	0.620016	-0.780214
0.572484	-0.429894	0.698179
-0.519275	0.19514	0.83203
0.681364	-0.351447	0.64205
-0.954916	-0.267318	0.129137
0.84166	0.518478	0.15096
0.0228498	-0.645835	0.763135
0.355819	-0.624719	0.695067
-0.26068	0.907256	0.330048
0.563858	0.682887	-0.464467
0.986155	-0.147573	-0.0756293
-0.0745662	-0.69646	0.713711
-0.331158	0.901498	-0.278633
-0.335805	0.93465	0.116892
-0.875138	-0.311274	0.370463
0.951205	-0.164837	0.260841
-0.690848	0.233628	-0.684213
-0.721699	0.639863	0.264057
0.17614	0.357982	-0.916964
0.307387	-0.922262	0.234405
-0.772652	0.583599	-0.249841
-0.730214	-0.66888	-0.139236
0.860131	0.332021	0.387218
0.688198	-0.446968	0.571492
-0.681591	0.558733	0.472495
-0.90867	-0.32004	0.268128
-0.97636	-0.00574613	0.216075
0.474357	-0.708859	-0.52202
-0.411248	0.910472	-0.0437691
0.75105	0.496105	-0.435664
0.857673	0.40654	-0.314838
0.711556	-0.698081	0.0798138
-0.892093	0.451156	0.0250684
-0.514403	-0.642489	0.567977
0.306407	-0.742071	0.596193
0.591566	-0.73269	0.336475
-0.789122	0.600103	-0.131009
0.161827	0.712111	-0.683161
0.380974	-0.886496	0.262646
0.382173	-0.682187	0.62335
-0.72845	0.643913	-0.233956
-0.169629	-0.900338	0.400771
0.650745	0.594421	0.472435
-0.112721	-0.99353	0.0138632
-0.725296	0.612193	-0.314904
0.29083	-0.682253	0.670782
-0.741437	0.636648	-0.212015
0.477009	-0.749785	0.458568
-0.394849	0.777249	-0.489876
-0.591467	-0.179855	-0.786014
0.501413	-0.54542	0.671641
0.932948	-0.35991	-0.00847335
-0.797032	0.519159	-0.308567
0.349706	-0.880579	-0.319823
0.697655	0.708087	-0.109045
0.653253	-0.670285	0.352105
-0.684379	0.532408	-0.498164
-0.0420973	0.998678	-0.0294802
-0.403398	0.759756	0.509942
0.637973	-0.756202	0.145427
-0.893953	0.0420384	-0.446184
-0.902289	0.429788	0.034016
0.80571	0.271724	-0.526305
0.580268	-0.744671	-0.32978
-0.794957	0.5744	-0.195213
-0.769862	0.638203	-0.00309865
0.183293	0.871254	0.455325
0.176164	-0.912909	-0.36819
-0.77814	0.623802	-0.0732812
0.163696	-0.914215	-0.370695
-0.228884	0.758633	-0.60999
0.520412	-0.816382	-0.250384
-0.858189	0.476672	0.190512
-0.866585	0.476782	-0.147344
0.848547	0.0435827	-0.527321
-0.215339	-0.955131	-0.203359
-0.223797	0.910186	0.348535
0.503835	-0.852283	-0.140586
0.403426	0.513896	0.757073
0.0889683	-0.986029	-0.140827
0.015931	0.954814	0.296777
0.0495294	-0.63712	0.769171
-0.26808	-0.340926	0.901056
0.403534	-0.903375	0.145169
-0.0736558	0.967731	-0.24098
0.361999	0.925088	0.114754
0.264114	0.755729	0.599264
0.110309	-0.964668	-0.239267
-0.861542	0.403812	-0.307703
0.711349	0.70218	-0.0304336
-0.233997	-0.345485	0.908782
0.00558377	-0.814892	0.579585
-0.576982	0.816586	-0.0167433
-0.714894	-0.694293	0.0829685
0.411768	0.387326	0.824879
0.278784	-0.938775	0.202439
-0.23639	0.970816	0.0404404
0.0560152	-0.78765	-0.613572
-0.539715	0.270539	0.797193
0.391457	-0.721091	-0.571656
0.0180362	0.944664	-0.327544
0.142791	-0.948576	-0.282516
0.759556	0.227261	-0.609449
0.628007	-0.72444	-0.284242
-0.160189	0.974307	0.15832
-0.360303	-0.372622	0.855181
0.460442	0.447092	0.766878
0.73877	-0.490855	-0.461823
-0.773357	0.614071	0.157593
-0.901645	-0.395762	0.174381
0.0640384	0.490291	-0.869203
0.335016	-0.64556	-0.686307
-0.379128	0.909465	-0.170692
0.511692	0.723069	0.46405
-0.592842	0.728068	0.344172
0.447855	-0.811835	0.374633
-0.726618	0.62489	0.285551
0.688019	-0.724962	0.0325592
0.453608	0.116116	-0.883604
0.266611	-0.806085	0.528342
-0.139968	0.926254	-0.349947
0.277459	0.530868	-0.800747
0.700224	-0.713211	0.0318968
0.422783	-0.903658	0.0682447
-0.264963	0.783525	0.562034
0.86262	0.242239	-0.444079
-0.107607	0.991058	-0.0788927
0.764828	-0.606121	-0.218302
-0.560299	0.767123	-0.312389
-0.331844	-0.16275	0.929189
-0.575262	-0.37709	0.725863
0.468796	-0.854908	0.222179
-0.0184747	0.947757	0.318457
-0.0692203	0.0402227	0.99679
0.318367	-0.0650022	0.945736
0.365669	-0.863389	-0.34763
-0.371446	0.904073	0.211377
-0.755228	0.527902	0.388523
-0.0456986	-0.325809	0.944331
0.338522	-0.93277	-0.123869
-0.773269	0.599055	0.207818
0.293155	-0.838572	-0.459192
-0.976119	-0.209945	0.0558125
0.721258	-0.670312	0.174555
0.075796	0.946612	0.313338
0.10131	0.882858	-0.458583
0.808154	-0.082925	0.583104
0.319805	-0.872589	-0.369207
-0.580714	0.812974	0.0429472
0.662355	-0.720162	0.206525
-0.917145	-0.100317	0.385722
0.964919	-0.0200801	0.261777
-0.539035	0.841597	-0.0339924
-0.904828	-0.369167	-0.212136
0.485357	0.696814	-0.528091
0.941508	0.0897297	-0.324825
-0.854103	0.452489	-0.256439
0.804185	0.593899	0.0239068
0.664335	-0.737401	-0.122061
0.830526	-0.551928	-0.0748412
-0.743265	0.265873	0.613897
-0.557778	-0.801729	0.214744
0.725086	0.503548	-0.469776
-0.241838	-0.970184	0.0160432
-0.296403	0.954776	-0.0233969
-0.239285	0.677254	0.695752
-0.395319	-0.916693	0.0582836
0.414747	-0.744928	-0.522559
-0.868527	0.418187	0.266045
-0.195779	-0.970236	0.142521
0.319544	-0.401012	-0.858534
0.482902	-0.868875	0.108915
-0.254565	0.730052	0.634209
0.905442	-0.26531	0.331339
-0.0181696	0.746625	0.664997
0.187244	-0.981112	-0.0485673
-0.115181	0.828698	-0.547716
-0.176173	-0.575707	0.798452
-0.119739	-0.818191	0.562339
0.0149801	-0.971929	-0.234798
-0.329703	0.913183	0.239567
-0.776958	-0.477539	0.410235
0.454535	-0.816675	0.355585
0.669338	-0.533451	-0.517124
-0.903227	0.392823	-0.172831
0.62722	-0.068785	-0.775799
0.199342	0.95872	0.20278
0.149864	-0.968348	0.199609
-0.803793	0.430774	0.410306
0.048919	-0.835776	0.546887
0.00709741	-0.431162	0.902246
0.760218	-0.647715	-0.05034
-0.933898	0.322788	-0.15376
-0.923559	0.186036	0.335304
-0.40445	-0.817111	0.410793
0.671719	-0.701197	0.238991
-0.605092	0.624562	-0.493747
0.687581	0.699121	-0.196117
0.193539	-0.89874	0.393458
0.902984	-0.399894	0.157175
-0.821203	0.503743	-0.268084
0.779157	0.511896	0.361768
0.0120284	-0.311265	0.950247
0.889529	-0.456145	-0.0258741
-0.481434	0.414006	-0.772542
0.718903	-0.365924	0.590998
0.0232677	0.691279	0.722213
0.140828	-0.856321	0.496872
-0.87832	0.477596	-0.0213286
0.451095	0.89039	0.0609851
0.441747	0.781772	-0.440104
0.563094	-0.807605	-0.175213
-0.347245	0.926584	-0.144439
0.137748	0.688741	0.711802
0.595971	-0.0852199	-0.798471
0.644659	-0.52071	-0.559711
-0.675013	0.727106	-0.125194
0.535334	-0.739506	-0.408104
0.969994	0.242868	0.0112362
0.753086	-0.497112	-0.430976
-0.696008	0.715876	-0.0556308
-0.26849	-0.890947	0.366233
0.713906	-0.424718	0.556735
0.492946	-0.868393	0.0538287
-0.610284	0.791343	0.0364654
-0.267638	-0.451404	-0.851237
0.0324058	0.995696	0.0868256
0.878694	-0.238868	0.413327
-0.803254	0.560323	-0.202043
-0.143951	0.398484	-0.905808
0.18101	0.931274	-0.316172
0.931672	-0.353864	0.0822698
-0.528714	0.841803	-0.10876
-0.592491	-0.18524	0.783991
0.115376	-0.88509	-0.450892
0.714462	-0.696077	-0.0708523
-0.194772	0.886751	-0.419209
0.307588	-0.169318	-0.936334
-0.113642	-0.980726	-0.158938
0.613094	-0.632326	0.473582
-0.566617	0.722446	-0.396255
-0.668924	-0.118975	-0.733748
0.376688	0.831146	-0.409026
0.180922	-0.75302	0.632635
-0.0849714	0.744426	0.662276
-0.582307	-0.617856	0.528368
-0.161281	0.616739	-0.770468
0.808499	-0.537821	0.238912
0.11455	0.820009	-0.560771
-0.378322	0.898206	-0.223826
-0.525319	0.167199	-0.834317
0.862935	-0.501006	-0.0658525
-0.788798	0.597545	-0.144004
0.291045	0.325971	0.899464
-0.594191	0.804244	0.0113609
0.320587	-0.838515	0.440586
-0.968689	0.222928	-0.109288
-0.428488	-0.818774	-0.382108
0.807839	-0.475229	0.348646
0.950827	-0.167065	0.2608
-0.278045	0.873159	-0.400356
-0.562441	-0.81576	0.134892
0.325798	0.631878	-0.703267
0.857866	-0.0840776	0.506949
-0.965323	0.259405	-0.0293482
-0.436207	0.0250626	-0.899497
0.393558	-0.54443	0.740749
0.78993	-0.0711152	0.609059
-0.47453	0.580416	-0.661769
0.98458	0.127771	0.119487
-0.0777002	0.689431	0.720172
0.385412	-0.575989	0.720898
-0.815798	0.354163	-0.457211
0.0094423	0.806172	0.591606
-0.213481	-0.959954	0.181426
0.665627	-0.741377	0.0854449
-0.644877	0.49239	0.584539
