2048
0.948692	-0.0840199	0.304835
0.0876644	-0.0437706	-0.995188
0.293054	-0.956076	0.0061444
0.220809	0.952505	-0.209711
0.0264796	0.0250942	0.999334
0.945037	0.239277	-0.222827
-0.303051	0.0495284	-0.951686
-0.168346	0.982692	0.0773021
0.320942	0.813968	-0.484202
0.305844	-0.576724	0.757528
-0.67658	-0.728933	-0.104386
0.00579957	0.00214143	-0.999981
-0.426566	0.853177	-0.300218
-0.162397	-0.813682	0.558165
0.224698	-0.554088	-0.801559
0.115072	0.652927	-0.748629
0.801715	0.558189	-0.213725
-0.570977	-0.112633	-0.813203
0.639679	-0.64377	0.419965
-0.0757233	0.785909	-0.613688
0.00476903	-0.220434	-0.97539
0.429095	-0.90281	0.0285016
-0.390437	-0.916228	-0.0899152
-0.326728	0.160622	-0.93137
0.793619	-0.0870081	0.602161
-0.82134	0.416599	0.389673
-0.114304	-0.982693	0.14577
-0.0143716	0.832419	-0.55396
-0.266565	-0.955897	0.123305
0.237341	0.809055	0.537679
0.391446	-0.865121	0.313586
-0.90514	0.405931	-0.12626
-0.558791	0.304548	-0.771365
-0.663707	0.274104	-0.69596
-0.0842473	-0.953975	-0.287809
0.515264	0.841362	0.163135
-0.882989	-0.0216492	-0.468893
0.467826	-0.878139	0.100054
0.677329	-0.65424	-0.336446
0.19367	0.933321	0.302329
0.414072	-0.404425	-0.815466
-0.101556	0.530324	-0.84169
-0.374956	-0.68967	-0.619486
-0.254656	0.924177	0.284689
0.892456	0.30146	0.335625
0.930212	0.313823	-0.190319
-0.619548	-0.741604	0.257261
-0.473879	0.216336	0.853603
0.879888	0.109481	0.462396
-0.778456	0.0562095	-0.625178
-0.37597	-0.90738	-0.187903
-0.650445	0.523188	0.550632
-0.939915	0.0300894	0.340081
-0.75173	-0.248451	0.61088
-0.34527	-0.771078	0.535002
0.845884	0.533362	0.00233886
-0.21971	-0.947279	0.233216
0.753312	0.629707	-0.189708
0.21197	-0.727322	-0.652742
0.381518	0.918303	0.105656
-0.693264	0.614353	-0.376769
-0.000119316	-0.551282	-0.834319
-0.0769313	-0.759144	-0.64636
-0.793548	0.444952	-0.415089
-0.640152	0.127033	-0.757673
-0.312998	0.945399	-0.090841
0.222923	-0.937724	0.266419
0.0882756	0.545948	0.833155
-0.568807	0.350046	0.744262
0.625263	0.742302	-0.240902
-0.596274	-0.621333	0.508334
0.462906	0.886123	0.0224288
0.149316	0.976164	0.157507
-0.200102	-0.198962	0.959361
-0.0401439	-0.979205	-0.198862
0.271171	0.153868	0.950153
0.140519	0.0671139	0.987801
0.122161	-0.197163	0.97273
0.176535	-0.984078	-0.0206318
0.566231	0.824097	-0.0156799
0.690973	0.231335	0.684865
0.488224	-0.768651	-0.413295
0.277912	-0.829394	-0.484634
0.200249	0.971363	0.127887
-0.532157	-0.678882	0.505893
0.510531	0.474048	-0.717381
0.600864	-0.541838	-0.587685
-0.261986	0.906553	0.330945
-0.389127	0.545862	-0.742035
0.0139341	-0.99634	-0.0843396
0.888461	-0.343601	-0.304262
0.129627	-0.340901	0.931119
0.334913	-0.933135	-0.13074
-0.940277	0.277605	-0.197016
0.762881	-0.645017	0.0443298
-0.537714	0.75024	0.384712
0.477905	0.714633	-0.51079
0.72425	0.195839	0.661142
-0.525839	-0.576427	-0.62548
-0.244819	0.947268	0.206753
0.00778516	-0.536086	-0.844128
0.490224	-0.862754	0.123838
-0.518088	-0.82477	0.226584
-0.148208	0.801936	-0.578734
0.948165	0.28205	0.146394
-0.0460958	-0.806916	0.588865
0.673156	-0.724981	-0.145818
-0.856301	0.464779	0.225231
0.785572	-0.342952	-0.515035
-0.113655	0.545784	-0.830182
-0.696564	-0.688898	-0.200544
-0.727707	0.657555	-0.195103
-0.742599	0.659705	-0.115481
-0.398863	0.794795	-0.457394
0.356138	-0.812494	0.461541
-0.310309	0.881971	-0.354731
-0.763346	-0.383892	-0.519548
-0.927678	-0.275563	-0.25195
-0.00477028	-0.800471	0.599353
-0.501363	0.643051	-0.578895
-0.883011	-0.323786	0.339786
0.0439494	0.794713	-0.605392
0.114211	-0.925305	-0.361617
-0.820022	0.451447	-0.351795
-0.472244	-0.355248	0.806712
0.288533	-0.394575	-0.872387
0.545238	-0.76574	-0.341113
-0.452805	0.869449	-0.197549
0.901084	-0.409796	0.141827
0.560164	-0.622874	0.546117
-0.314948	-0.941128	0.122828
0.0807739	0.750336	0.656103
0.715046	-0.0352825	0.698187
-0.388424	0.403236	-0.82857
-0.111639	-0.964968	0.237432
-0.183066	0.974189	0.132068
-0.611263	0.742425	0.274159
0.805439	-0.308319	0.506169
0.806606	-0.532291	-0.257008
0.817678	0.530138	-0.224402
-0.966944	-0.187246	-0.173086
0.745618	0.656723	-0.112999
-0.126949	-0.959296	-0.252261
-0.280504	0.834469	-0.474321
-0.548656	-0.470463	0.691116
0.546521	0.139973	0.825665
0.23777	-0.950135	-0.201765
-0.489009	0.812967	0.316157
0.222633	0.877422	-0.424931
0.548493	0.832733	-0.0755709
-0.0270086	-0.919922	0.39117
-0.221985	0.972427	0.0714725
-0.394193	-0.837145	-0.379211
0.781872	-0.495264	-0.378668
-0.102324	-0.821994	-0.560228
0.114997	0.914169	-0.388679
0.397277	0.561205	-0.7261
-0.938281	-0.287299	0.192584
0.765852	-0.458645	-0.450683
-0.146969	0.892023	0.427428
-0.898226	0.253923	-0.358767
-0.839899	0.426953	-0.335084
-0.160244	-0.685156	-0.710551
-0.24216	0.101469	0.964916
0.0265233	-0.758085	0.651617
0.658284	0.533699	0.530875
-0.411027	-0.74522	-0.525075
0.229211	0.973283	-0.0135079
-0.841083	-0.428587	0.32999
-0.054376	0.965772	-0.253628
0.763607	-0.645095	0.0275106
0.714431	0.603807	0.353561
0.571134	0.556459	-0.603456
0.228053	-0.0343685	-0.973042
-0.0379004	-0.997102	-0.0659599
-0.575024	0.446025	0.685864
0.674998	-0.635263	-0.375257
-0.24069	0.970073	0.03203
-0.0770817	-0.973592	-0.214889
0.528095	0.848558	-0.0326445
-0.559636	0.724793	-0.401848
-0.464656	-0.44082	0.767967
0.560517	-0.626584	-0.541492
-0.245168	0.657477	0.712472
-0.510655	0.85843	0.0482519
-0.272213	-0.644008	0.71495
-0.850411	-0.523469	0.0527349
0.479457	0.877443	-0.0146308
-0.54318	-0.5804	-0.606705
0.4579	-0.489824	0.74189
0.457644	-0.165946	-0.873512
-0.573502	0.78534	0.233101
-0.984062	-0.135067	-0.115671
-0.938388	-0.0927658	0.3329
-0.335435	-0.782049	0.525245
0.131349	0.570773	-0.810534
-0.566642	-0.287124	-0.772319
0.367086	0.8895	0.272097
-0.583299	-0.812255	-0.00188563
-0.348246	0.847501	-0.400583
-0.463851	-0.88041	0.0985961
0.552274	0.791438	0.261954
0.29773	-0.85555	-0.423547
0.585066	0.707542	-0.396336
-0.40581	0.0856649	-0.909934
0.128721	-0.0558531	-0.990107
0.0788558	-0.961753	-0.262323
0.539952	0.837772	0.0811786
-0.0598646	0.232136	0.970839
0.588467	0.396392	0.704684
0.0519626	-0.929654	0.36475
-0.268437	0.886764	-0.376286
-0.23142	-0.419038	0.877982
-0.801042	0.0647681	-0.595094
-0.59229	-0.54216	0.596032
-0.349696	0.896742	0.271232
-0.00172863	0.82392	-0.566703
0.923621	-0.16965	-0.343721
0.298732	-0.739699	0.602997
0.635621	0.740812	-0.217219
-0.531747	0.0348705	0.846185
-0.550199	0.0301135	0.83449
0.628782	-0.750595	0.203075
-0.109922	0.992869	-0.0461422
0.187045	-0.848573	0.494911
-0.656256	0.747918	0.0997385
0.318558	-0.822662	0.470902
-0.224243	0.964293	-0.140902
0.0594773	-0.549762	0.833201
0.868363	0.234879	0.43678
0.682701	-0.642497	-0.348019
0.174529	0.974434	0.141484
-0.539519	0.330529	0.774384
-0.294193	0.553761	0.778973
0.177526	-0.889654	0.420713
0.286991	0.953947	-0.087295
-0.37538	0.725932	0.576291
-0.375612	0.469315	0.799161
0.0716828	-0.855482	0.512847
-0.259923	0.911108	0.319879
0.269955	0.387167	0.881604
-0.745931	-0.440189	-0.49982
-0.397031	-0.91753	0.0224663
-0.566779	0.384304	-0.728747
-0.980469	0.0681011	0.184506
-0.540056	-0.347113	-0.766715
0.717278	-0.522488	0.460997
-0.570368	0.789868	-0.225363
-0.887888	0.455429	0.0651064
-0.351688	0.838407	0.416399
-0.428512	-0.850131	-0.30603
-0.0376794	0.999048	0.0219943
0.838147	0.542637	0.0552725
0.312798	0.457529	0.832361
0.376231	-0.887525	0.265989
0.0360413	0.883368	-0.467292
0.141803	-0.956212	-0.256028
-0.943957	0.267116	-0.193891
0.209204	-0.900798	0.380521
-0.116926	0.884779	-0.451104
-0.852892	-0.386877	0.350573
0.946307	0.290422	-0.14198
0.0626417	-0.957108	0.28288
-0.37532	0.437272	0.817269
0.178468	-0.601212	0.778905
-0.681818	-0.0151375	0.731366
0.330931	-0.929568	0.162442
-0.175618	0.976562	-0.124441
0.231167	-0.0949204	0.968273
0.44538	-0.874525	0.191943
-0.543539	-0.370264	0.753306
-0.255167	0.91579	0.310192
-0.985492	-0.0268062	0.167592
0.493769	-0.812543	0.309784
-0.288709	-0.948114	0.133146
-0.423661	0.892629	0.154028
0.435515	-0.890137	-0.1341
-0.39181	0.517513	-0.7607
0.940147	-0.323761	0.106315
0.163837	0.835407	0.524646
-0.0107986	-0.866945	-0.498287
-0.732982	0.581181	0.353506
0.566151	-0.477394	-0.671988
-0.444482	0.880343	-0.165625
0.0442582	-0.978395	-0.201954
0.480622	-0.345317	0.806076
0.851195	-0.452088	-0.266613
0.278601	0.949719	-0.142883
-0.483712	-0.790811	0.375022
-0.251967	0.543251	-0.800869
0.499973	-0.849054	-0.170689
-0.29176	0.934166	-0.205452
0.377304	0.891257	0.251602
0.937281	0.0322483	0.347079
0.0658054	-0.932255	-0.355768
0.277875	0.874612	-0.397291
-0.00545315	-0.588911	-0.80818
-0.119218	0.711872	0.692116
-0.178043	-0.388489	0.904089
-0.00124889	0.969044	0.246885
0.423889	0.394574	-0.815248
0.312849	-0.675596	-0.667605
-0.672549	-0.724764	0.149648
-0.0931581	0.906525	-0.411746
0.529803	-0.568571	-0.629314
-0.688134	-0.395867	-0.60808
-0.475801	-0.84829	0.232414
-0.130174	0.897465	-0.42144
-0.153975	0.931896	0.328422
-0.688326	-0.65505	-0.311635
0.125416	-0.992002	-0.0142373
-0.0338241	0.995295	-0.0907913
0.41935	0.861883	-0.285136
-0.362023	-0.642459	-0.675415
0.25449	-0.21832	0.94211
0.7019	0.653259	-0.283881
0.689743	-0.721503	0.0607211
0.212469	0.584618	0.782993
-0.496145	-0.259131	0.828669
-0.870211	0.415185	-0.265244
0.0481539	-0.683548	-0.728315
0.922467	-0.340734	-0.181534
-0.0874419	-0.927877	-0.362488
0.549616	0.431252	0.715503
-0.387829	-0.898596	-0.205219
0.719108	0.682015	-0.133189
0.0641438	-0.8605	0.505396
-0.532166	0.844941	0.0536057
0.761749	0.109067	0.638626
0.134911	0.296874	0.945339
-0.344785	-0.625524	-0.699887
0.0130868	0.404638	0.914383
0.10688	-0.844808	-0.524286
0.815549	-0.503	0.286131
0.0954853	-0.778975	0.619742
-0.651174	0.757452	-0.0473177
-0.0609372	-0.986418	0.15253
0.992228	-0.117952	0.0396251
-0.19922	-0.825118	-0.52867
-0.670686	0.404153	-0.621965
-0.706598	-0.570521	-0.418598
0.364913	0.410326	0.835746
-0.118432	-0.830213	-0.544721
0.402505	0.82427	0.398207
-0.753107	-0.6575	0.0228929
-0.724067	-0.125615	-0.678195
0.0248114	-0.963909	-0.265074
0.0402184	0.55958	0.8278
-0.86193	0.162479	0.480289
0.0581488	-0.308428	-0.949469
-0.474218	-0.880406	0.00161137
0.473179	0.873165	0.116982
-0.226269	0.0351646	-0.97343
-0.499481	-0.206868	-0.841263
-0.225123	-0.867274	0.444021
-0.467599	0.878729	0.095845
0.279428	0.0365875	-0.959469
0.807817	0.57052	-0.148114
0.769154	-0.620161	-0.154281
-0.245459	0.877994	-0.410946
-0.439855	0.386052	-0.810859
-0.554221	0.683032	-0.475717
0.621844	-0.781928	-0.0435638
-0.508424	0.669401	-0.54167
0.289153	0.952341	0.0971448
-0.823977	-0.236432	-0.514938
0.463782	-0.770915	-0.436574
-0.346703	0.677424	-0.648763
0.407257	0.00141068	0.913312
-0.263117	-0.890804	0.370455
-0.676669	-0.575039	0.459837
0.132891	0.914077	0.383149
-0.244401	-0.849081	-0.468327
-0.648673	0.284075	-0.706062
0.640889	-0.68234	-0.351672
-0.22293	0.944195	-0.242482
0.666763	0.650334	-0.363996
0.167267	0.94865	0.268486
-0.324177	-0.901434	-0.286924
0.606694	0.226548	0.76197
-0.516356	-0.824556	0.231266
0.573297	-0.24022	-0.783342
-0.0634047	-0.968353	0.241398
-0.445033	0.870894	0.208542
0.375896	0.924956	-0.0562006
0.832414	-0.145545	0.534699
-0.203225	-0.802014	-0.56167
0.48469	0.862792	0.143754
0.737856	-0.490081	-0.4641
0.234464	-0.0385256	-0.971361
-0.79441	-0.469833	-0.384928
-0.101029	0.466925	-0.878507
0.324518	0.276787	-0.904476
0.698184	-0.318799	-0.64102
-0.840595	-0.314553	-0.440972
0.0804903	0.760426	0.644417
0.612582	0.128864	-0.779832
-0.778232	-0.419788	0.467046
0.189744	-0.880556	-0.434303
0.612682	0.233262	-0.755123
0.167386	0.246155	0.954667
0.116575	0.0969203	0.988442
-0.435158	-0.806763	-0.399714
0.531981	0.771708	-0.348515
0.554984	-0.774449	0.30368
0.993073	-0.115713	-0.0204019
0.705107	-0.691932	-0.155095
-0.552517	0.653693	-0.517117
0.149958	-0.900095	-0.409074
0.32446	0.854242	-0.406198
0.833001	-0.402157	-0.379973
-0.27538	0.924769	0.262618
0.595226	0.802779	0.0353721
-0.178671	0.976953	0.116793
0.204957	-0.647541	-0.73395
-0.399159	0.898591	0.182226
-0.649457	0.755884	0.0827344
0.320011	-0.188216	-0.92853
-0.22075	-0.890714	0.397363
0.360423	0.884984	-0.294786
0.305431	-0.640383	0.704714
0.0448534	0.974907	0.218049
-0.0585487	-0.71308	-0.698634
-0.445986	0.828579	0.338459
-0.908938	0.401077	-0.113882
0.0112719	0.439116	-0.89836
0.350082	-0.30899	-0.884289
-0.569013	0.109453	0.815012
-0.892334	-0.127752	-0.432919
-0.247229	0.882015	-0.401157
-0.00212141	-0.79777	-0.602959
-0.33899	0.702142	0.626165
0.831628	0.554708	-0.0263496
0.591258	-0.208113	-0.779168
0.19594	-0.523813	-0.828992
-0.148763	0.708563	0.689788
-0.805732	0.509552	0.301915
0.541513	0.833758	-0.107754
-0.512819	-0.277074	-0.812556
-0.114902	0.664542	0.738364
0.623903	-0.187149	0.758762
-0.327537	-0.175159	0.92846
-0.363728	-0.861248	-0.354901
0.690242	0.667486	-0.279335
-0.64729	0.719229	-0.252438
-0.0942695	-0.979259	0.179348
0.108056	-0.921527	-0.372976
0.198289	0.975122	0.0990934
0.210343	0.971396	-0.110207
-0.769413	0.608106	0.195478
-0.181025	-0.948451	-0.260137
0.590766	0.806784	-0.00980478
0.26706	-0.937969	0.221119
-0.79151	0.589927	0.159681
0.509662	-0.848394	-0.143077
-0.00671963	0.778982	0.62701
0.837982	0.307475	0.450828
-0.489526	-0.354342	0.796747
0.703348	-0.697318	-0.138019
0.033465	0.779464	0.625553
-0.00617903	0.99664	-0.0816775
-0.422006	0.304312	0.853994
0.142829	-0.956078	-0.255958
-0.766101	0.557315	0.320139
0.508492	-0.0880768	-0.85655
0.0546397	-0.991672	0.116624
0.0246789	-0.995705	0.089231
0.14266	0.965012	0.219998
-0.942595	0.302651	0.141127
-0.904343	-0.379213	-0.195862
-0.509279	-0.816781	0.271115
0.543173	0.79449	0.271565
-0.390928	-0.790779	-0.471003
-0.769371	-0.223917	-0.598272
0.970734	-0.0522036	0.234413
-0.719597	0.25912	0.644233
-0.151896	0.973287	0.172164
-0.58233	0.356562	0.730586
0.438703	-0.797709	-0.413763
-0.48607	0.867797	-0.103268
-0.150042	0.716336	-0.681433
0.686161	-0.683083	-0.25016
0.185309	-0.629411	-0.754654
-0.193089	0.852566	0.485642
-0.481677	0.42617	-0.765745
0.876912	0.450001	0.16889
0.449936	-0.892802	0.0215146
-0.574537	0.795264	0.193551
0.480034	-0.748193	0.458011
-0.0600411	-0.158648	0.985508
-0.00154255	-0.860256	-0.509859
-0.440667	0.809714	0.387525
-0.737809	-0.664082	-0.120967
0.00242299	0.54568	0.83799
-0.0333815	-0.997252	0.0661328
0.0368543	0.743609	0.667598
0.768488	-0.609557	-0.194594
0.489239	0.705269	0.513071
-0.343512	-0.887799	0.306288
0.481146	0.828392	-0.28682
-0.0696232	-0.690573	-0.719904
0.62593	0.461468	-0.628696
-0.0696773	-0.675178	-0.734356
0.0690183	0.966524	-0.24712
-0.488697	-0.0499622	0.871022
-0.614629	0.537347	-0.577485
-0.184775	-0.87357	-0.45026
0.265402	0.963929	0.020045
-0.814166	0.181784	0.551442
-0.661926	-0.0342392	-0.748787
-0.232115	-0.842153	-0.486724
-0.349433	0.847107	-0.400383
-0.323138	0.319287	-0.890863
-0.206856	0.937644	0.279347
-0.209591	-0.760433	-0.614665
0.356469	0.866777	-0.34875
-0.118417	0.611327	-0.782468
-0.229809	-0.925614	-0.300711
-0.0118288	-0.916951	-0.398825
-0.454514	0.871356	0.184814
0.719613	0.683644	0.121602
0.650604	-0.70921	0.271544
0.328116	-0.876055	-0.353367
0.478392	0.781155	-0.40117
0.146294	-0.427006	-0.892336
-0.00189762	0.0214103	-0.999769
-0.318188	-0.942471	-0.10249
0.397808	0.800245	0.448728
-0.158741	-0.94823	0.275064
0.789094	-0.333042	-0.516154
-0.377413	-0.924554	-0.0525262
0.891935	0.439573	-0.105956
-0.502914	0.0204171	-0.864095
-0.395664	-0.828727	0.395805
-0.157023	-0.645135	-0.74776
0.0367615	0.81799	-0.574056
0.97104	0.026133	0.237483
-0.722578	0.230721	-0.651651
-0.385163	-0.895345	-0.223621
0.348292	0.932071	0.099682
-0.0804711	0.906164	-0.415199
0.531712	0.349212	-0.771579
-0.647943	-0.633213	0.423333
0.666598	0.7202	-0.192244
-0.413352	-0.854752	-0.313908
0.360199	-0.884625	0.296134
0.0621776	-0.930718	0.360413
0.872872	0.484316	0.0594337
-0.579596	0.231382	0.781365
-0.141312	-0.376369	-0.915629
0.186988	-0.901081	0.391265
0.213199	0.946395	0.242659
0.187393	-0.211737	-0.959193
-0.423443	-0.13186	-0.896275
-0.616242	-0.477867	-0.62601
-0.586755	0.552689	0.591822
0.580996	0.80527	-0.118255
0.0784908	-0.347742	0.934299
-0.0700029	-0.866239	-0.494702
0.356315	0.887703	-0.291586
-0.110965	-0.959489	-0.258975
0.440852	-0.639638	-0.629692
-0.969064	-0.198186	-0.147098
0.944991	0.306511	-0.114207
-0.98697	0.153206	0.0491761
0.396951	0.781289	0.481682
-0.131074	-0.781759	-0.609649
0.88544	0.459537	-0.0694365
-0.671097	-0.705075	0.229124
0.523016	-0.689421	-0.501152
-0.29586	-0.790307	-0.536547
0.467992	0.878506	-0.0959668
0.910076	-0.254229	0.327307
0.62459	0.270178	0.732729
-0.17854	-0.9827	-0.0492407
0.833851	0.55011	-0.045508
-0.171249	0.628388	-0.758816
-0.121976	0.953138	0.276856
-0.942581	-0.32827	-0.0614776
0.9628	0.22684	0.14683
0.225319	-0.952159	-0.206458
0.811171	0.360447	-0.46052
-0.545826	-0.542609	0.638474
0.926751	0.252011	0.278608
0.748918	-0.57117	0.335986
-0.342205	0.934854	0.0945733
-0.898486	0.0904102	-0.429592
-0.00161236	0.821784	0.569797
-0.746853	-0.42069	-0.515006
0.632546	0.140156	-0.761736
-0.522949	-0.830366	0.192396
0.0912635	0.993016	0.0747629
0.385874	0.637066	-0.667269
-0.319853	-0.607691	0.726915
-0.502376	-0.856237	0.120315
0.502414	0.570938	-0.649315
-0.524659	0.695088	-0.491514
-0.55023	-0.682906	-0.480506
-0.527119	-0.608425	0.593266
-0.0926576	0.94379	-0.317294
0.249585	0.0544149	0.966823
-0.715669	-0.632212	0.296859
-0.0603654	-0.782325	-0.619938
0.673329	0.325831	-0.663673
0.0884542	-0.311198	0.94622
0.554702	0.629071	0.544587
-0.593869	-0.695559	0.404373
0.486319	0.860749	-0.150349
0.827637	0.255577	0.499697
0.368786	0.772473	0.516993
-0.22379	-0.940265	0.256553
0.422852	0.875119	0.235293
-0.532619	-0.240277	-0.811532
-0.0500488	-0.47252	-0.879898
-0.471356	-0.870548	0.141313
0.521887	0.843507	-0.127003
0.603473	0.0181511	0.797177
0.981787	0.13017	-0.138387
0.438433	-0.869299	0.228243
0.0495056	0.915125	-0.400119
0.347122	0.896289	0.275993
0.478598	-0.187783	0.857719
0.495201	-0.521641	-0.694743
0.112503	0.992659	-0.0443994
0.0591645	-0.620202	-0.782208
-0.305645	-0.724733	0.61753
-0.170398	-0.929501	-0.327098
0.0193737	0.773228	0.633832
0.807808	-0.353168	0.471932
-0.968081	0.0950174	0.231927
-0.453002	-0.73971	-0.497612
-0.320065	0.919607	-0.227775
-0.5715	0.240333	-0.78462
0.435479	-0.77595	0.456354
0.159795	-0.950401	-0.266838
0.0474091	0.997163	-0.058473
-0.469151	-0.610575	-0.638041
-0.538919	-0.371831	0.755849
0.113619	-0.680046	0.724312
-0.947644	0.287219	0.139556
0.725862	-0.251355	0.640269
0.235774	-0.852798	0.46599
-0.596306	-0.780621	0.187214
0.401741	0.911225	-0.0909555
0.87671	0.1985	-0.438152
0.568448	0.815965	-0.105208
-0.241049	-0.970397	0.0149851
-0.131332	0.939579	-0.316139
0.676834	0.184843	0.712551
0.203935	-0.705764	0.67846
0.617546	-0.709156	-0.340199
-0.761462	0.617183	0.198142
-0.998632	-0.0437897	-0.0285623
0.0198884	-0.683532	0.729649
0.492331	-0.869757	0.0336504
-0.602919	0.324274	0.728927
0.756183	0.0938424	0.647596
-0.558074	-0.828325	0.0493089
0.0564809	-0.907588	0.416045
0.0426944	0.99904	-0.00982471
-0.560729	0.770413	0.303394
0.460883	0.706127	0.53756
-0.161371	-0.958696	0.234226
-0.0849076	0.981553	-0.171303
0.16744	0.948212	-0.269921
0.961319	0.10217	0.255788
-0.143819	-0.682966	0.716152
-0.0470617	0.774634	0.630656
0.47683	0.870261	0.123607
-0.501847	-0.858212	-0.107809
0.0615349	-0.861626	-0.5038
-0.00506789	0.801881	0.597462
-0.807502	0.508371	-0.299164
0.978232	-0.0511854	-0.201101
0.809675	-0.181571	0.558084
0.0739591	0.630384	-0.772752
-0.2048	-0.699986	-0.684162
0.416548	-0.677794	-0.605874
-0.122559	-0.140403	0.98248
0.0195566	0.966853	0.254582
0.628942	-0.764402	-0.141853
-0.708693	0.402714	0.579288
-0.0255231	-0.976354	-0.214667
-0.287907	0.714268	-0.637912
-0.590414	0.72195	0.360832
-0.75372	-0.226946	-0.616767
0.134703	-0.965785	-0.221618
-0.173955	0.909769	0.376908
0.0793197	-0.347394	0.934359
-0.982885	0.0943051	0.158251
0.17645	-0.975711	0.129819
0.394315	0.822558	-0.409773
-0.454252	0.588292	-0.669006
-0.856319	-0.511194	-0.0734695
0.681035	-0.711209	-0.174281
0.481963	0.688504	0.541917
0.913634	-0.295812	-0.278871
0.818297	0.0454257	-0.572998
-0.591063	-0.686895	0.42287
0.666078	0.728514	0.160024
-0.517526	0.71062	-0.476641
-0.466897	-0.662266	0.586013
0.789968	-0.410862	-0.45513
-0.438317	0.75622	0.485808
0.377555	-0.569478	0.73017
0.00572426	-0.975667	0.219182
0.270273	-0.920655	0.281685
0.219784	0.642376	0.734199
0.992651	0.0884544	-0.0825859
-0.18846	-0.595705	-0.780781
-0.359006	-0.929794	0.0812276
0.680676	0.72893	-0.073081
0.0240104	-0.484941	0.874217
0.205991	0.657289	0.72494
-0.466009	-0.836851	-0.287255
0.918799	0.354358	0.173896
-0.132725	0.983603	-0.122105
-0.411421	-0.681025	-0.605753
-0.336071	-0.706629	-0.622681
-0.802902	0.495709	-0.33109
0.00672873	0.1117	0.993719
0.925949	-0.243671	-0.288517
0.0403047	-0.919158	0.391822
-0.565976	0.801146	0.194515
-0.499176	-0.658781	0.562877
-0.322148	-0.445973	0.835062
-0.472451	-0.872866	0.122047
0.430983	0.768411	-0.473073
-0.360722	0.911409	0.198024
-0.601215	0.136134	-0.787406
-0.313225	-0.916282	-0.249635
0.482342	0.857151	0.180659
0.770165	0.155877	-0.618504
0.131463	0.0395503	-0.990532
-0.0430033	-0.955271	-0.292589
0.340479	0.929192	0.143793
-0.443339	-0.877352	-0.183584
-0.329736	-0.770201	0.545953
-0.606962	-0.592512	0.529648
0.365366	0.914765	-0.172373
-0.280672	0.947276	-0.154567
0.95227	-0.0885457	-0.292131
-0.646727	-0.741623	-0.178155
-0.497248	0.809403	0.312427
-0.977693	-0.0506132	0.203851
-0.269452	0.669035	-0.692668
-0.432271	-0.896138	0.100395
-0.00299486	0.946253	0.323412
0.430473	0.883548	-0.184489
0.643831	-0.557819	-0.523756
-0.477543	-0.830268	-0.287416
0.387255	0.812109	-0.436478
0.168879	0.973315	0.155364
0.605293	-0.384409	0.69703
-0.157137	-0.592337	-0.790218
0.0825644	0.994845	0.0588779
-0.875067	0.0557127	0.480785
-0.86721	0.0497371	0.495452
0.19314	-0.888748	0.41572
0.575647	0.79759	-0.180224
-0.540158	0.340689	0.76952
0.667495	-0.459196	0.586165
0.112531	-0.802442	0.586023
0.521115	0.671351	-0.526998
-0.945096	-0.17816	-0.273958
-0.209939	0.740308	-0.638647
-0.161466	-0.698035	-0.697622
-0.295662	0.945441	0.13684
0.875319	-0.405651	0.263179
0.560197	0.5498	-0.619596
-0.646888	-0.749648	0.139872
-0.118018	0.94694	-0.29896
-0.458734	0.536385	-0.708417
0.886534	-0.173777	-0.428788
0.285779	-0.927165	0.242271
0.71278	0.669395	0.209416
-0.997861	0.00738371	-0.0649532
0.0435062	0.263184	0.963764
-0.56632	-0.776083	0.277447
0.0245009	0.571258	-0.820405
-0.159474	0.88658	0.434216
-0.998228	0.00421287	-0.059349
0.256576	-0.400893	-0.879462
-0.103151	0.501042	-0.859254
-0.115031	0.165399	0.979495
-0.649349	0.651301	-0.392623
-0.216015	-0.870688	0.44186
0.223192	0.935851	-0.272705
-0.148287	0.774419	0.615049
0.458812	-0.577031	0.675667
0.210705	-0.977533	-0.00570922
-0.517828	0.484144	-0.705308
0.157419	0.196798	-0.967724
0.596768	-0.707852	0.377908
-0.0624822	-0.915999	0.396286
-0.569311	0.783837	-0.247961
-0.195938	0.915425	0.351575
-0.457965	0.385115	0.80122
-0.728827	-0.684471	-0.0176175
0.530129	0.800419	0.279809
-0.203962	-0.753686	0.624786
0.592962	-0.776135	-0.214503
0.14269	-0.970364	-0.195023
0.154455	0.941641	-0.299094
0.291237	0.0385289	-0.955875
-0.625223	-0.323472	-0.710255
0.551491	-0.654052	-0.517759
-0.634712	0.772615	0.0143881
0.377396	0.634141	0.674861
-0.378872	0.565376	-0.73267
0.0273282	-0.97177	0.234342
-0.320556	0.89761	0.302556
0.605475	-0.114928	0.787523
-0.81269	-0.511053	0.279928
0.346081	-0.832751	0.43215
-0.00408047	0.988696	-0.149879
0.224006	-0.511478	-0.829585
-0.632103	-0.209209	-0.746108
-0.248343	-0.956343	0.154058
-0.0445181	0.999007	-0.00157498
-0.683347	-0.0761239	-0.726114
0.242381	-0.195637	-0.950251
0.274861	-0.91746	-0.287607
0.460576	0.884654	0.0725057
0.638937	0.71217	0.290814
0.389168	0.826246	-0.407268
0.523391	-0.5544	-0.647072
0.619054	-0.157533	0.769387
0.772313	-0.612001	-0.170259
0.616129	0.037705	0.786743
-0.243117	-0.951803	-0.186992
-0.201455	0.971718	-0.123209
-0.632685	0.701862	-0.327259
-0.825004	0.565122	-0.00230507
-0.25598	-0.963326	0.0804841
0.403913	0.425386	-0.809877
0.0879426	0.983009	0.16112
0.129564	0.991542	0.0075715
0.836975	-0.471193	0.278299
-0.705146	0.559775	-0.435226
0.898076	0.427678	0.102718
-0.790409	-0.59901	0.128217
-0.220165	-0.942203	0.252549
0.596861	0.70598	-0.381245
0.320484	-0.358389	-0.87684
0.603457	-0.217311	-0.767212
0.317582	-0.917084	0.241036
-0.628782	0.775298	-0.0595488
-0.302476	-0.923232	-0.236962
0.061095	0.00706888	-0.998107
-0.475595	-0.836867	-0.271042
0.287836	0.812396	0.507112
-0.834988	-0.460678	-0.30095
-0.923135	0.0702373	-0.378006
-0.299083	-0.932428	-0.202799
-0.213981	0.97623	-0.0344645
-0.00422092	-0.939019	0.34384
-0.516084	-0.686266	0.51254
-0.156304	-0.897643	0.412075
0.104549	0.979742	-0.170807
0.470287	-0.0291266	-0.882033
0.426234	0.0921434	0.899908
0.0628997	-0.341975	0.937602
-0.0304913	0.927102	-0.373568
-0.467488	0.735463	-0.490458
0.648372	0.498394	0.575514
-0.112592	-0.874108	0.472502
0.171034	0.575036	-0.800051
0.354027	0.765212	-0.537695
-0.794297	0.601712	0.0838762
-0.686544	-0.674546	0.271375
0.494927	0.405173	0.768689
-0.718953	0.691237	-0.0727797
0.079937	0.155346	-0.984621
-0.950213	-0.193885	0.243935
0.786152	0.117307	0.606798
0.831093	0.243206	-0.500135
-0.710268	0.119783	0.693665
-0.643418	-0.731849	0.224521
0.0240603	0.993896	0.107668
-0.15365	-0.976429	0.151586
0.249076	0.914794	-0.317983
-0.565501	-0.724753	-0.393626
-0.39256	0.529355	-0.752117
0.707952	-0.22517	0.669404
0.88608	-0.0550755	0.460249
-0.0900757	-0.953538	0.287492
0.770766	0.334002	-0.542552
-0.436926	-0.591131	0.677982
-0.0146572	-0.789744	0.613261
0.379243	-0.72954	-0.569162
0.0743815	0.965511	-0.249513
-0.616438	-0.22645	-0.754139
0.539526	-0.4349	0.720953
-0.800213	-0.594382	-0.0798071
-0.0868165	0.868883	-0.487346
0.760705	-0.261061	0.594286
0.351967	-0.833885	-0.425153
-0.309676	-0.889803	-0.335188
0.2519	0.863799	-0.436345
-0.93197	-0.0301208	-0.361282
-0.406393	-0.79811	-0.444821
0.0725604	-0.940256	-0.332645
0.100901	0.769882	-0.63016
0.815563	-0.578601	0.00876872
0.830433	-0.0718431	0.552467
0.0632214	-0.997988	-0.0048857
-0.589993	0.710125	-0.384228
-0.140324	0.868582	0.475263
-0.2593	0.520435	-0.813579
-0.308656	-0.890029	-0.33553
-0.509803	0.846287	-0.154594
0.972727	0.200655	0.116359
0.00106625	0.611976	-0.790875
-0.207003	-0.970804	-0.121199
-0.583144	0.80971	0.0656689
0.296296	-0.606673	-0.737669
0.820256	-0.279847	0.498865
-0.0216547	-0.988171	-0.151819
0.235947	0.971616	-0.0170413
-0.741206	-0.45634	0.492309
-0.742818	0.580957	-0.332732
-0.348654	-0.897365	0.270511
0.253092	0.908742	-0.331863
-0.438794	-0.283279	0.852768
-0.597605	0.506521	-0.621534
-0.219714	-0.944042	0.24599
-0.551385	0.50229	-0.666092
0.944591	-0.186317	0.270246
0.643105	-0.731917	-0.225198
0.377129	-0.912249	-0.159923
-0.484993	0.84267	-0.233857
-0.132208	-0.817789	-0.560126
-0.761186	-0.154674	-0.629818
-0.134248	-0.515257	0.846456
0.399133	0.908718	-0.122165
-0.180365	-0.585256	0.790534
0.630215	0.458246	-0.62677
-0.615423	-0.525061	0.587849
0.945059	0.272296	-0.180881
0.112439	0.481411	0.869253
0.786908	0.422342	0.449892
-0.287628	-0.747351	0.598946
0.55672	-0.431621	-0.709765
0.581983	-0.29424	-0.758102
-0.711973	-0.554885	-0.430345
-0.262564	-0.955812	0.132225
0.231316	0.673872	-0.701705
0.552597	-0.634821	0.540036
-0.280546	-0.48921	0.825813
0.292302	-0.725449	0.623124
0.169137	0.983813	-0.059202
0.0345069	0.983769	0.176093
0.81068	0.580439	-0.0767337
-0.12802	-0.937559	0.32341
0.349339	0.924044	0.155256
-0.870121	-0.40805	-0.276377
0.310542	0.910765	-0.272159
-0.669111	-0.593172	0.447702
0.165022	0.983989	-0.0673269
-0.282516	-0.723306	0.630089
-0.245896	-0.14442	0.958477
0.227719	-0.626082	-0.745765
0.0654868	0.943781	-0.324019
0.897903	-0.401441	0.180596
0.281988	-0.733909	-0.617948
0.388061	-0.886042	0.253651
-0.159246	0.971825	-0.173771
-0.872026	0.36793	-0.322797
0.815364	-0.427762	0.39013
0.30636	-0.730257	0.610629
-0.660671	0.60105	-0.449726
0.470726	-0.776902	-0.41814
-0.238163	0.956637	0.167705
-0.236086	-0.966237	-0.103195
0.0296759	0.40151	-0.915374
-0.926537	0.258945	-0.272905
-0.428644	-0.454999	0.780539
-0.385277	-0.902619	0.191941
-0.0236541	0.760244	-0.649207
0.788409	0.26015	-0.557435
0.6291	-0.0278901	-0.776824
-0.321272	-0.751948	0.575637
0.396091	0.904057	-0.160599
-0.23565	-0.961051	-0.144392
0.298079	-0.92027	-0.253481
0.122052	-0.845866	0.519243
0.0218143	0.999746	-0.00563538
-0.914647	0.228342	0.333588
-0.0701245	0.381392	-0.92175
-0.361935	-0.783801	-0.504638
0.073461	0.996455	-0.0409892
0.276381	0.625168	-0.729917
0.876251	0.433963	0.209429
0.0289383	-0.903332	0.427965
0.478146	0.871006	-0.112803
0.0036962	-0.275826	0.9612
-0.0409691	0.31113	-0.949484
-0.646408	-0.696004	-0.312628
-0.178627	0.641185	-0.746307
0.454246	0.621377	0.638397
-0.51685	-0.72097	-0.461594
-0.288936	-0.882558	-0.370956
-0.29366	0.944475	0.147416
0.908862	0.0165319	-0.41677
0.777904	-0.628283	-0.0112442
-0.498686	-0.642601	0.581701
-0.400017	0.908038	-0.124311
-0.486486	-0.783512	-0.386575
-0.73536	0.487076	0.471172
0.669178	-0.725473	-0.160902
-0.222066	0.543089	0.809778
-0.29277	0.140319	-0.945831
-0.680081	0.661033	0.317055
0.692551	-0.689655	0.211539
0.56072	0.734719	-0.381812
-0.82862	-0.257734	0.496953
-0.595492	0.80326	0.0127655
-0.140745	-0.923754	-0.356186
0.527009	0.810778	-0.254758
0.0804702	-0.438054	0.89534
-0.382705	-0.794069	-0.472221
0.426543	-0.857201	0.288561
-0.122843	0.991195	0.0494206
0.838153	0.511693	-0.188863
-0.0486294	-0.805644	-0.5904
0.549142	-0.81428	-0.188123
-0.742641	0.251408	0.620707
0.0574116	-0.0943539	-0.993882
-0.343506	-0.746771	0.569506
0.874618	-0.409022	-0.260278
-0.745154	0.665242	0.0468975
0.475253	-0.380607	0.793267
0.253456	0.671498	0.696312
0.103665	-0.79239	-0.601142
0.140688	0.866268	0.47936
0.307952	0.927759	-0.210782
0.659303	0.703793	-0.264566
0.0286514	-0.594069	-0.803903
-0.102124	0.942017	-0.319647
0.956941	-0.0878821	-0.276661
-0.393863	0.917276	-0.0589611
0.45789	-0.666828	-0.587944
-0.215971	0.945424	0.243989
0.744734	-0.281261	0.605197
-0.520158	-0.305	0.797753
0.539169	-0.825494	0.166902
-0.231187	0.939924	-0.251187
0.245085	-0.969391	-0.0146431
-0.0758743	-0.827835	0.555817
-0.17536	-0.904883	-0.38786
-0.478847	0.575372	0.663063
-0.269162	-0.218376	0.938011
-0.969806	-0.00115934	-0.243875
0.172449	-0.84661	-0.503501
0.131868	0.973409	0.187312
0.839812	-0.117349	0.530042
-0.835959	-0.281112	-0.471326
0.267957	-0.700625	0.661304
-0.358316	0.85147	-0.382894
0.944976	0.0769147	-0.31797
-0.886932	-0.345206	-0.306894
0.194035	-0.935893	0.294032
0.106648	0.86431	-0.491523
-0.896503	-0.380756	-0.226509
0.0459614	-0.997733	-0.0491477
-0.0832712	-0.992512	0.0893686
0.304098	0.802278	0.513687
0.945564	0.315835	-0.0784637
0.264493	-0.93597	-0.232385
-0.176879	-0.749962	-0.637394
0.422121	0.858176	-0.292143
0.350088	0.106412	-0.930653
-0.1016	-0.769236	0.630836
-0.510149	-0.7661	-0.390946
-0.118291	0.916447	-0.382273
-0.274895	0.906837	0.319498
-0.420025	-0.780239	-0.463471
0.0540789	-0.990408	-0.127151
0.0223148	0.999237	-0.0320438
-0.299643	0.684651	-0.66443
0.252578	0.757696	-0.601749
-0.344143	-0.563792	0.750803
0.493167	0.774326	-0.396492
0.528398	-0.0594288	0.846914
0.869254	-0.319505	0.377245
0.457954	-0.863483	-0.211364
0.550565	0.712383	-0.435188
0.0381586	0.165244	0.985514
0.176475	-0.978498	0.106766
0.18092	-0.726567	0.662849
0.0518495	0.824222	-0.563888
0.830789	-0.549456	0.0888134
-0.905975	0.0194171	0.422886
0.058948	-0.984937	0.162556
0.114876	0.952195	-0.28307
-0.654784	0.55055	0.517834
-0.395538	0.624311	-0.673636
0.648811	-0.75799	-0.0670461
0.46905	0.784999	0.404684
0.982367	-0.131998	0.132404
0.0379756	0.973693	-0.224679
-0.23001	-0.854157	0.46638
-0.0146069	0.996508	-0.082213
-0.759247	0.643456	-0.0975164
-0.912131	0.218055	0.347087
0.477785	-0.684923	-0.550093
0.2488	0.77865	-0.576023
-0.41486	-0.635001	-0.651663
-0.341914	-0.391033	0.85451
-0.162392	-0.968564	0.188448
0.444678	0.813855	-0.374034
0.0715382	-0.381939	-0.921415
0.93681	0.0374513	-0.347829
-0.105733	-0.976428	-0.188171
0.648823	0.760939	-0.000721416
0.70666	0.671932	-0.221673
0.0437487	0.161301	-0.985935
0.405378	-0.911139	0.0741244
0.206573	0.815683	-0.54036
-0.539211	-0.836017	-0.101625
-0.868406	-0.160431	-0.469184
-0.419148	-0.779482	0.465534
-0.0877986	0.982573	-0.163834
-0.359393	-0.0338098	0.932574
-0.106154	-0.359203	0.927203
0.614561	-0.778482	-0.127597
0.0762323	0.995483	-0.0565821
-0.877687	-0.456128	-0.147014
0.962814	0.235333	-0.132694
-0.284935	-0.940441	0.185424
-0.567521	0.817446	-0.0985011
-0.130155	0.836838	-0.531754
0.774771	-0.594024	0.216483
-0.414535	-0.906075	-0.0847845
0.162314	0.877151	-0.451951
0.626582	0.141287	-0.766442
-0.364921	0.867093	0.33909
0.00390043	-0.999985	0.00373251
0.244522	0.784735	-0.569561
-0.534104	-0.732014	0.422952
-0.455886	-0.741161	0.492797
-0.0758586	-0.845339	-0.528818
0.224402	0.956182	-0.188042
-0.983227	0.0942405	0.156153
-0.230323	-0.328114	-0.916129
0.230634	-0.961441	-0.149796
0.592013	0.783697	-0.18799
0.61866	0.118017	-0.776745
0.556228	-0.202145	0.80607
0.910696	-0.126249	0.393312
0.339973	0.863486	-0.372572
0.932927	-0.256693	0.2525
-0.0218418	-0.999753	-0.0041261
0.70144	-0.709299	0.0698362
-0.143635	0.977381	-0.155224
-0.753743	0.636807	0.162324
0.943432	0.316399	0.0991343
0.631963	-0.739466	-0.231976
-0.101126	0.984431	-0.143765
0.111934	0.475055	-0.872808
-0.0914126	-0.630601	0.770705
0.178195	-0.859022	0.479925
0.23095	0.972379	0.0337881
0.585975	-0.772035	-0.246161
-0.892594	0.103458	-0.43883
-0.000205826	-0.762316	-0.647205
0.433425	0.788982	0.435489
-0.75455	-0.407582	-0.514326
0.330766	-0.659085	0.675426
0.000803758	-0.997175	0.0751055
-0.477154	0.877753	-0.0432966
-0.0557385	-0.308208	0.949685
0.473802	0.369056	0.799568
0.668001	-0.52522	0.527179
0.294818	0.813828	0.500765
0.346165	-0.822662	0.450996
-0.128418	-0.133555	0.982686
0.764227	-0.595663	0.247271
-0.127365	0.95359	-0.272844
-0.521964	0.764395	0.378488
-0.456232	-0.835072	0.307419
-0.0190382	-0.664456	-0.747085
0.669083	0.739926	-0.0695511
-0.652803	-0.345624	0.674086
-0.0704957	0.957023	0.281315
0.551746	-0.781048	-0.292472
-0.610062	0.568268	0.552174
-0.485812	0.0173075	0.873892
0.205278	0.952277	0.225898
0.559423	-0.819169	0.12652
-0.0162479	0.890556	0.454583
0.191375	-0.941816	-0.27633
0.41585	0.877413	0.239196
-0.0886936	-0.980428	0.175769
-0.626447	0.754047	0.197427
0.189243	0.650776	-0.735308
-0.0669166	0.951954	-0.298842
-0.1587	-0.689582	-0.706605
0.0635664	0.99763	0.0263347
0.776895	0.27726	-0.565297
-0.394636	-0.384946	0.834314
0.680945	-0.57257	-0.456593
-0.617738	0.135702	0.774587
-0.905439	0.380448	-0.188255
0.807317	0.494669	0.321781
0.417769	-0.906302	-0.0639221
-0.993946	0.0205613	-0.107931
-0.953723	-0.215794	-0.209395
0.0474181	0.8716	0.487919
-0.0123698	-0.788265	-0.615212
-0.046839	0.868052	0.494259
0.15286	0.962586	0.223743
-0.814087	0.521423	0.255698
-0.603811	-0.731503	-0.316725
-0.0194784	0.703984	0.709949
-0.540829	-0.399188	-0.740373
-0.885388	0.45174	0.109629
0.224966	-0.780647	-0.583078
-0.333407	0.917961	-0.214912
0.934731	0.322039	0.150228
0.450423	0.413393	-0.791344
0.868809	-0.47778	-0.129988
-0.705871	0.704306	-0.0755004
-0.528528	-0.410997	-0.742792
0.813666	-0.08034	0.575755
0.582463	-0.337708	0.739385
-0.560712	0.817453	-0.131809
-0.790436	-0.513856	-0.333411
0.225466	0.38761	-0.893825
-0.290326	-0.859805	0.420054
0.509709	0.580029	-0.635423
-0.921186	0.379964	0.0839298
0.256542	0.83535	0.486186
0.796053	-0.00362153	-0.605216
-0.742616	0.669582	-0.013457
0.178412	-0.983954	0.00187876
0.542757	0.207348	-0.813893
0.821233	-0.569779	-0.0304719
-0.833876	0.547406	-0.0706985
-0.406188	0.913405	0.0265098
0.423734	-0.237242	0.874166
0.297883	-0.802873	0.516392
-0.681548	0.717987	0.141375
0.607611	0.449304	-0.654931
0.2281	-0.97212	0.0543348
0.145133	-0.967231	0.208327
-0.434157	0.855055	-0.28353
-0.0493636	0.756764	-0.651821
0.666151	-0.218956	-0.712953
0.904039	-0.426984	0.019959
-0.0544951	0.972086	0.228209
-0.611664	0.463528	0.6411
0.774403	0.510891	0.373217
0.34237	-0.535553	0.771988
-0.527294	0.849653	0.00712288
-0.684268	-0.493275	0.537082
-0.634584	-0.614788	0.468336
0.622017	-0.782638	-0.0239284
0.11754	0.815557	-0.566613
0.932915	-0.355957	-0.0544341
-0.779523	-0.0687027	-0.622595
0.326763	-0.905685	0.270112
0.758458	0.633939	0.151203
0.18182	-0.867137	0.463698
0.343345	0.276191	-0.897682
0.0318534	-0.435632	-0.899561
-0.254904	0.95638	-0.142691
0.793052	0.255712	0.552884
0.341158	-0.767796	-0.542311
0.38935	-0.897508	-0.207091
-0.798768	0.601598	0.0071056
-0.261666	0.93781	0.228128
0.696189	0.612861	0.373794
0.536627	-0.716633	-0.445499
-0.924142	0.0198774	0.381532
-0.433409	-0.606939	-0.666169
-0.979153	0.0431566	0.198485
0.222365	-0.762424	0.60767
-0.598887	0.782791	0.169032
-0.0541696	-0.787562	0.61385
0.159442	0.523085	-0.837234
-0.105967	-0.775499	0.622393
-0.491864	0.58333	-0.646372
0.978514	-0.0151352	-0.205623
0.745024	-0.262849	0.613065
-0.107133	-0.800295	0.589958
-0.968871	0.226884	-0.0990578
0.343422	0.28596	-0.894588
0.0720773	-0.544504	0.835655
0.0541908	-0.963664	-0.261561
0.183942	0.862443	-0.471547
0.694653	0.225578	0.683061
-0.492753	-0.334545	0.80329
0.612878	-0.510048	0.603516
-0.616343	0.787464	0.00465353
-0.972541	0.232533	0.00963287
-0.0789299	0.503784	-0.860216
0.479566	-0.479076	0.735189
-0.746403	0.65132	0.136617
-0.640507	-0.0938561	-0.762196
0.0452891	-0.810169	0.584444
-0.104161	-0.99341	-0.0478134
0.490131	0.793718	-0.360253
0.0939496	0.124255	0.987793
-0.199306	-0.703023	0.682668
0.541157	-0.828092	-0.146334
0.218123	0.786618	0.577628
-0.551542	0.642906	0.531482
-0.904523	0.402869	-0.139767
-0.594745	-0.635361	0.492538
-0.0289112	0.985854	0.165091
0.378126	-0.767834	0.517157
0.00258153	-0.923522	-0.383537
-0.063151	-0.997938	0.0114631
0.486791	0.839135	0.242668
0.9595	-0.239307	-0.148631
-0.888897	0.446222	-0.103668
0.00526989	-0.977217	0.212179
-0.435164	0.873436	-0.218498
-0.660106	0.435359	0.612146
0.592768	0.104455	0.79857
-0.197157	-0.902137	-0.383768
-0.0243345	0.684094	0.728988
0.371168	-0.524011	0.766581
0.122098	-0.0857828	0.988804
0.460361	-0.883377	0.0878212
-0.730998	0.513844	0.449005
0.128772	-0.169689	0.977048
-0.307855	0.84993	-0.427603
0.299939	-0.655593	0.692989
0.63414	0.252695	-0.730761
0.200346	-0.860979	0.467522
0.910012	0.292622	-0.293683
0.708763	-0.54627	0.446369
0.412023	0.798423	-0.439042
0.201927	0.60156	-0.772885
-0.499808	0.832395	-0.239396
0.353485	-0.482151	0.801611
-0.694991	0.617231	-0.368799
0.360776	-0.70456	0.611094
-0.603433	0.664416	0.440931
-0.512594	-0.703525	0.49224
-0.535981	0.312777	0.784153
0.248121	0.77776	-0.577516
0.284961	-0.157347	0.945536
-0.565281	-0.744922	0.354327
0.015238	0.98459	-0.174216
-0.623218	-0.708575	0.33094
0.644074	0.313782	-0.697645
-0.238477	-0.950687	0.198303
0.450897	0.843677	0.291378
0.47911	0.87599	0.0556323
0.978871	0.199797	0.0435171
-0.539801	-0.808266	0.235206
0.43609	0.899113	-0.0376993
0.577047	0.0430223	-0.815577
0.301151	-0.874045	-0.381251
-0.561114	-0.769694	-0.304504
0.00339445	0.968185	-0.250214
0.827126	0.531775	-0.181872
0.938532	-0.178341	-0.295555
-0.953637	-0.22547	0.199348
0.550677	0.790639	-0.267666
-0.917916	-0.396132	-0.0225833
0.849769	0.456142	0.264249
-0.595871	-0.594877	0.539499
0.431748	0.81677	-0.382728
-0.771558	0.30365	0.559012
0.256544	0.201064	0.945388
-0.675399	-0.54944	0.491885
-0.0117072	0.859193	-0.511518
-0.570655	-0.812354	-0.120143
0.599657	-0.367904	-0.710675
0.781594	-0.573327	0.245779
-0.279144	0.956624	-0.0833627
0.80341	-0.415107	-0.426871
0.948602	-0.103754	0.298982
-0.307792	-0.616627	0.724593
0.82691	0.394194	-0.401037
-0.820797	-0.570862	0.0202123
0.760335	0.148453	-0.632339
-0.536732	-0.541331	0.647209
0.206276	0.342923	-0.916435
0.231249	0.599125	-0.766533
-0.754064	-0.643884	-0.129616
0.625446	-0.774538	-0.0943769
-0.553794	0.752891	-0.355622
-0.0524851	-0.998174	-0.0299051
-0.91352	0.0508238	-0.403607
-0.0792337	-0.970737	0.226695
-0.162523	0.802777	-0.573703
-0.790951	-0.240977	0.56243
-0.81003	0.0415575	0.584913
-0.545875	-0.820215	-0.171078
0.606384	0.381727	-0.697555
0.973646	-0.0995842	0.205175
-0.556532	0.490827	0.670344
-0.224261	-0.876961	-0.425024
-0.104197	0.930537	0.351061
0.795779	0.404822	0.450394
-0.120142	-0.626775	0.769883
0.179386	-0.694548	0.696724
-0.432928	0.761076	-0.48305
-0.265567	-0.298044	0.916866
0.789767	-0.609042	-0.073046
-0.437712	-0.86758	0.236038
0.171257	0.883234	-0.436543
-0.198703	0.964952	0.171419
-0.524786	-0.387834	0.75775
0.325355	-0.93433	-0.145503
0.611565	0.752277	-0.245088
0.452413	-0.443272	-0.773843
0.597729	0.0403243	0.800684
-0.276232	-0.960973	-0.0150543
0.24639	0.803906	0.54132
-0.596855	-0.55488	-0.579545
0.537352	0.245556	-0.806818
-0.559363	-0.827375	-0.0506281
0.88004	0.323189	0.347962
0.322248	-0.91009	0.260561
-0.218216	-0.769955	0.599625
-0.863732	-0.413354	0.28828
0.229	0.865875	0.444769
-0.519612	0.501269	0.691905
0.136314	-0.903855	0.405541
-0.819178	-0.502425	-0.276616
-0.279576	0.689125	-0.668538
0.739308	-0.386936	-0.551093
-0.299569	-0.55445	0.77643
0.016799	-0.992195	0.123563
-0.0249637	0.901825	-0.431379
0.884694	0.400506	0.23856
-0.448766	-0.154876	-0.880126
0.644986	-0.759572	-0.083922
0.325775	0.93706	-0.125656
0.705637	0.491736	-0.510169
0.544018	0.0258418	0.838676
0.433304	-0.663614	-0.609806
-0.502133	0.818572	-0.278931
-0.799808	0.0800957	0.594888
0.00550199	0.824583	0.565714
0.219227	-0.963166	0.155725
-0.18174	0.975858	0.121124
0.262384	-0.508598	0.820051
-0.297433	-0.947562	-0.116875
0.0149728	-0.957981	-0.286439
0.00147661	0.707378	0.706834
0.664114	0.337147	-0.667296
0.194102	0.163388	-0.967279
0.833978	-0.547071	0.0720724
-0.714321	0.594693	0.368898
-0.278215	0.959965	0.0326232
-0.263481	0.830459	-0.490831
0.512575	-0.790548	-0.335115
0.780723	0.6081	0.143823
-0.118462	0.801264	0.586466
0.0298116	-0.254643	0.966575
0.189232	-0.752136	-0.631255
0.213907	0.917533	-0.335227
0.380371	-0.369994	-0.847598
-0.491744	0.865487	0.0955042
0.294003	-0.942781	0.157244
0.700917	0.610641	-0.368554
0.820777	-0.32525	-0.469613
0.814707	-0.525309	-0.245566
-0.545707	-0.810269	0.2137
0.61315	0.729986	-0.301939
0.69771	-0.343363	0.628731
-0.126957	-0.881251	0.455279
0.102359	-0.803562	-0.586354
0.11749	0.982859	-0.142074
-0.7114	0.700154	-0.0607792
0.49491	0.289347	-0.819355
-0.452854	-0.885603	-0.103109
-0.0354875	0.993498	-0.108178
-0.610773	0.179671	0.771151
0.747589	-0.570244	0.340488
-0.431322	-0.798872	-0.419242
0.208629	0.977921	-0.0120349
0.243785	0.837426	-0.48917
0.561493	-0.814069	0.148381
0.462593	-0.785708	0.410696
-0.290501	0.788776	0.541702
0.203345	-0.695805	-0.688845
-0.0254834	-0.9131	-0.406938
-0.671466	-0.630713	-0.389017
0.449151	0.774315	0.445756
-0.376615	0.911861	-0.163313
-0.242869	0.969775	0.0234678
0.16213	-0.768652	0.61878
0.340652	0.903461	-0.260222
0.678358	0.126012	-0.723845
0.060578	-0.937983	-0.341347
-0.728587	-0.25894	-0.634122
0.2306	0.259922	-0.937691
0.162864	-0.80943	0.564179
0.0399198	-0.147248	-0.988294
-0.147682	-0.939368	0.30948
0.245342	0.60405	-0.758242
0.609856	0.773244	0.173692
-0.0345565	-0.218264	0.975278
0.152418	-0.845252	-0.51217
-0.426354	0.637967	0.641265
0.525299	-0.369142	-0.766678
0.964757	0.0135441	-0.262794
-0.490118	-0.768043	0.412182
0.319664	0.946733	0.0388687
-0.607396	0.0462287	0.793053
0.509699	0.860118	-0.0201138
-0.493986	-0.541995	0.679866
0.508257	0.833883	-0.215205
-0.566145	0.57475	0.590884
0.931209	0.0196935	0.363953
0.471812	-0.63387	0.612864
0.182862	0.91602	-0.357027
-0.906717	0.347309	-0.239248
-0.0718099	0.382737	0.921062
-0.212936	-0.299213	-0.930124
0.022978	0.89467	-0.446136
-0.915065	-0.193952	0.353608
0.471688	0.867721	0.156753
-0.241468	-0.959252	-0.146725
0.279192	0.74287	-0.608437
0.748446	-0.0264567	0.662668
-0.195246	0.642296	-0.741171
0.00728817	-0.952614	0.304095
0.28927	0.852485	-0.435423
-0.561721	-0.555338	-0.613245
-0.783919	-0.334664	0.522944
-0.270983	-0.959385	0.0784163
0.122586	0.990109	-0.0682474
0.767417	-0.197778	0.609882
0.379871	0.914188	0.141274
-0.925875	-0.376062	-0.0365102
0.139819	0.974446	0.175799
0.904848	0.0680562	0.420261
0.611537	0.599247	-0.516649
-0.42429	-0.772289	0.472807
-0.333662	0.734873	-0.59045
-0.529885	-0.497854	-0.686559
0.543526	0.476765	0.69085
-0.197978	-0.865691	0.459765
0.108195	0.966881	-0.231159
-0.230039	0.122628	0.965424
-0.8118	0.192524	0.551284
-0.693618	-0.719548	0.0338322
-0.10119	0.968522	0.227431
0.127702	-0.979869	0.15346
0.092494	-0.907307	0.41017
-0.684699	-0.54667	0.482016
0.707678	0.694423	-0.130263
0.230503	-0.648745	0.725257
-0.884049	-0.378529	-0.274177
-0.73664	-0.249523	0.62857
-0.551679	0.831019	0.0711118
-0.461926	0.59782	0.655161
-0.0265225	-0.780498	0.624596
-0.564319	-0.818753	-0.105773
0.2806	0.915272	-0.289035
0.805895	0.49184	0.329586
-0.64584	-0.192706	-0.738752
0.126967	-0.977065	-0.170948
-0.649657	0.333648	0.6831
-0.199678	-0.25377	0.94643
-0.464393	0.86266	-0.20039
0.186208	-0.961519	0.20201
0.31398	0.937771	0.148331
0.306466	-0.397826	0.864762
-0.0969364	-0.0414907	0.994425
0.134264	-0.97263	-0.189644
-0.27086	0.860436	-0.431607
-0.118052	0.890783	-0.438826
-0.920218	-0.341129	-0.19191
-0.144213	-0.78989	-0.596051
0.0795694	0.981955	0.171561
0.806822	-0.50775	-0.302041
0.360796	-0.264355	0.894395
-0.37219	-0.926549	0.0546038
0.493828	0.789885	0.363614
-0.818079	-0.555047	0.150567
-0.284065	0.581335	-0.762468
-0.246722	-0.928328	-0.278092
-0.295788	0.906589	0.301009
0.511996	0.32075	0.796856
-0.803641	0.428702	-0.412765
0.130949	-0.731091	0.669595
0.209883	0.96427	-0.161655
0.398673	0.40912	0.820781
0.506126	0.853262	0.12562
0.131023	-0.946539	-0.294782
0.360747	0.927441	0.0985629
-0.0682984	-0.14158	-0.987568
-0.588062	0.787036	-0.186431
-0.129365	-0.980911	-0.145185
0.346183	0.937887	0.0229372
0.766054	-0.416579	0.489514
0.373784	-0.927505	0.00456022
-0.351087	-0.854914	-0.381916
-0.0493153	0.976591	-0.209375
-0.912503	-0.269708	0.307564
-0.356181	0.398502	-0.845181
-0.453614	-0.840546	0.29617
0.508592	0.821218	-0.258716
-0.869567	0.45735	0.186237
0.28045	0.644536	0.711282
-0.505044	-0.762351	0.404663
0.314684	0.929531	-0.192213
0.838636	0.212267	0.50163
-0.769128	-0.58189	0.264284
-0.326913	-0.941334	0.0837726
0.14235	0.953399	-0.26602
0.918194	-0.318951	0.234925
-0.965709	-0.211786	-0.150173
-0.566316	-0.457696	0.68542
0.147775	0.88438	-0.442758
0.130604	-0.635754	-0.760763
-0.155537	-0.817113	0.555098
-0.347933	-0.812509	0.46773
-0.720559	0.650312	-0.240602
0.947159	0.281433	-0.153898
-0.308521	-0.187451	0.932565
-0.0447127	-0.902065	0.429277
0.114801	0.142626	-0.983096
0.567151	-0.774763	-0.279432
-0.295547	0.781542	0.549404
0.591274	-0.801867	-0.086049
0.157601	0.98556	-0.061912
-0.331879	-0.864097	-0.378408
0.845547	0.317661	-0.429117
0.178097	-0.888789	0.422299
-0.951118	0.282525	0.124721
0.998276	-0.0349139	-0.0471898
0.409684	-0.125633	0.903535
-0.416314	-0.642446	-0.643386
-0.266196	0.96381	0.0144499
-0.238185	-0.871706	0.428249
-0.426952	0.118242	-0.896511
-0.45987	-0.855089	-0.239463
0.461279	0.672631	-0.57861
0.666437	-0.733048	0.136024
-0.0868512	-0.0231819	-0.995952
-0.0348651	-0.89038	0.453881
0.596134	0.729316	0.335742
0.618945	-0.670716	0.408713
0.156017	-0.983642	-0.0900347
-0.146428	-0.980492	-0.131127
0.289915	0.860176	0.419579
-0.0839948	0.736485	0.671219
0.743039	-0.171739	0.646837
0.537034	-0.634483	-0.555901
-0.242792	0.951088	-0.191009
-0.203003	0.585039	-0.785187
0.874605	0.00390058	0.484821
-0.09452	-0.966733	0.237684
0.714259	0.681502	-0.159337
0.663082	-0.083025	-0.743929
0.311114	-0.898609	0.309369
-0.474148	-0.708326	-0.522932
-0.152869	0.573334	0.804935
-0.969136	0.23908	0.0601372
-0.439903	0.873807	0.207235
-0.813803	-0.5483	-0.192591
0.986793	-0.085094	-0.137832
0.0558548	-0.569584	0.820033
0.95662	-0.288997	0.0368567
-0.641797	-0.561069	0.52278
-0.604809	0.773287	-0.190353
-0.404798	0.813147	-0.418247
-0.191185	-0.547349	0.814774
-0.25086	-0.40024	0.881407
0.401641	0.858418	-0.319065
-0.718362	0.686159	0.114632
0.814733	-0.259406	-0.518574
-0.755488	-0.604607	-0.252365
0.295853	0.946647	0.127787
-0.797903	0.227811	-0.558079
0.690586	0.620564	-0.371471
-0.209279	-0.967877	-0.139343
0.655979	0.75456	-0.0181796
0.483307	0.611392	0.626589
0.902101	0.185525	-0.389608
0.0854745	-0.927714	0.363374
-0.665811	0.741533	0.082611
0.885168	0.337069	0.320721
0.62409	-0.648448	-0.435921
0.099902	-0.987417	-0.122588
0.912567	0.40862	-0.0158732
-0.494205	-0.696882	0.519729
-0.0818868	0.730298	-0.678203
-0.251948	-0.953162	0.167345
0.675315	0.734652	-0.0650874
-0.724064	0.638779	-0.260177
-0.22742	-0.782036	-0.580259
-0.340872	-0.314498	-0.885945
0.749945	0.540814	0.380923
-0.748462	0.0580947	-0.660628
-0.323668	0.900765	0.289589
0.729725	0.116711	0.673706
-0.776357	0.60442	0.178732
0.892782	-0.162125	0.420304
-0.241086	-0.948968	-0.203318
0.0548638	-0.996844	0.0573803
-0.0869061	0.991319	0.0986607
-0.95316	-0.268124	-0.139983
0.181493	0.820013	-0.542806
0.334429	-0.531921	0.777957
0.374285	0.704991	-0.602411
0.139285	0.610873	-0.77938
0.09613	0.689913	-0.717481
0.0191291	-0.870748	0.491357
-0.585582	0.642079	0.494801
0.598499	0.334338	-0.728023
-0.255069	0.966803	-0.0152222
0.628159	-0.249716	-0.736925
-0.595935	0.525786	0.606969
-0.275486	0.955593	-0.104644
-0.48858	0.848347	0.203955
0.129619	-0.925999	0.354577
0.302561	0.942993	-0.138639
-0.516522	0.03777	-0.85544
-0.915479	0.3694	0.159505
-0.763915	-0.643122	0.0531771
-0.00405415	0.726181	0.687491
0.0328015	-0.978654	0.202881
-0.703961	-0.116992	0.700536
-0.462234	-0.884206	0.067221
0.87433	0.480215	-0.0702833
-0.880854	-0.428697	-0.200785
0.154242	0.209498	-0.965567
-0.448421	-0.798908	-0.40083
-0.473478	0.789797	0.389921
0.796406	0.604734	0.00581062
0.147264	0.532454	-0.83355
-0.11946	-0.889027	0.441995
0.270963	0.646535	0.713142
0.519742	0.501928	-0.69133
-0.539879	0.841087	0.0332278
-0.0563438	-0.981788	0.181433
0.47251	0.880973	0.024919
-0.931333	-0.1551	-0.329489
0.238377	-0.513499	-0.824315
-0.471996	-0.750175	-0.463094
0.338138	0.892753	-0.29775
-0.707637	0.286709	-0.645792
0.965008	-0.229278	0.127246
0.140433	-0.989558	0.0324557
-0.341782	0.905164	-0.252711
-0.716597	0.217119	-0.662834
0.370104	0.881172	0.29421
0.168832	-0.59118	-0.788671
0.21523	0.954327	0.207213
-0.781698	0.100317	0.615536
0.737588	-0.673113	-0.0536957
-0.427938	-0.693139	-0.580024
0.612561	0.775066	-0.155055
0.0100281	0.748075	-0.663538
0.640428	-0.527532	-0.558177
0.54115	-0.634462	-0.551919
-0.0205234	0.991858	-0.125687
0.47773	-0.824637	0.3029
-0.231861	-0.963	0.137375
0.00750075	-0.892384	0.451215
-0.0847481	0.96204	-0.259415
-0.434134	-0.0614737	0.898749
-0.28036	-0.316634	0.906168
0.318703	-0.879595	-0.353188
-0.0978256	0.848381	-0.520269
0.144616	-0.143442	0.979036
-0.908799	-0.220445	0.354244
0.619979	-0.718839	-0.314478
-0.310215	0.944531	0.107832
-0.0707798	0.897773	-0.434734
0.608199	-0.789795	0.0794865
-0.289391	-0.818798	0.495806
0.629195	0.77644	0.035427
0.836255	0.314347	0.449292
0.868185	-0.176467	-0.463804
-0.405187	-0.904309	0.134345
-0.401619	0.831176	0.384512
0.63732	0.228153	-0.73605
-0.384268	-0.0636881	0.921022
0.549844	-0.582265	0.598865
-0.857179	0.514873	-0.0122608
0.88774	-0.0477461	-0.457861
-0.289979	0.135374	-0.94741
0.365739	-0.84486	0.390443
0.00779185	0.915728	-0.401723
-0.773714	-0.608359	0.176821
-0.776879	0.467329	0.421975
-0.661472	-0.704326	-0.257644
-0.178246	0.766695	-0.616771
-0.603434	-0.359227	0.711915
-0.393552	-0.863582	0.315187
-0.242767	-0.960678	-0.134768
0.0344164	0.925758	0.376546
0.912652	0.213851	-0.348329
-0.969556	-0.193848	0.149611
-0.1073	-0.88434	-0.454345
-0.467048	0.876379	0.117582
-0.848595	0.514166	0.124582
-0.439437	-0.517721	-0.734071
-0.231259	-0.970452	0.0688683
0.24893	0.92124	0.298917
-0.356627	0.847454	-0.393242
-0.611322	-0.710983	0.347546
0.123566	-0.982916	-0.136409
-0.679496	0.72002	0.140915
0.0473587	-0.994115	0.0974254
0.0420006	0.163151	0.985707
0.23012	-0.967151	-0.107996
0.216421	0.952037	0.216303
0.966195	0.00509419	-0.257761
0.613846	0.505898	-0.60602
0.391796	-0.84911	-0.354271
-0.149441	0.965758	-0.212083
-0.733699	0.624008	-0.268885
-0.296439	-0.852187	0.431164
0.1572	-0.977773	-0.138737
0.577131	0.815591	0.0416066
0.0337895	0.173709	0.984217
0.0773882	0.758211	0.6474
0.358128	-0.860935	0.361298
-0.748693	0.649818	-0.131134
0.48212	-0.243943	0.841458
-0.101279	-0.887098	-0.450334
0.0462804	-0.904057	-0.424899
-0.230227	0.810512	-0.538577
0.045119	-0.510915	0.858447
-0.150061	-0.266647	0.95204
0.124087	-0.992099	-0.0184841
-0.577158	0.803776	-0.144337
0.229372	-0.838813	0.493741
-0.268323	-0.362399	-0.892564
0.507627	-0.850555	0.137374
-0.601337	0.74841	-0.279779
0.244897	-0.0322815	0.969012
0.882139	0.4099	0.231977
0.686156	-0.369981	-0.626342
-0.767826	0.311161	-0.56002
-0.245543	-0.949207	-0.196762
0.634569	-0.320803	-0.703141
0.12102	-0.839738	-0.529334
-0.0356634	0.804421	0.592988
0.374325	-0.28877	-0.881188
-0.64629	0.182516	-0.740943
0.317382	-0.930575	-0.182481
-0.221781	0.953821	-0.202578
-0.911254	-0.398263	0.104895
-0.509582	-0.183495	-0.840628
0.0984713	-0.902567	0.419138
0.32348	0.822859	-0.467187
-0.677531	-0.700197	0.225112
-0.947909	0.291685	-0.128014
-0.606681	-0.781864	0.143623
-0.290236	0.956908	0.00951707
-0.271541	0.960687	-0.0578418
-0.671288	-0.723401	0.161441
-0.104237	-0.965256	-0.239616
0.0715337	0.709965	-0.700595
0.760487	-0.480741	-0.436517
0.856263	0.413914	0.309013
-0.476956	-0.793421	-0.378148
0.460952	0.882908	0.0894269
-0.642104	-0.27211	-0.7167
-0.18925	0.703255	0.685286
-0.573057	-0.654739	0.492871
0.0507446	0.700556	-0.711791
0.0859826	-0.251244	-0.964097
0.17774	-0.812598	0.555061
0.360111	-0.897903	0.253161
-0.114406	0.961595	0.249492
-0.799394	0.298044	0.521669
-0.951199	-0.226794	-0.209248
-0.0253043	-0.587529	0.808807
0.523526	0.524213	-0.671656
0.186848	0.894713	0.405679
0.193852	-0.696075	-0.691304
-0.407756	-0.651194	0.640063
-0.442604	0.581974	0.682208
-0.473116	0.628205	0.617673
0.232709	-0.658039	-0.716122
0.290755	-0.893133	-0.343184
-0.089731	0.148995	-0.984758
-0.841362	-0.507446	-0.186033
0.39761	0.394683	0.82833
0.182193	-0.980685	-0.0711554
0.0564802	0.914476	-0.400678
-0.07918	0.861707	-0.501189
-0.359233	-0.840437	0.405729
0.27961	-0.954649	0.102293
-0.362616	0.913314	-0.185381
-0.824659	-0.329907	0.459456
0.0679969	0.490681	0.868682
-0.585605	-0.735367	-0.341031
0.692023	0.589626	0.416468
0.656962	0.697094	0.28716
-0.323995	-0.0590882	0.944212
-0.454389	-0.890733	0.0111834
0.0618055	0.816926	-0.573421
-0.904769	-0.148125	-0.399315
0.893325	0.448135	0.0338365
0.76261	-0.596824	0.249454
0.431633	0.723269	-0.53905
-0.744004	0.144495	-0.652365
0.16885	0.248005	0.95393
-0.135993	-0.96934	0.204659
0.428429	0.789059	-0.440266
0.904784	-0.338212	-0.258801
0.652132	-0.624023	-0.430488
-0.123128	-0.964454	0.233811
0.716779	0.614094	0.330328
-0.430173	0.676472	-0.597776
0.888323	-0.447173	-0.104493
-0.22086	-0.909538	0.352081
0.863035	0.302513	-0.404545
-0.246563	0.92612	0.285497
0.952246	0.213011	-0.218755
0.0660544	-0.931621	0.357379
0.560114	0.125406	0.818869
0.607773	-0.778955	0.154405
0.0625588	0.232711	-0.970532
-0.406914	-0.897095	0.172169
-0.217865	0.847373	-0.484245
-0.935954	-0.286021	0.205381
-0.627776	-0.0311703	-0.77777
0.309045	-0.689435	0.655111
-0.0849198	0.95497	-0.284289
0.469915	-0.649829	-0.597412
-0.03062	-0.0187894	0.999354
0.332103	-0.881095	-0.336717
-0.768441	0.635151	0.0779845
-0.105347	-0.884027	-0.455409
-0.629007	-0.774404	-0.0681756
0.344817	-0.697022	0.628698
-0.302592	0.940194	-0.156442
-0.895898	0.10628	0.431359
0.693989	-0.719512	0.0261068
0.00869347	-0.950435	0.310801
0.194533	0.788323	-0.583699
0.170473	0.825804	-0.537576
0.395514	-0.383556	0.834538
-0.58839	-0.602886	0.538819
0.367998	0.893621	-0.256941
0.536888	-0.840882	-0.06833
-0.21854	-0.382793	0.897614
0.0256743	-0.999633	0.00860143
0.134584	0.9368	-0.322944
0.105231	0.985042	-0.136451
0.88196	-0.469279	-0.0438522
0.312903	-0.842287	-0.438913
0.778461	0.49808	-0.381988
0.523819	0.844184	-0.113874
-0.897024	0.272918	-0.347655
0.00838412	-0.952923	0.303098
0.839108	0.543951	0.00384587
0.0868158	0.977094	0.194294
0.0314618	-0.727669	-0.685207
0.155877	-0.924229	0.348573
0.122613	0.978666	-0.164859
-0.88117	-0.449177	0.147581
0.209157	-0.256973	-0.943514
0.0191112	-0.999804	-0.00513704
0.358318	0.43306	-0.827084
0.6293	-0.560571	-0.538277
0.736067	0.36972	-0.567021
-0.405246	-0.913613	-0.0329599
-0.83706	0.54699	-0.0115228
-0.719	-0.0946938	0.688529
-0.952153	-0.00658771	0.305552
-0.104393	-0.668986	0.735907
0.270814	0.962631	-0.00107835
0.00809422	-0.190496	0.981655
0.290364	-0.62741	0.722527
0.711537	-0.692739	0.117594
-0.298598	0.951501	-0.0740577
-0.0403837	0.584778	-0.810188
0.648343	0.54383	0.532823
0.380005	-0.880035	-0.284842
-0.838441	0.525256	-0.145336
0.108757	-0.650374	0.751788
-0.393632	0.157358	-0.9057
0.411597	-0.817663	-0.402511
-0.968578	0.225449	0.105017
0.841803	0.429468	0.326992
-0.0711296	0.51271	0.85561
-0.215091	-0.960961	0.174037
-0.306018	0.880362	0.362374
-0.430864	-0.878806	0.205075
-0.0555114	-0.773564	-0.631282
0.255061	-0.90779	0.332958
0.282834	0.893955	0.347635
0.0407391	-0.960045	-0.276864
-0.29779	-0.482908	-0.823481
-0.309582	-0.928291	-0.205999
0.0196535	0.999414	-0.0280241
0.169082	0.982341	-0.08011
0.31146	0.638052	0.704189
0.690414	-0.522901	-0.499903
-0.126177	0.959822	-0.250642
-0.445812	-0.0236151	-0.894815
-0.46678	-0.860782	-0.202908
-0.129191	-0.773619	-0.620342
0.463546	0.744853	0.479917
0.560451	-0.694174	0.451684
0.606571	-0.40132	-0.686304
0.0757423	-0.939508	0.334047
0.106399	0.97445	-0.197806
-0.508611	0.820366	-0.261372
0.789669	-0.397563	-0.467296
-0.0761308	-0.849747	0.521665
0.0236203	0.982542	-0.184534
0.240649	-0.416237	-0.876832
0.548891	0.164998	-0.819448
0.189372	-0.675599	0.712534
0.394579	0.542672	-0.741494
0.953158	0.00415201	0.302446
0.561358	0.516183	0.646864
0.0388261	-0.998437	-0.0401961
-0.370869	0.928626	-0.0104788
0.305272	-0.93911	-0.157741
-0.59807	0.164964	0.784283
-0.150552	-0.54176	0.82694
0.190819	0.580825	-0.791347
-0.577451	0.734939	0.35555
-0.918427	0.386195	0.085709
-0.149248	-0.982554	0.11096
0.664116	0.510121	-0.546558
-0.757736	0.0113266	0.652462
-0.127628	0.90073	0.415206
0.178732	-0.949571	0.257625
0.287424	0.929947	-0.229316
-0.736672	-0.519882	0.432478
0.943212	0.0501596	0.328383
0.168228	-0.962571	-0.212502
0.39833	0.890146	-0.221297
-0.474144	0.645592	-0.598664
-0.763646	0.15396	-0.62701
-0.424883	-0.750786	0.505761
-0.156787	0.983355	-0.0918233
-0.263132	-0.658866	0.704739
-0.387505	-0.804716	-0.449747
-0.727354	-0.621718	0.290555
-0.577169	0.815768	-0.0373862
-0.747945	0.102515	-0.655796
-0.000103717	-0.714689	-0.699442
-0.755936	-0.626816	0.188845
0.590948	0.806709	0.000538886
