2048
0.107619	-0.223049	0.968848
0.266931	-0.760506	0.591928
0.883331	-0.443596	-0.151488
-0.742921	0.662553	0.0953511
-0.685972	-0.695528	0.213737
0.411556	-0.403369	0.817261
0.968063	-0.197241	-0.154759
-0.934227	0.356658	0.00390751
-0.824108	0.281448	-0.491561
-0.653811	0.581364	-0.484301
0.914504	-0.278179	-0.293767
-0.783141	0.576491	0.233127
0.312112	-0.824713	0.471629
-0.225019	-0.862077	-0.454082
0.950874	-0.287196	-0.11557
-0.973031	0.206059	0.103682
0.625645	0.763041	0.162286
-0.967841	0.043264	0.247816
0.665358	-0.713931	-0.218175
-0.879739	0.406442	0.246708
-0.425743	-0.887773	0.174933
-0.321663	-0.654585	-0.684143
0.817593	-0.567381	-0.0980879
-0.944795	0.265871	-0.191506
0.554979	-0.808545	-0.195585
0.729092	0.683618	0.0330368
0.933946	-0.328404	0.141049
-0.967022	0.168253	-0.191207
-0.85225	-0.502993	0.143763
0.539822	-0.826638	-0.15894
0.933377	-0.35785	-0.0273895
-0.9239	0.278351	-0.262543
0.255588	0.934807	0.246598
0.16329	-0.254894	0.953082
0.906223	-0.251894	0.339573
-0.730289	0.679334	-0.072002
0.339534	0.682664	0.64706
0.347008	-0.906694	-0.239772
0.664773	-0.440996	0.602992
-0.812467	0.338583	-0.474614
-0.485895	0.872408	-0.0530102
0.255097	0.870716	0.42045
0.885004	-0.451585	0.113306
-0.877143	0.472396	-0.086388
0.628722	0.044508	0.776355
0.442503	-0.824416	0.352888
0.899557	-0.408286	0.155243
-0.968189	0.187254	-0.16597
-0.0453129	0.665249	-0.745245
-0.46282	-0.886408	-0.00883937
0.7896	-0.571447	0.223562
-0.845873	0.526953	0.0825821
0.66676	0.687686	0.287261
-0.315454	0.72246	0.615257
0.955029	-0.281344	-0.0936167
-0.936693	0.0145419	-0.34985
-0.481169	-0.0485456	-0.875283
-0.0941832	0.733929	0.672665
0.881837	-0.436592	-0.178187
-0.757756	0.554195	-0.344491
0.577386	-0.67292	-0.462391
-0.011203	0.236314	0.971612
0.814439	-0.43128	0.388183
-0.866921	0.458855	-0.194677
-0.873523	0.129374	-0.469276
0.274919	0.352719	-0.894432
0.855742	-0.510075	0.0867745
-0.879364	0.377996	-0.289548
0.846659	0.241343	0.47426
-0.949491	-0.214318	0.229204
0.974694	-0.210184	0.0761187
-0.9549	0.287687	-0.0734939
0.579792	0.719664	0.382001
0.66133	0.546156	0.514156
0.816864	-0.442963	0.369481
-0.868547	0.35241	-0.348472
-0.41975	-0.89992	-0.118127
0.626195	-0.265882	-0.73293
0.853592	-0.372627	0.364045
-0.911313	-0.0896643	0.401831
-0.406556	-0.0930278	-0.908877
-0.276602	-0.166392	0.94647
0.85945	-0.488494	0.150729
-0.963732	0.25527	0.0778326
-0.974641	0.0047521	0.223726
-0.986277	0.162168	0.0309807
0.955243	-0.283662	0.0839443
-0.973206	0.221866	-0.060378
0.00702166	-0.350834	0.936411
-0.642643	0.73685	-0.209909
0.903929	-0.42619	0.0356843
-0.811367	0.583783	0.029688
0.690554	0.345588	0.635377
0.721638	0.134628	0.679054
0.940403	-0.29452	0.170001
-0.776049	0.513571	0.36605
0.36117	0.622917	-0.693924
0.370375	-0.59762	0.711106
0.865587	-0.500096	0.0257734
-0.757681	0.617874	0.210122
0.760086	-0.488295	0.428762
-0.640531	0.487453	-0.593388
0.692489	-0.702482	-0.164251
-0.864172	0.499149	-0.0636958
0.940788	0.326033	0.0928464
0.726606	0.374818	-0.575808
0.67707	-0.679945	-0.281515
-0.892689	0.435311	0.116663
-0.523157	0.365478	-0.769891
-0.949352	0.185316	0.25375
0.736602	-0.676078	0.0183354
-0.888131	0.453577	-0.0741009
-0.230303	0.0364587	0.972436
-0.0620993	-0.377879	0.92377
0.458059	-0.711178	-0.533298
-0.681825	0.731503	-0.00430041
-0.13149	-0.952434	0.274917
0.527738	0.763478	-0.372281
0.905984	-0.374728	-0.196904
-0.901953	0.418032	0.108303
0.581025	-0.769009	0.266523
0.860208	0.457635	-0.224971
0.929377	-0.243718	-0.277235
-0.962996	-0.25662	-0.0823653
-0.674988	0.126146	-0.726965
0.155059	0.849832	0.503728
0.858746	-0.448986	-0.246914
-0.919611	0.390734	0.040534
-0.0871503	-0.963574	0.252842
-0.789495	-0.598996	-0.133801
0.916637	-0.398968	0.0245009
-0.93657	0.264472	0.229982
-0.159408	0.919673	0.358874
0.918583	0.382226	0.100544
0.896967	-0.429307	-0.105573
-0.751331	0.659244	-0.0299966
0.332652	0.534384	0.777031
0.745054	-0.335382	0.576553
0.824772	-0.49052	-0.28132
-0.885345	0.464378	-0.0227369
-0.456799	0.543995	-0.70385
-0.240499	-0.954295	0.177431
0.837456	-0.544874	-0.0421816
-0.786464	0.508516	-0.350551
0.0279815	0.966966	-0.253363
-0.542861	-0.702451	0.460288
0.861664	-0.503136	0.0662507
-0.883496	0.454724	0.112516
-0.883928	0.162719	-0.4384
-0.387914	0.508281	-0.768878
0.905461	-0.307404	-0.29265
-0.918072	0.347558	0.190649
0.658839	-0.252647	-0.708591
0.172587	0.677628	-0.714866
0.901855	-0.421436	0.0951273
-0.982431	0.0697412	-0.173107
0.770227	-0.637753	-0.00471114
-0.880707	0.389471	-0.269567
0.852142	-0.517168	-0.0799444
-0.729109	0.683292	-0.0388867
-0.712645	0.0300228	-0.700883
0.358255	0.0990024	0.92836
0.71162	-0.701706	-0.0347314
-0.722242	0.679089	0.131165
-0.826595	0.544128	-0.143753
0.967032	-0.0498851	0.249723
0.73216	-0.55585	-0.393665
-0.662928	0.74714	0.0480356
0.242308	0.459996	0.854219
-0.122463	0.951418	0.2825
0.613083	-0.718987	-0.327393
-0.817173	0.467341	0.337372
-0.851075	-0.474608	-0.22454
0.930066	-0.336661	-0.147095
0.864424	-0.418564	-0.278522
-0.875548	0.426076	0.227758
0.194801	0.295947	-0.93513
0.793913	0.322706	-0.515328
0.788837	-0.591719	0.166151
-0.86702	0.307927	-0.391737
-0.475739	-0.820964	0.315738
-0.805303	-0.0142847	0.592691
0.707924	-0.574104	-0.411398
-0.936499	0.328599	0.122445
-0.842537	0.483557	0.237285
0.492544	0.869937	-0.0246824
0.900278	-0.413175	0.13706
-0.729046	0.357694	0.583564
0.868202	0.0603402	-0.492529
-0.771541	-0.472274	-0.426242
0.809181	-0.317616	-0.494314
-0.880696	0.391854	0.266131
0.84929	-0.0175846	-0.527634
0.133557	-0.419477	0.897887
0.884613	-0.255063	-0.390389
-0.871615	0.339552	0.353542
-0.0967067	-0.255569	0.961942
-0.688517	0.475643	-0.547456
0.943432	-0.246027	-0.222276
-0.930912	0.307276	0.197444
-0.234597	0.869322	-0.43502
-0.21414	0.934994	0.282718
0.807797	-0.432613	-0.400387
-0.766573	0.640397	-0.0475171
0.438527	-0.132086	0.888959
-0.869454	0.474694	0.136804
0.663897	-0.746447	0.0453521
-0.847536	0.530414	-0.0185461
-0.336426	0.722546	-0.603941
0.530125	-0.823329	0.202723
0.62772	-0.770244	0.11266
-0.63073	0.694689	0.345814
0.267165	0.949169	0.166437
-0.523828	0.581626	0.622347
0.93397	-0.238132	-0.266446
-0.788009	0.615448	-0.0162991
-0.971919	-0.0452577	-0.230921
0.40896	-0.906495	0.104969
0.826021	-0.510687	-0.23851
-0.808517	0.466354	0.358908
-0.288426	-0.740016	0.607608
0.637661	-0.758389	0.135038
0.77021	-0.591039	0.239686
-0.890089	0.453667	-0.0439196
-0.0577882	-0.663025	0.746364
0.0718117	0.982506	-0.171831
0.82581	-0.534357	-0.180278
-0.765011	0.623862	-0.159857
0.425813	-0.865894	-0.262509
0.916704	-0.306252	0.256639
0.910089	-0.41409	0.0163693
-0.917728	0.378879	-0.119271
-0.883798	0.439753	0.159747
-0.573939	0.770719	-0.276743
0.774862	-0.540462	0.327856
-0.883116	0.468854	-0.0167854
-0.483039	0.821104	-0.304076
0.541368	0.178291	-0.821665
0.912752	-0.351664	0.207887
-0.969424	0.233997	-0.073907
0.849727	0.520667	0.082892
-0.312397	0.940797	0.131563
0.900727	-0.391776	-0.187623
-0.828186	0.553629	0.0871926
-0.901313	0.133571	0.41206
-0.522352	-0.84743	0.0949286
0.982999	-0.178128	0.0445271
-0.962082	0.260582	-0.0805913
0.125388	0.706741	0.696272
0.170828	-0.932758	-0.317458
0.97249	-0.229985	-0.0370044
-0.8861	0.463474	-0.00431622
-0.992897	0.118954	-0.00230151
-0.39834	0.724703	0.562256
0.905395	-0.424274	0.0158816
-0.998569	0.0528636	0.00809741
-0.988346	0.0559651	-0.141565
-0.146234	0.628342	-0.76407
0.77039	-0.634513	-0.062397
-0.794265	0.605073	-0.0550413
0.151326	-0.815366	-0.55882
-0.645931	0.691359	-0.323722
0.77395	-0.577371	0.260084
-0.937251	0.348467	0.0114169
-0.344113	-0.876442	-0.336802
-0.665122	-0.701774	-0.255198
0.72798	-0.484814	0.484769
-0.576085	0.506372	-0.641649
-0.563023	0.700103	-0.43916
-0.0971438	-0.349363	0.931938
0.721351	-0.657461	0.217711
-0.780198	0.585549	-0.220055
0.872482	-0.0567069	0.485344
-0.883866	-0.4546	0.11009
0.924846	-0.380332	0.00280418
-0.895713	0.440624	-0.059581
0.52959	-0.430129	-0.731111
-0.110342	0.619381	-0.777298
0.963816	-0.198396	0.17804
-0.9613	0.253313	-0.108329
0.973933	-0.178953	-0.13939
0.126676	-0.860295	-0.493807
0.73372	-0.66657	0.131679
-0.820242	0.511652	-0.255765
0.228866	-0.931741	-0.28192
-0.851042	0.356141	0.385864
0.965473	-0.242812	0.0943644
-0.880307	0.362979	-0.30546
-0.0987549	-0.458007	-0.883446
0.4297	0.709998	0.557907
0.781357	-0.532494	0.325471
-0.885185	0.434544	-0.166193
-0.234545	0.972079	0.00710804
-0.89809	0.00572826	0.439774
0.950207	-0.28293	0.130605
-0.970429	0.108346	-0.215706
-0.962232	0.236141	0.135452
-0.0739493	-0.383347	-0.920639
0.751895	-0.650063	0.109869
-0.843442	0.518514	-0.140529
0.271671	-0.683351	0.677662
0.241243	0.551118	0.798794
0.787225	-0.517931	0.334701
-0.884836	0.458296	0.083847
0.959791	0.0898893	0.265936
0.365927	0.636177	0.679247
0.916207	-0.379926	0.12736
-0.894734	0.349452	-0.27809
0.887069	-0.411283	0.209654
0.304578	-0.654046	0.692428
0.951073	-0.30896	0.00180542
-0.881213	0.471785	-0.0297147
0.510085	-0.433352	0.74298
0.917078	-0.329572	0.224387
0.949549	-0.273579	-0.153334
-0.999379	-0.0148047	-0.0319814
0.166145	0.603885	0.779563
0.572908	-0.812772	0.105729
0.879222	-0.472483	-0.0610629
-0.987226	-0.113826	-0.111487
-0.0322904	0.956673	0.289368
-0.518647	0.230299	-0.823388
0.894684	-0.352031	-0.27498
-0.65753	0.737983	-0.151777
0.11466	0.971039	0.209608
0.46536	0.739784	-0.485963
0.986873	-0.157888	-0.0339551
-0.963033	0.231063	-0.138485
-0.488015	-0.549369	-0.678258
-0.359913	-0.429656	-0.828165
0.714063	-0.69066	-0.114466
-0.803619	0.5951	0.00723728
-0.0505855	0.469675	-0.881389
0.866888	-0.459707	-0.192809
0.966047	-0.110513	0.233539
-0.831059	0.427496	-0.355792
0.685885	0.580473	0.438876
0.997031	0.0557686	0.0530953
0.806947	-0.57711	0.125618
-0.92135	0.388182	0.0206995
-0.434078	-0.174831	-0.883748
-0.536455	0.806017	0.250106
0.910487	-0.402679	0.0941418
-0.942541	0.333576	0.0185489
-0.214789	0.768447	-0.602789
-0.515424	-0.513076	0.686361
0.823763	-0.514487	0.238153
-0.933684	0.352967	0.0603967
-0.416044	-0.316963	-0.852316
-0.660629	0.283715	-0.695036
0.78249	-0.590636	0.197126
-0.920755	0.283781	-0.26773
0.109683	-0.811396	0.574114
0.293514	0.735016	0.61123
0.955862	0.0246607	0.292778
-0.839872	0.538485	0.068177
0.0916142	-0.245287	-0.965112
0.328613	-0.907199	0.262685
0.975414	-0.150637	0.160861
-0.94501	0.229947	0.232554
-0.647752	0.501206	-0.573768
-0.755748	-0.418493	-0.503694
0.98842	0.108122	-0.106471
-0.996901	-0.0770992	0.0156063
0.128601	-0.664196	-0.736414
0.0605958	-0.924427	-0.376513
0.994166	-0.107296	0.0109993
-0.993314	0.0958514	0.0643461
-0.943076	0.229086	0.241096
-0.6185	0.411913	0.669168
0.788086	-0.614074	-0.0428319
-0.798582	0.59139	-0.111916
0.818967	-0.246119	0.518381
-0.899696	0.157222	-0.407221
0.951953	-0.287463	0.105598
-0.926628	0.28789	-0.241825
0.172924	-0.935341	0.308601
0.579037	0.794066	-0.184866
0.843144	-0.217799	-0.491601
-0.719165	0.694585	0.0188024
-0.809302	0.544271	0.220906
0.990361	0.0630607	0.123323
0.970159	-0.228512	-0.0810772
-0.988872	0.147539	-0.0191157
-0.967141	0.241144	0.0805504
0.406515	-0.0732345	-0.910704
0.950416	-0.1321	0.28153
-0.972274	0.233588	-0.0109538
0.413617	0.807654	-0.420257
0.192972	0.942701	-0.272171
0.921311	-0.313699	0.229736
-0.828276	0.446021	-0.339151
0.305598	-0.177619	-0.935447
0.359683	-0.895435	-0.262344
0.823377	-0.561767	-0.0804234
-0.82829	0.527342	-0.189331
0.0494728	0.994009	-0.0974568
-0.931417	-0.361436	-0.0427422
0.93825	-0.330174	0.103307
-0.838966	0.541846	-0.050385
0.381257	0.584902	-0.715914
0.0869687	-0.157874	-0.983622
0.987422	-0.0713377	-0.141098
-0.866995	0.491703	0.0809249
0.719264	-0.490925	0.491581
-0.0378974	-0.134193	-0.99023
0.962293	-0.242977	0.122291
-0.85508	0.509207	0.0977042
0.961771	0.0625074	-0.266625
0.477821	0.463391	0.746295
0.929887	-0.310067	-0.19791
-0.931924	0.293966	0.212371
0.488262	-0.240794	0.83882
0.458435	-0.878701	0.133125
0.924342	-0.191598	-0.329973
-0.935754	0.271703	0.224814
0.163122	0.489981	0.856335
0.238526	-0.301919	0.923012
0.927943	-0.181311	0.32565
-0.918089	0.396276	0.00878528
-0.344056	0.896743	0.278349
-0.88057	-0.169348	0.442626
0.997612	-0.0571524	-0.0387923
-0.994574	0.045345	0.0936326
-0.171216	0.28271	-0.943801
-0.807656	-0.251014	0.533557
0.905976	-0.414526	0.0858836
-0.897481	0.401079	0.183474
0.509304	0.273475	0.815979
-0.556366	0.712784	-0.427078
0.891549	-0.452088	-0.0275157
-0.822637	0.552181	-0.135515
0.918347	-0.228786	0.322948
-0.752884	0.569247	0.330339
0.719759	-0.652246	-0.237741
-0.930937	0.342978	0.125389
-0.544743	-0.301944	0.782359
-0.378555	0.374243	0.846545
0.832633	-0.539952	0.123181
-0.640582	0.767385	0.0278494
-0.880859	-0.139166	-0.452459
-0.598601	0.160726	0.784757
0.954041	-0.298712	-0.0240135
-0.805887	0.565071	0.17675
0.555175	-0.828152	-0.0771008
0.886384	0.27484	0.372541
0.960494	-0.271956	-0.0590897
-0.928945	0.353605	0.109655
0.809495	0.492437	-0.319725
-0.645543	0.681727	0.344273
0.767254	-0.587624	-0.25694
-0.689189	0.716169	0.110088
0.797938	0.458835	0.390851
-0.0577624	-0.765843	-0.640428
0.936358	-0.310073	-0.164586
-0.870296	0.486995	0.0736212
-0.562573	0.783083	0.265128
0.871989	0.234374	0.429771
0.818676	-0.528669	-0.224227
-0.963016	0.00405442	0.269415
0.0807543	-0.207494	-0.974897
-0.768514	-0.59841	0.226475
0.63623	-0.696017	0.332824
-0.907279	0.419737	-0.0258059
-0.771149	-0.044492	-0.635098
-0.182008	0.969902	0.161749
0.833084	-0.50524	-0.225176
-0.816902	0.455674	0.353599
0.557151	-0.753302	0.349455
0.450187	0.769579	-0.452857
0.949774	-0.244964	0.194736
-0.714329	0.694212	-0.0883413
-0.59681	0.66087	0.455048
0.679594	-0.543244	0.492988
0.940815	-0.151906	-0.302971
-0.90707	0.412866	0.0822578
0.00375131	0.840267	-0.542159
-0.323273	0.943238	-0.0761323
0.91911	-0.391312	0.0459518
-0.811327	0.572351	-0.119008
-0.582322	-0.552314	0.596531
0.848539	-0.446775	-0.283503
0.771173	-0.626322	0.114074
-0.879501	0.473909	0.0434398
0.22306	0.524755	-0.821509
0.0290321	-0.944428	0.327433
0.832794	-0.521861	0.184702
-0.874208	0.478038	0.0850941
0.394941	0.469661	0.789582
-0.444049	0.416749	-0.793184
0.82703	-0.546843	0.130318
-0.964908	0.182054	-0.189231
-0.998302	0.0307628	-0.0494595
-0.268944	0.94189	0.201279
0.859975	-0.480728	-0.1713
-0.785351	0.57898	-0.219102
0.898684	-0.0384421	0.436909
-0.145383	0.512822	-0.846096
0.684345	-0.704153	0.189315
-0.889531	0.453616	-0.0544699
0.377964	0.857503	0.349043
0.935385	0.00241266	-0.353623
0.866417	-0.416025	0.276124
-0.95073	0.309959	0.0062019
-0.492918	-0.804884	0.330445
-0.514634	-0.425753	0.744235
0.776004	-0.615559	0.137495
-0.842746	0.511546	-0.167633
-0.12982	0.845892	0.517314
-0.53557	0.704419	-0.465788
0.966965	-0.248434	0.0570848
-0.86565	0.207909	-0.455438
0.876107	0.0443169	-0.480075
0.00020394	0.73628	0.676677
0.872632	-0.436863	-0.21832
-0.815367	0.545958	0.192631
-0.377281	0.926097	-0.00177903
0.447869	-0.643851	0.620378
0.662616	-0.740853	0.109891
-0.93665	0.0986763	0.33608
-0.877877	0.162339	0.45053
0.911895	-0.218404	0.347487
0.901002	-0.427822	-0.0718526
-0.488763	0.860187	0.145566
-0.850534	-0.498793	0.166725
0.587628	0.638225	-0.497356
0.694184	-0.710208	0.117102
-0.765052	0.642308	0.0462223
-0.987044	-0.12355	0.10237
0.511207	-0.780814	-0.359163
0.879423	-0.415691	-0.231982
-0.872068	0.444449	-0.204847
-0.285709	-0.800197	0.52731
0.62212	-0.780834	0.0571362
0.833401	-0.532011	-0.14969
-0.886951	0.461238	0.0240456
-0.75875	-0.484188	0.43573
0.234962	0.321533	0.917284
0.971413	-0.225813	-0.0732495
-0.806993	0.581269	-0.104349
-0.175443	-0.920006	0.35044
-0.914911	-0.333592	0.227277
0.871214	-0.477862	0.112402
-0.917508	0.381829	0.111296
0.351198	0.627593	0.694829
-0.836516	0.0524033	0.545431
0.977387	0.0165098	-0.210811
-0.782004	0.48119	-0.396139
0.825799	-0.413975	0.382989
-0.0332444	0.886321	-0.461876
0.828564	-0.557072	0.0561444
-0.907211	0.404099	-0.116923
0.131891	0.972741	-0.190735
-0.446218	0.756977	-0.477362
0.631268	-0.772559	0.0682213
-0.757627	0.519743	-0.394802
-0.713642	0.12039	0.690088
-0.193595	0.568114	0.799855
0.776721	-0.587524	0.226979
-0.628256	0.728478	0.273156
0.910167	0.396923	0.11852
0.0650622	0.997787	-0.0137123
0.957945	-0.286854	0.00748882
-0.908654	0.249036	-0.335156
0.74236	-0.0405526	0.668773
-0.00161263	0.994793	-0.101906
0.99685	-0.0762378	-0.021881
-0.891626	0.450378	-0.0464992
-0.505441	-0.858097	-0.0905471
0.81686	-0.278566	-0.505114
0.874506	-0.401758	0.271717
-0.999828	-0.00693595	-0.0171829
0.730428	0.682961	-0.0062515
-0.999463	-0.0317698	-0.00807408
0.944907	-0.229661	0.233251
-0.98576	0.167393	0.0160121
-0.389855	0.892563	0.226594
0.31452	0.948865	0.0270565
0.945595	-0.0860165	0.313768
-0.951487	0.299525	-0.0704117
0.465982	0.5155	-0.719111
0.829003	0.535795	0.160246
0.863515	-0.499225	-0.0715268
-0.834913	0.54966	0.028179
-0.0882454	-0.503202	-0.859651
0.430348	0.227681	-0.873477
0.922726	-0.384013	-0.0333111
-0.999451	-0.0163821	-0.0287945
-0.93905	0.176003	-0.295309
-0.852029	-0.175653	0.493147
0.840812	-0.526627	0.125295
-0.936743	0.340129	-0.0826079
-0.54066	0.65406	0.529048
-0.0365443	-0.981277	0.189105
0.779822	-0.616046	0.111202
-0.851767	0.345709	-0.393673
0.0184144	-0.159328	-0.987054
0.811393	-0.584497	-0.00198464
0.80215	-0.560021	-0.2072
-0.91052	0.21066	0.355774
0.178905	-0.980849	0.076994
0.170243	0.464476	-0.869068
0.807129	-0.589483	0.0324528
-0.857673	0.384665	-0.341218
0.11615	-0.34512	-0.931344
0.806855	0.0272711	0.59012
0.921717	-0.386292	-0.0348647
-0.861126	0.497668	0.103868
-0.411166	0.753753	-0.512639
-0.119223	0.764386	-0.63364
0.845182	-0.304736	-0.439093
-0.546013	0.837557	0.0191645
0.347637	0.865516	-0.360599
-0.303917	0.245089	-0.920633
0.932995	-0.33463	-0.132452
-0.696535	0.554154	0.455799
-0.755941	0.0303563	0.653935
-0.0849733	-0.824245	0.559821
0.920715	-0.317698	0.226607
-0.954429	0.25328	-0.157841
0.283033	0.643229	0.711442
0.564947	0.251578	-0.78584
0.889894	-0.437982	0.127513
-0.807349	0.552409	-0.207439
-0.149384	-0.0310321	0.988292
0.440612	-0.896835	0.0393389
0.882282	-0.386209	-0.269112
-0.627365	0.765906	-0.140716
0.763695	0.617862	0.187125
0.456376	-0.230837	0.859322
0.865185	-0.382674	-0.324061
-0.793224	0.608834	-0.0108469
0.23343	0.272533	0.9334
0.46939	-0.824231	-0.316727
0.841203	-0.531092	-0.101582
-0.759548	0.647905	0.057497
-0.837691	0.258177	0.481267
0.545909	-0.407657	0.731983
0.812628	-0.553306	-0.182997
-0.742968	0.669196	0.0132609
-0.880076	0.075064	-0.468862
0.222236	-0.889342	-0.399602
0.645578	-0.686814	0.33394
-0.601228	0.766948	0.224313
-0.402284	0.773624	-0.489564
0.872496	0.0381609	-0.487129
0.790868	-0.610945	0.0357072
-0.78704	0.613307	-0.0665052
-0.897258	0.438727	0.0494665
-0.363218	-0.879865	0.306446
0.682241	-0.711614	-0.167788
-0.83065	0.555359	-0.0399589
0.0739982	-0.924798	-0.373192
0.297573	-0.921877	0.24818
0.546403	-0.831129	-0.103286
-0.684659	0.723183	0.09082
0.910461	0.390568	0.136081
0.985074	-0.168159	-0.0367813
0.5635	-0.820144	-0.0991595
-0.802673	0.595706	0.0291647
0.202398	-0.32788	-0.922784
0.418155	-0.869978	-0.261314
0.825728	-0.546485	0.139742
-0.830175	0.523906	0.190609
-0.931792	-0.269793	-0.24285
0.725544	-0.683335	0.0814788
0.809453	-0.585463	-0.0449378
-0.852849	0.488885	0.183412
0.944206	0.031861	0.32781
-0.944928	0.131874	-0.299534
0.569277	-0.746425	-0.344635
-0.473497	0.833619	0.284394
0.394026	-0.75193	-0.528531
0.928115	-0.358312	0.101069
0.852182	-0.39164	-0.346993
-0.738989	0.469888	0.482805
0.165461	-0.154573	0.974028
-0.990748	0.112243	-0.076285
0.779946	-0.541612	-0.313595
-0.778896	0.517635	0.354083
-0.226251	-0.5411	0.809951
0.677918	0.731298	0.0750374
0.828792	-0.524419	-0.195162
-0.644324	0.715158	0.270916
-0.935474	-0.179202	-0.304589
-0.990876	-0.126781	0.0457413
0.721934	-0.688098	-0.0730183
-0.813204	0.567016	-0.131123
0.637342	-0.243088	-0.731234
0.106235	-0.886381	0.450603
0.843451	-0.478493	-0.244203
-0.842309	0.475339	0.254102
0.8903	-0.114731	0.440683
-0.0238662	-0.698402	0.715308
0.72851	-0.659908	-0.183836
-0.830069	0.556868	0.0297274
0.696762	-0.685255	0.212011
0.340795	0.90744	-0.245787
0.75076	-0.649434	-0.120811
-0.824174	0.528011	0.204794
0.604509	-0.794341	0.0599218
-0.0575804	-0.663026	-0.746378
0.551011	-0.743383	-0.379168
-0.744292	0.616175	0.257599
0.881842	0.35931	0.305369
-0.531965	-0.130664	0.836624
0.711999	-0.668409	-0.215143
-0.884474	0.466234	0.018205
0.688764	0.633778	-0.352036
0.0078134	-0.0956076	0.995388
0.851823	-0.522168	-0.0416806
-0.609787	0.750503	0.254763
-0.595	0.800204	0.0751567
0.42044	-0.501853	0.755893
0.787898	-0.574493	-0.221752
-0.950183	0.243919	0.194051
-0.823	-0.448226	0.348947
0.441974	-0.634355	0.634234
0.621679	-0.606899	-0.495166
-0.886034	0.460902	0.0501373
0.718662	0.0282919	-0.694783
-0.688772	0.662118	-0.295285
0.915877	-0.389698	-0.0964596
-0.76956	0.609191	0.191478
-0.645668	-0.0811704	0.759292
-0.825064	-0.372936	0.424485
0.985288	0.10629	-0.133831
-0.947893	0.225133	-0.22542
-0.342223	-0.769276	0.539535
0.193495	0.925482	-0.325641
0.965119	-0.260684	-0.0242879
-0.993411	0.112376	0.0225069
-0.0985531	-0.530386	0.842008
0.348241	0.617461	-0.705315
0.767242	-0.622745	0.153388
-0.848538	0.431134	0.306766
-0.896636	-0.139187	-0.420323
0.465639	-0.80915	-0.358407
0.941313	-0.336549	0.0257945
-0.750557	0.660096	0.0306024
-0.177505	-0.967494	-0.180129
-0.0344358	0.761726	-0.646983
0.909812	-0.328672	-0.25341
-0.567015	0.819514	0.0830106
0.463522	-0.552094	0.693065
0.460366	-0.269655	-0.845783
0.917015	-0.176766	-0.357542
-0.790765	0.611962	0.0139083
0.715103	-0.510455	0.47756
-0.11848	0.909075	0.399431
0.882411	-0.464038	-0.0775836
-0.717029	0.65639	-0.234567
-0.802622	0.244083	0.544263
0.754445	-0.078509	-0.651651
0.798397	-0.55839	0.225305
-0.895268	0.38725	0.220302
0.247331	-0.885215	-0.393983
-0.150122	0.538866	-0.828907
0.858841	-0.469188	-0.205558
-0.85671	0.491644	-0.155993
-0.603175	-0.492848	-0.627121
-0.577888	0.637425	-0.509642
0.989871	-0.127894	-0.0616294
-0.963544	0.254932	-0.0811966
-0.408447	-0.64259	0.648266
0.29755	0.803948	-0.514909
0.846017	-0.461711	-0.266606
-0.746607	0.663164	-0.0528342
0.475339	-0.769315	0.426858
-0.581823	0.425512	0.693124
0.899807	-0.412831	0.141132
-0.925184	0.345601	0.156825
-0.584917	-0.758521	-0.287258
0.62015	-0.148839	-0.770234
0.974416	-0.224687	-0.00549964
-0.965714	0.231027	0.11842
-0.426801	-0.692376	-0.58177
0.175386	0.57031	0.802488
0.765349	-0.627029	-0.145171
-0.996899	0.036923	-0.0694865
0.0907711	-0.884668	-0.457299
-0.729615	-0.0320902	-0.683104
0.880672	-0.26695	-0.391351
-0.786225	0.617769	0.014532
-0.0329709	0.23205	0.972145
-0.956858	0.274474	0.0953213
0.913185	-0.366212	0.178837
-0.831334	0.536353	-0.145634
-0.381692	-0.852648	0.356795
0.0364161	-0.694096	0.71896
0.82074	-0.421845	-0.38527
-0.693537	0.719739	-0.0313438
-0.196704	-0.962608	0.186264
0.519715	-0.7883	-0.329363
0.748734	-0.605797	0.269085
-0.547132	0.774788	-0.316782
0.668976	-0.731541	-0.131598
-0.338705	-0.592293	0.731074
0.891942	-0.319177	0.320258
-0.928596	0.35008	-0.123102
0.337937	0.534735	0.774504
-0.166159	0.264281	-0.950025
0.875334	-0.483021	-0.021928
-0.709191	0.655605	-0.259287
0.00183598	-0.164744	-0.986335
-0.521675	-0.353131	-0.77663
0.916068	-0.380687	-0.126085
-0.96694	0.175515	-0.184989
0.716109	0.218554	0.662889
-0.209789	0.736183	0.643446
0.940489	-0.297595	0.164064
-0.891758	0.244931	-0.380496
-0.580579	-0.807281	0.105947
-0.164474	-0.299572	-0.93979
0.904877	-0.352911	-0.238015
-0.82027	0.531647	-0.210969
-0.847937	0.393028	0.355712
0.865553	0.396827	-0.305528
0.913486	-0.313835	-0.258941
-0.884615	0.465971	0.0180859
0.896715	-0.351529	-0.268942
0.916648	-0.0659422	-0.394217
0.912053	-0.383483	0.145255
-0.927049	0.360624	0.10262
-0.00812958	-0.232069	0.972665
0.674688	-0.318525	-0.665837
0.583344	-0.788171	0.196204
-0.837384	0.537424	-0.0998206
0.0955258	-0.574519	0.812898
-0.566215	-0.390827	0.72571
0.958273	-0.198706	-0.205495
-0.908663	0.414742	0.0481753
-0.952449	-0.25358	0.168934
0.51486	-0.196707	-0.834401
0.976633	-0.208602	0.0516992
-0.867206	0.457442	-0.196723
-0.190203	-0.333166	0.923484
-0.473205	0.400432	-0.784686
0.930932	-0.320197	-0.175614
-0.88755	0.41444	-0.20123
-0.325649	-0.648695	-0.687858
0.136494	-0.778475	-0.612655
0.874076	-0.310024	0.374
-0.854086	0.0826388	-0.513524
-0.939727	0.329262	0.0921909
0.667826	-0.677092	0.309119
0.78796	-0.614681	-0.0358728
-0.994291	0.00898603	0.106324
-0.431171	0.543969	-0.719854
-0.878216	0.195627	-0.436425
0.864381	-0.410741	0.290065
-0.975527	0.193114	-0.105138
-0.409551	-0.605267	0.682583
-0.709917	0.304849	0.63489
0.958567	-0.085655	0.271685
-0.938458	0.285479	-0.194419
0.18915	0.425314	0.88506
0.0777075	0.0774075	0.993967
0.958251	-0.140999	0.248746
-0.911473	0.398558	-0.101824
-0.228092	0.229713	-0.946153
-0.895495	0.327864	-0.300987
0.932487	-0.361192	-0.00296427
-0.951872	0.303111	0.0454302
0.421979	-0.894184	0.149564
-0.739948	-0.317611	-0.592958
0.928571	-0.141843	-0.342981
-0.963369	0.265973	0.0343392
-0.783183	-0.592695	0.187981
0.0979404	0.508197	0.855654
0.530679	-0.768999	0.3564
-0.833672	0.541339	0.109287
-0.884817	-0.452892	0.109488
-0.511898	0.464371	0.722717
0.892912	-0.429715	-0.134365
-0.585918	0.781729	0.213542
0.0441633	-0.763129	0.644735
-0.0154411	-0.209796	0.977623
0.913843	-0.393796	0.0990784
-0.854822	0.503023	-0.127469
-0.393603	-0.443864	-0.805023
-0.590348	0.464141	-0.66035
0.944881	-0.264128	-0.193487
-0.855649	0.44242	0.268569
-0.195974	-0.428453	-0.882056
-0.487569	0.399245	-0.776454
0.843341	-0.531653	0.0782345
-0.901734	0.425607	-0.0757249
0.496235	0.868188	-0.000940694
-0.162764	-0.913924	0.37182
0.976949	-0.179358	-0.115766
-0.881335	0.471973	-0.0221532
-0.880573	0.446081	0.160012
-0.999524	-0.00177533	-0.0308014
0.483228	-0.870762	0.0909096
-0.930896	0.341304	-0.130168
-0.203396	0.12089	0.971605
-0.947949	0.0545182	-0.313719
0.923932	-0.369658	-0.0985009
-0.987295	0.0601075	-0.147091
-0.124457	-0.226888	-0.965936
-0.93881	-0.306633	0.15688
0.986965	0.0997771	0.126269
-0.924878	0.29309	-0.242277
-0.763098	-0.592017	-0.259222
-0.0502693	0.510385	0.858476
0.95319	-0.0266626	0.301195
-0.917631	0.15115	-0.367569
0.328241	-0.943691	0.0412984
-0.0472719	-0.96068	0.273605
0.991273	-0.121074	0.0521386
-0.989935	0.141522	0.000324244
0.181884	-0.975524	0.123578
0.107511	-0.65661	-0.746528
0.89182	-0.446497	0.0727803
-0.574051	0.761182	-0.301773
0.747986	-0.647297	-0.146707
-0.139465	0.149488	-0.978878
0.860696	-0.498188	0.104931
-0.711814	0.696509	-0.0905312
-0.0188291	-0.787193	-0.61642
-0.65575	-0.753808	0.0420051
0.872118	-0.484517	-0.0682237
-0.686334	0.701826	0.190749
0.831852	-0.464365	0.303952
-0.368673	-0.871776	-0.322625
0.639875	-0.658828	0.395608
-0.927783	0.36606	0.0722435
-0.0929979	-0.94703	0.307386
0.372155	0.79289	0.482521
0.937401	-0.335634	-0.0928966
-0.775164	0.56408	-0.284489
-0.590187	-0.780874	-0.204729
0.707085	-0.664072	0.242979
0.846664	-0.521162	-0.107472
-0.739075	0.580963	0.340954
-0.857402	0.00432618	-0.514629
-0.173564	-0.776639	-0.605563
0.890206	-0.452291	0.0544706
-0.937032	0.295547	-0.186074
0.0939838	0.57333	0.813916
0.0860891	-0.823593	-0.56061
0.920886	-0.389081	-0.0241936
-0.945266	0.324212	-0.036852
0.891046	0.422588	0.165701
-0.228201	-0.972921	-0.036722
0.923883	-0.365971	-0.111824
-0.866755	0.256244	-0.427872
0.415274	-0.747508	-0.518439
0.409733	0.814749	0.410247
0.942437	-0.319802	-0.097668
-0.980159	0.061576	-0.188406
-0.97852	0.133499	0.157087
-0.939223	-0.17437	0.29573
0.981908	-0.188848	-0.0139165
-0.809896	0.586571	-0.00155107
0.14344	-0.933046	-0.329925
-0.199975	0.241252	0.949636
0.892687	-0.450099	0.0228312
-0.962336	0.251437	-0.10339
-0.593604	-0.76077	-0.262416
-0.540658	-0.0116511	0.841162
0.97874	-0.20388	0.0223762
-0.778263	0.618445	0.108781
-0.073681	-0.260098	0.962767
0.333737	0.906942	-0.257053
0.821827	-0.514925	0.243831
-0.782943	0.58692	0.206214
0.764667	0.199539	0.612755
-0.78299	0.418871	0.459863
0.828259	-0.18484	0.528981
-0.854719	0.511212	-0.0900992
-0.864221	0.468442	0.183535
0.415963	0.72944	0.54304
0.864747	-0.477525	0.155509
-0.899751	0.408964	-0.152302
-0.0144017	0.840168	-0.542135
-0.325463	-0.432518	0.840834
0.762887	-0.623178	0.172201
-0.890281	0.430919	-0.147339
0.813806	0.152921	0.560656
0.469629	-0.701429	0.536139
0.765428	-0.643471	-0.00809455
-0.995908	-0.00435254	-0.0902728
-0.498684	-0.776395	0.385391
0.0345626	-0.997203	-0.0662645
0.5076	-0.853533	0.117573
-0.845515	0.524788	0.0984995
0.868224	0.394193	0.30133
-0.522609	-0.850904	0.0533175
0.752648	-0.577538	-0.316181
-0.424115	0.874628	0.234844
-0.613736	-0.783963	-0.0934333
0.626822	0.524778	-0.575936
0.832434	-0.548992	0.075237
-0.785965	0.617129	-0.0375684
0.47674	-0.811014	-0.339081
-0.436368	0.0526778	0.898225
0.80513	-0.410967	-0.427635
-0.632994	0.613231	-0.472511
0.923835	0.314461	0.218272
-0.499523	-0.849772	0.168416
0.853407	-0.514809	-0.0816573
-0.956752	0.259013	0.132429
-0.0989057	-0.934653	-0.341528
0.440283	-0.535226	0.720891
0.95798	-0.277653	-0.0719927
-0.884832	0.454701	0.101583
-0.232419	-0.204845	-0.9508
0.325034	0.581381	0.745888
0.730805	-0.679213	-0.0677789
-0.929228	0.369443	0.00684381
-0.782095	-0.151737	-0.604403
0.189882	-0.852713	-0.486647
0.788338	-0.615006	0.0170655
-0.843451	0.525324	-0.112361
-0.393149	-0.752861	-0.527857
-0.121845	-0.270495	-0.95498
0.918429	-0.388236	-0.075906
-0.754034	0.324486	0.571088
0.220416	0.974754	-0.0356511
-0.850626	-0.0422314	-0.524072
0.954203	-0.279695	-0.106144
-0.905777	0.419437	0.0603345
0.941412	0.105367	0.320376
0.965166	-0.129824	0.227159
0.817911	-0.509749	-0.266791
-0.704257	0.708329	-0.0478684
-0.281794	-0.943089	0.176563
-0.0101627	0.748619	0.662922
0.916449	-0.391872	0.080972
-0.803079	0.416922	-0.425724
0.695007	0.0691176	0.715673
0.359657	-0.924705	0.124774
0.776153	-0.62944	-0.0373099
-0.71663	0.687828	0.115477
0.139361	-0.627248	-0.766249
0.89273	-0.445253	0.06916
0.924844	-0.306836	-0.224757
-0.823624	0.563534	-0.0638251
-0.558678	0.827276	0.0591072
0.588994	-0.312195	0.745399
0.919159	-0.393887	-0.000252949
-0.768563	0.491748	0.409262
-0.281599	0.724567	0.62905
-0.0999747	-0.290583	-0.951613
0.745464	-0.481079	-0.461353
-0.932733	0.331966	-0.140744
0.110833	-0.670872	0.733244
-0.20855	-0.172785	-0.962628
0.73239	-0.635002	-0.245719
-0.63079	0.735999	0.245781
0.708074	0.646803	0.283332
-0.29347	0.278715	0.914436
0.987169	-0.134434	-0.0861689
-0.964392	-0.00555635	0.26442
-0.913925	0.121661	0.387221
0.184293	-0.869739	-0.457811
0.846506	-0.51987	0.114726
-0.965443	0.23598	-0.1106
0.355547	-0.325161	-0.876274
-0.776601	-0.440791	-0.450104
0.755161	-0.64234	-0.130883
-0.776364	0.59223	0.215693
0.472108	-0.189883	-0.860848
0.628624	0.182685	0.755949
0.938315	-0.343819	0.036773
-0.992398	0.049386	-0.112723
0.00668906	0.191915	-0.981389
0.353427	0.917624	-0.18181
0.883488	-0.468236	0.0142899
-0.849342	0.527704	0.0121426
0.8941	0.412232	-0.175072
-0.162553	0.476594	-0.863964
0.929117	-0.200084	0.310979
-0.808889	0.586581	-0.0402609
0.712104	-0.668225	-0.215365
0.971543	0.225741	0.0717338
0.986403	-0.138444	-0.0885556
-0.971517	0.0805511	0.222857
-0.602898	-0.769981	0.208912
0.511514	-0.827887	0.230124
0.919978	0.00441073	0.391945
-0.759191	0.595805	-0.262002
0.87654	0.0800641	-0.474624
-0.611446	0.765533	0.200232
0.796698	-0.589116	-0.134957
-0.855454	0.399644	-0.329368
0.0212148	-0.963608	-0.266475
-0.699029	0.0926612	-0.709065
0.846889	-0.531446	-0.0185461
-0.984221	0.153555	0.0879229
-0.460057	0.0808101	-0.884204
-0.513276	-0.748864	-0.419227
0.98885	-0.0759647	-0.128079
-0.948707	0.31513	0.0254559
0.102189	0.0841042	0.991203
0.494947	0.703154	0.510491
0.956209	-0.257484	-0.13916
-0.833759	0.494831	0.244926
0.853105	-0.521713	0.00525442
0.310579	0.896115	0.317046
0.848542	-0.527095	-0.0463446
-0.865307	0.468646	-0.177807
-0.198589	-0.20642	0.958099
-0.966604	-0.198614	-0.161958
0.990157	-0.138327	0.0213195
-0.872144	0.438624	0.216734
0.181042	-0.38296	-0.905851
0.946342	0.279171	-0.162787
0.878784	-0.360199	0.313043
-0.87529	0.464097	0.135945
0.315573	0.824021	0.470535
0.700295	-0.70898	-0.0832744
0.980071	-0.145867	-0.134844
-0.831698	0.548721	-0.0847579
0.618438	-0.724936	0.303317
0.579585	0.769326	-0.268735
0.951675	-0.243257	0.18746
-0.613559	0.772529	-0.163536
-0.447738	0.347827	0.82374
0.10235	-0.681748	-0.724392
0.715173	-0.663018	-0.221212
-0.887489	0.439587	0.1383
0.362897	-0.858643	-0.361993
0.0647577	-0.993824	0.0901099
0.932887	-0.351508	0.0785087
-0.64541	0.76322	0.0306815
-0.533689	-0.633459	0.560272
0.270876	0.109394	-0.956378
0.94414	-0.244502	0.22095
-0.795624	0.580359	-0.173682
-0.343186	-0.925502	-0.160218
-0.413584	0.347155	-0.841684
0.940613	-0.264901	-0.212306
-0.930426	0.353144	-0.0979616
-0.862133	0.334498	-0.380576
-0.659597	0.543799	0.518859
0.817165	-0.50481	-0.278223
-0.734696	0.676751	0.0472242
0.349886	-0.936784	-0.00386036
0.987659	0.155947	-0.0144726
0.835239	-0.543055	0.0864134
-0.829556	0.553481	0.0741371
0.083668	0.0478401	0.995345
-0.56694	0.430475	0.702332
0.953453	-0.299236	-0.0372216
-0.781604	0.602872	0.160127
0.262225	-0.87251	0.412268
0.855403	-0.515517	0.0502715
0.844429	-0.433423	-0.314777
-0.695236	0.711819	-0.0998045
0.219206	-0.461169	0.859809
-0.516763	0.656505	0.549506
0.887885	-0.45773	0.046304
-0.749314	0.609887	-0.258003
0.569966	0.111409	-0.81408
-0.894226	0.183769	-0.408154
0.887152	-0.419229	0.192896
-0.624806	0.772713	0.111951
0.526717	0.19593	-0.827152
-0.892167	0.198793	-0.405611
0.930958	-0.347455	0.112219
-0.8222	0.254307	-0.509229
0.193554	-0.973632	-0.120736
0.802033	0.389133	0.453121
0.711167	-0.678707	-0.1833
-0.744763	0.652826	-0.13837
-0.572345	0.817225	-0.06756
-0.815335	-0.398835	0.419713
0.878358	-0.456889	0.140501
-0.820601	0.563366	-0.0960839
0.200614	-0.902712	0.380613
-0.822827	-0.134146	-0.552233
0.856728	-0.481059	0.186009
-0.534815	0.810847	-0.237698
-0.696238	-0.651626	0.301057
0.786376	0.434089	-0.439522
0.926296	-0.341185	0.1599
-0.878792	0.423872	-0.219221
0.424182	-0.26742	0.865192
-0.604796	-0.097031	0.790447
0.80199	-0.577017	-0.15448
-0.877455	0.461559	-0.130523
-0.768501	-0.544629	-0.335835
0.956525	0.285634	0.058942
0.548796	-0.815853	0.182228
-0.731894	0.670997	-0.118715
-0.611548	0.291753	-0.735452
-0.804499	0.0181848	0.593675
0.812723	-0.582646	-0.00203982
-0.673403	0.73927	-0.00291213
-0.533806	-0.665813	-0.52129
0.84667	-0.0921235	0.524083
0.908988	-0.415208	0.0366389
-0.931131	0.255267	-0.260449
-0.240348	0.586576	0.773409
-0.468296	0.300945	0.830741
0.958156	-0.286236	0.00231244
-0.631164	0.748138	-0.204747
-0.0400127	-0.0576121	-0.997537
-0.817367	-0.437747	-0.374553
0.745777	-0.642685	-0.17542
-0.662541	0.749025	-0.00144937
-0.627487	-0.665407	-0.404343
-0.336643	0.560068	-0.756965
0.854853	-0.518666	-0.0145274
-0.867968	0.496619	-0.00132565
-0.885712	0.453234	0.100468
-0.898732	-0.353736	-0.259136
0.731612	-0.679075	0.0600054
-0.655102	0.746017	0.11958
-0.484287	-0.870484	-0.0878821
0.415297	-0.073481	0.906713
0.819561	-0.553728	0.147327
-0.875616	0.397703	0.274095
-0.0669429	-0.944225	-0.322425
0.384677	-0.837852	-0.387333
0.836815	-0.528369	0.143413
-0.937135	0.328313	-0.118273
-0.138046	-0.863851	-0.484463
-0.603476	0.746718	0.279695
0.478482	-0.871951	0.103713
-0.877129	0.455064	-0.153495
-0.598614	0.390166	-0.699594
-0.157837	0.191776	-0.968664
0.932922	-0.357235	-0.0451653
-0.783093	0.603984	-0.148219
-0.743035	-0.395266	0.540059
-0.101768	-0.45652	0.883874
0.396081	-0.917849	0.0259235
-0.904389	0.408614	0.122943
-0.94216	-0.104228	-0.318547
-0.517143	0.487699	0.703358
0.968356	-0.249523	0.00503714
-0.878922	0.470864	0.0760415
-0.00450309	0.651537	-0.758603
0.446207	-0.28409	-0.848642
0.716148	-0.56375	0.411483
-0.768875	0.635449	-0.0709587
-0.0788395	-0.883978	-0.460833
0.163336	0.0632417	0.984541
0.847618	-0.482468	-0.220837
-0.988119	0.0703046	-0.136669
0.855199	0.290488	0.429245
-0.281483	-0.528826	-0.800694
0.877465	-0.474493	-0.0700895
-0.909316	0.403445	-0.101863
-0.723964	-0.3558	0.591001
-0.0714177	0.965733	-0.249518
0.678335	-0.734616	-0.0141788
-0.470382	0.855248	-0.217468
-0.63861	-0.726884	0.25262
0.867957	0.333652	0.367868
0.787507	-0.613536	0.0583569
-0.882646	0.468265	-0.0407913
-0.0663837	0.711808	0.69923
0.11748	-0.924454	-0.362744
0.692492	-0.716132	-0.0872343
-0.791147	0.589714	-0.162248
-0.159891	0.435335	-0.885956
-0.247417	0.298527	0.921774
0.778153	-0.624908	0.0629876
-0.957404	0.269522	-0.10361
-0.483649	0.152672	-0.861844
-0.166785	-0.307683	-0.936757
0.839463	-0.340488	0.42352
-0.737836	0.660273	-0.140132
0.333256	0.855557	-0.396184
0.981068	0.0196817	-0.192661
0.939581	-0.340757	-0.0327267
-0.879779	0.47505	0.01779
-0.338685	0.434142	0.834754
-0.93156	-0.355332	0.0770425
0.882864	-0.466564	0.0535688
-0.928458	0.359597	0.0930323
0.626709	-0.717195	-0.30474
-0.69308	-0.436303	0.573829
0.771699	-0.634173	-0.0480141
-0.920126	0.361914	-0.149622
0.129216	0.643441	0.754511
0.578667	-0.317839	-0.751081
0.781975	-0.599921	-0.169144
-0.855984	0.463394	-0.229255
-0.326758	0.896773	0.298376
0.0276147	-0.333025	-0.942514
0.533329	-0.843718	0.0608255
-0.799787	0.59776	-0.0549811
-0.54383	-0.796609	0.263938
0.191118	0.378045	0.905846
0.671182	-0.73387	0.104641
-0.957674	0.269714	-0.10057
0.474325	0.309012	-0.824335
0.607256	-0.720903	-0.333975
0.547387	-0.805805	0.225932
-0.911963	0.410268	-0.0017458
0.341073	0.939524	0.0310397
0.0907879	0.649785	0.754676
0.861234	-0.49932	-0.0946382
-0.984511	0.0864554	0.152522
0.0103476	0.680994	0.732216
-0.984604	-0.0181486	0.173857
0.784293	-0.610208	-0.111946
-0.922567	0.345494	-0.171766
0.279935	-0.458326	0.843548
-0.0885878	-0.434292	0.896405
0.996062	0.00419264	-0.0885613
-0.961367	0.222579	-0.161963
-0.145377	0.524844	0.838692
0.578665	-0.468726	-0.667415
0.940948	-0.335335	0.0465533
-0.890044	0.454827	-0.0308906
0.998652	0.0370673	-0.0363428
0.712562	-0.365835	0.598682
0.908275	-0.414522	-0.0566398
-0.78066	0.623026	-0.0490758
0.0555777	-0.884195	0.463799
-0.173536	0.0169037	-0.984682
0.9669	-0.254482	-0.0185397
-0.885686	0.389226	0.253107
0.17503	0.769895	0.613699
-0.185338	0.760564	-0.622248
0.93443	-0.29932	0.192999
-0.980674	0.193059	-0.0317318
0.883713	-0.458606	0.0934415
0.382222	-0.782594	-0.491378
0.905601	-0.422616	-0.035816
-0.849285	0.518171	0.10106
-0.715946	0.170869	0.676923
-0.0495758	0.189707	0.980588
0.86238	-0.50351	0.0527058
-0.964835	0.262854	-0.00129166
-0.820139	0.130086	-0.557181
0.885739	0.394016	0.245394
0.945488	-0.308039	0.105658
-0.821549	0.551695	-0.14384
0.544352	0.435691	-0.716836
-0.596281	0.0385921	-0.801848
0.930141	-0.35741	-0.084239
-0.976727	0.0951061	-0.192247
-0.328233	0.44779	-0.831714
-0.7915	0.0753603	0.606506
0.819324	-0.533134	-0.210895
-0.924061	0.270083	0.270492
0.215444	-0.0504238	0.975214
-0.440917	-0.688461	-0.57586
0.957575	-0.218869	0.187473
-0.878048	0.396229	-0.268393
0.0148626	0.151984	-0.988271
0.0799831	-0.138699	-0.987099
0.942794	-0.304213	-0.136356
-0.960755	0.259568	0.0978458
0.292296	-0.280185	-0.914363
-0.722384	-0.640576	-0.260432
0.895543	-0.435813	0.0898355
-0.980912	0.0224689	-0.193151
-0.601892	-0.739901	0.300454
-0.351574	0.934956	0.0474726
0.890602	-0.414867	-0.186315
-0.853916	0.519745	0.0263263
-0.751874	-0.447077	-0.484569
-0.611009	0.782534	0.119618
0.917453	-0.353228	0.183056
-0.926427	0.376349	-0.0096901
0.56166	-0.629934	-0.536396
-0.475152	0.879648	0.0212119
0.949606	-0.306709	-0.0646314
-0.971109	0.238041	0.0168513
0.404459	0.866635	0.292159
0.07446	-0.624478	-0.777485
0.867441	-0.494181	-0.0577099
-0.947704	0.313818	-0.0581022
-0.68137	-0.551745	-0.480949
-0.647379	-0.455982	0.610721
0.771978	-0.61255	-0.169803
-0.944405	0.316336	0.0896154
0.312443	-0.389683	0.866329
-0.00971499	-0.245294	-0.9694
0.932576	-0.148877	-0.328842
-0.946473	0.305942	0.102901
0.310492	-0.509633	-0.802415
-0.94345	0.296603	0.148082
0.879387	-0.404067	-0.251811
-0.861893	0.494695	-0.111437
0.0321701	0.965763	0.257423
0.403268	-0.883944	0.236683
0.889136	-0.325186	-0.322012
-0.904474	0.416674	-0.0911504
0.399199	0.857641	-0.324179
0.605712	-0.66438	0.437848
0.807032	-0.575243	-0.133397
-0.808186	0.45743	0.370935
0.537786	0.823342	-0.181369
0.569938	0.284561	0.770841
0.717397	-0.660407	-0.221821
-0.912091	0.356919	-0.201739
0.438082	0.814332	0.380719
0.299565	0.18262	0.936435
0.78864	-0.594811	0.155714
-0.803886	0.553487	-0.21776
-0.829696	-0.509072	0.229021
-0.740871	-0.575823	-0.345743
0.915186	-0.374671	0.148516
-0.966826	0.255354	-0.00648386
0.034833	0.105713	0.993786
-0.897345	0.316931	-0.307127
0.926608	-0.37302	-0.0474767
-0.8374	0.483989	0.254002
-0.0559374	-0.972653	-0.225425
-0.394476	0.881325	0.260104
0.970826	-0.161954	0.176826
-0.958012	0.27307	-0.0874399
-0.660348	-0.185841	-0.727601
-0.661831	-0.207415	0.720388
0.965165	-0.254512	-0.060671
-0.80882	0.573871	-0.128383
0.642155	-0.75005	0.15831
0.040311	0.75891	0.649946
0.777097	-0.40309	-0.483362
-0.785587	0.563045	-0.256581
0.351838	-0.913813	0.202869
-0.439085	-0.889112	0.129168
0.92657	-0.308141	0.215681
-0.880507	0.311128	0.35764
-0.275568	0.960074	0.0481773
0.883396	-0.397463	0.248264
0.840872	-0.496278	-0.215968
-0.947127	0.318116	0.0418712
-0.610293	0.764839	0.20631
-0.380429	-0.616971	-0.688927
0.808607	-0.587143	0.0376566
-0.843401	0.510797	0.166616
0.172962	0.942252	0.286784
0.612979	0.775084	-0.153304
0.891468	-0.420923	-0.167656
-0.931027	0.30439	0.201336
-0.029843	0.793796	-0.607452
-0.609896	0.718998	0.33327
0.953871	-0.250553	0.165391
-0.87235	0.407765	0.269691
-0.89338	0.447724	0.0376133
-0.54858	0.677044	0.490582
0.75258	-0.65117	0.0979869
-0.97109	0.232066	0.0559357
-0.585575	0.804502	-0.0993911
0.871465	-0.405451	-0.275967
0.942833	-0.327586	-0.0612635
-0.868771	0.495213	-0.00147448
-0.821285	0.568103	-0.052446
-0.32512	-0.789821	0.520077
0.906026	-0.417442	0.0697135
-0.824058	0.563464	0.0586194
0.00405644	0.860521	-0.509399
0.397221	0.341822	-0.851688
0.967497	-0.140442	0.210298
-0.83757	0.377418	-0.395008
0.635028	0.770416	-0.0565578
-0.262891	-0.915929	-0.303254
0.875613	-0.451433	0.171783
-0.818668	0.514314	-0.255467
0.640205	-0.766736	0.0474762
0.626342	-0.693179	0.356649
0.927248	-0.374431	-0.00349571
-0.807851	0.533662	0.250162
-0.18251	0.655614	-0.732708
-0.048193	0.996865	0.0627455
0.776053	-0.618199	0.124789
-0.733186	0.661439	-0.157917
-0.249574	-0.701643	0.66739
-0.550155	-0.773467	0.314767
0.911569	-0.407611	-0.0538038
-0.746302	0.664611	-0.0364022
0.174775	-0.627599	0.758665
-0.232674	-0.913769	0.333
0.810357	-0.568496	-0.141894
-0.836883	0.528718	0.141717
-0.643313	-0.670266	-0.36999
0.114683	-0.509342	-0.852888
0.953339	-0.266845	-0.141206
-0.764736	0.577328	0.286132
-0.150585	-0.860014	0.487544
0.774186	-0.554949	-0.304414
0.992691	-0.120672	0.00190944
-0.914928	0.391921	0.0964607
0.460928	-0.565522	-0.683908
-0.0986319	-0.153609	0.983197
0.791297	-0.367353	-0.488775
-0.974926	-0.00721104	0.222413
-0.691653	0.647182	-0.32058
-0.832034	-0.54308	-0.113063
0.939907	-0.335409	-0.0638343
-0.938647	0.344371	0.018742
0.929428	-0.0783331	0.360593
-0.422135	-0.816366	-0.394143
0.945848	-0.282008	-0.160761
-0.935603	0.266316	0.231782
-0.970221	-0.211899	-0.117342
0.587097	-0.777856	-0.224181
0.867814	-0.453783	-0.202435
-0.576191	0.671976	0.465244
0.728836	-0.112219	-0.67543
0.0343372	0.689469	-0.723501
0.887342	-0.457232	-0.0596899
-0.872152	0.488405	-0.028479
-0.969565	-0.237532	0.0593416
0.731261	0.336464	0.593338
0.820875	-0.373269	-0.432244
-0.891701	0.446696	0.0730172
0.641403	-0.514818	0.568828
-0.592892	-0.425702	0.683562
0.919623	-0.392008	0.0249694
-0.74873	0.661343	-0.0450438
0.348285	0.869745	0.349629
0.169005	-0.972567	0.159848
0.669226	-0.678688	-0.302523
-0.579766	0.813998	0.0357553
-0.210899	-0.533734	-0.818932
-0.953873	-0.267645	0.135989
0.867333	-0.497241	0.0220282
-0.554323	0.570209	-0.60629
-0.917315	-0.297022	-0.265162
0.688218	-0.597319	-0.411785
0.878347	-0.467121	0.10151
-0.654037	0.735657	-0.176195
0.0709312	0.816761	-0.572599
0.415388	-0.906813	-0.0717161
0.796935	-0.594598	-0.106531
-0.889204	0.426148	0.166475
0.449743	-0.867327	-0.213249
0.983794	-0.175243	-0.0379348
0.481336	-0.865963	0.135735
-0.783484	0.621411	0.000381915
-0.871549	-0.469767	-0.140432
-0.872161	0.417884	0.254379
0.824542	-0.537867	-0.175585
-0.576529	0.814042	0.0703548
0.690888	-0.0600994	-0.72046
0.345605	0.80466	-0.482783
0.799354	-0.592127	0.102072
-0.73191	0.626653	-0.267609
-0.648038	0.569052	-0.506188
-0.920723	-0.377164	-0.100083
0.853854	-0.504357	-0.128672
-0.97856	0.183057	0.0943997
-0.730892	-0.179109	-0.658572
-0.804033	0.370381	-0.465133
0.853291	-0.518632	0.0539929
-0.742743	0.578035	0.337948
-0.548132	0.760772	0.34753
0.0941561	-0.846219	-0.52445
0.910962	-0.362777	-0.19632
-0.629039	0.581298	-0.516142
-0.879491	-0.333527	0.339492
-0.0876822	0.347257	0.933662
0.896158	-0.409277	-0.171444
-0.92812	0.37073	-0.0339443
0.897583	0.31643	0.306947
0.282794	0.94999	0.132464
0.909378	-0.37399	0.182109
-0.593233	0.759654	-0.26646
0.268981	-0.521191	-0.809944
-0.160141	-0.986041	0.045591
0.970564	-0.231908	0.0649954
-0.834741	0.498813	-0.233225
0.0130305	-0.250339	-0.968071
0.291241	-0.386111	-0.87527
0.938682	-0.34289	0.0360943
-0.748789	0.66274	0.00953259
-0.478324	0.0786468	-0.874655
-0.664255	-0.213747	-0.716294
0.840582	-0.540624	0.0338767
-0.910635	0.406244	0.0755574
-0.876406	-0.480293	-0.0350981
0.453996	-0.80667	0.37838
0.828028	-0.558146	-0.0533245
-0.721801	0.477801	-0.500709
-0.493734	0.393034	0.775726
-0.63075	-0.72165	0.285264
0.99067	0.0359752	-0.13145
-0.883886	0.434975	-0.171878
0.834014	0.517853	0.190392
0.898664	-0.418254	0.132162
0.927972	-0.36889	0.0527983
-0.394797	0.864565	-0.310906
0.296443	-0.360671	-0.884329
-0.00646979	0.995197	0.0976813
0.947337	-0.210176	0.241616
-0.807672	0.565345	0.167484
-0.00878075	0.39329	-0.919373
-0.34746	-0.422379	-0.837178
0.874403	-0.466798	-0.132357
-0.92766	0.365399	-0.0770133
0.455322	0.368224	-0.810613
0.573764	-0.254139	-0.778594
0.940515	-0.243679	0.236752
-0.902519	0.262063	0.341735
0.801269	0.0579364	-0.595492
-0.653926	0.680139	-0.331349
0.783183	-0.62176	-0.00627486
-0.75999	0.635837	0.134636
0.0597408	-0.868993	0.491204
-0.654004	0.486117	0.579628
0.980772	-0.0166078	0.194448
-0.861572	0.433738	-0.263751
0.833388	-0.435413	0.340412
-0.550924	-0.814765	0.18067
0.865093	-0.479512	0.147251
-0.791581	0.578672	-0.196313
-0.571866	-0.640375	0.512727
0.0201453	-0.270583	-0.962486
0.839068	-0.538796	-0.0752518
-0.94973	0.310276	0.0417436
0.943684	-0.327375	-0.0478067
0.658235	0.102284	0.745832
0.87771	-0.466309	0.110368
-0.910571	0.407772	0.0677028
-0.239039	-0.177645	0.954622
0.175829	-0.981803	-0.0717381
0.892383	-0.451162	0.0103219
-0.745784	0.551599	-0.373555
0.799006	-0.361133	-0.480804
0.836413	-0.444921	0.320091
0.916423	-0.398528	-0.0366672
-0.74016	0.604882	-0.293736
0.110498	0.966603	0.231233
0.755293	-0.603613	0.255312
0.821643	-0.479311	0.308487
-0.949082	0.2918	-0.118724
-0.648821	-0.486208	-0.585349
0.190971	-0.613181	0.766511
0.849771	-0.523218	0.0642818
-0.874201	0.469992	0.121982
-0.0106719	-0.809191	0.587449
-0.810812	-0.0121257	-0.58518
0.824162	-0.427521	0.37146
-0.614305	0.782436	-0.102093
-0.661564	-0.492466	0.565519
0.419257	-0.365163	-0.831192
0.576231	-0.779227	0.2465
-0.563975	0.803611	-0.19011
-0.564569	0.0468762	0.824054
0.668577	-0.731752	0.132454
0.806566	-0.58854	0.0554181
-0.882367	0.463509	-0.0811635
-0.331249	0.586041	0.73948
0.379485	-0.909566	-0.169357
0.960185	-0.266996	0.0822077
-0.826801	0.550424	-0.115902
-0.516441	0.0221235	0.856037
0.744717	0.30954	0.591255
0.831659	-0.494424	-0.252762
-0.758438	0.610094	0.229254
0.40187	-0.719535	0.566366
0.528001	0.840174	0.123789
0.925556	-0.369167	-0.0840381
-0.939143	0.313059	0.141439
0.432313	0.764554	-0.478083
0.156358	-0.986564	-0.0473688
0.966449	-0.151562	-0.207378
-0.806361	0.58767	-0.0665241
-0.896408	0.0870646	0.434594
0.644767	0.281619	0.71061
0.963902	-0.245422	0.10325
-0.865058	0.498948	0.0522095
-0.885237	0.22653	0.40625
-0.115777	0.084239	-0.989697
0.531049	-0.793621	0.296907
-0.670001	0.732871	0.118318
-0.0539623	-0.576517	0.815302
-0.859393	0.288259	0.422316
0.9287	-0.285833	0.236255
-0.918223	0.39363	0.0438314
-0.592182	-0.774939	-0.220886
0.520292	0.405707	-0.751464
0.873738	-0.402517	-0.273061
-0.6207	0.596562	-0.508769
-0.930633	0.331585	-0.154834
-0.90272	-0.145178	-0.404994
0.889279	-0.438433	0.13023
-0.783233	0.614809	-0.0924975
0.00770207	0.466229	-0.884631
0.341778	0.750366	0.565808
0.838501	-0.475669	0.265811
-0.749049	0.662404	0.0121429
0.238407	0.489305	0.838894
0.94612	0.0430594	0.320939
0.800979	-0.558518	0.215615
-0.895488	0.440346	-0.0647771
0.720466	0.376144	-0.582619
-0.410751	0.819273	-0.400095
0.81411	-0.572523	0.0971765
-0.979745	-0.200119	-0.00722963
0.545265	0.809043	0.219397
0.175062	0.373739	0.910864
0.902932	-0.429499	-0.0156074
-0.711543	0.699373	-0.0677007
0.760059	0.586904	0.279023
0.473274	0.81873	0.325105
0.807193	-0.588737	0.0427612
-0.908742	0.359258	-0.212418
-0.937563	-0.278397	0.208498
0.184318	0.181011	0.966055
0.9082	-0.189458	0.3732
-0.941434	0.315707	0.118452
-0.127966	-0.331854	0.934611
0.940466	0.326001	-0.09616
0.922432	-0.339165	0.184623
-0.894137	0.423017	-0.146885
0.235611	-0.218671	0.946927
0.167208	-0.985919	0.00222044
0.895872	-0.442882	0.0356132
-0.833589	0.540277	0.115027
-0.747362	0.57216	0.337762
-0.851956	-0.222176	-0.474139
0.823342	-0.519979	-0.22744
-0.682283	0.693202	0.232294
0.508761	-0.00236702	-0.860904
-0.610729	0.585786	-0.53279
0.851195	-0.461713	-0.249578
-0.846145	0.410073	0.340409
-0.26153	-0.473653	0.840984
-0.0436623	0.99045	-0.130775
0.700361	-0.709525	0.0778967
-0.673551	0.722895	0.154116
0.810564	-0.454194	-0.369721
-0.230609	0.969163	-0.0868514
0.986578	-0.157268	0.0439337
-0.829205	0.546984	0.115011
-0.421693	-0.263248	0.867684
-0.135892	-0.934046	0.33029
0.624632	-0.755371	-0.198115
-0.82318	0.492159	0.283114
-0.089261	-0.57017	0.816663
0.269189	0.90211	-0.337247
0.512786	-0.838582	0.183931
-0.90617	0.395221	-0.150519
0.760809	-0.101582	0.640976
0.891047	0.363757	-0.271507
0.899139	-0.423332	0.11108
-0.808918	0.461063	-0.364791
0.815906	-0.527952	-0.235722
-0.546335	0.211887	-0.810322
0.921888	-0.371323	0.110642
-0.904761	0.410138	0.114868
-0.487551	0.869176	0.082619
0.968153	0.102955	0.228208
0.745813	-0.634508	0.202888
-0.96295	0.158405	-0.218255
-0.778025	-0.323766	-0.53838
0.303794	0.926527	-0.221938
0.941696	-0.313095	-0.123207
-0.964528	0.20042	0.171804
-0.181859	-0.339173	0.922978
-0.0490586	-0.0926684	-0.994488
0.895716	-0.441943	-0.0487718
-0.912432	0.324775	-0.248977
0.417931	0.908478	0.00113547
0.0438104	-0.959043	-0.279851
0.934702	-0.353739	-0.0346465
-0.847463	0.519747	0.108026
-0.376368	-0.921621	-0.0946683
0.0903844	-0.609294	-0.787777
0.842572	-0.5384	0.0140973
-0.868537	0.473874	-0.145211
-0.129338	0.33306	-0.933993
-0.195437	-0.576872	-0.79311
0.80866	-0.546196	0.218491
-0.788145	0.578456	0.210275
0.0284406	0.910088	-0.413438
0.654122	0.000204332	0.756389
0.84304	-0.456974	0.283653
-0.96761	0.225918	0.112658
0.414019	-0.892128	0.180818
-0.76597	-0.297175	0.570067
0.998488	-0.0353542	0.0420994
-0.831168	0.527372	0.176178
0.992856	0.118022	-0.0175284
0.806079	0.328921	-0.491983
0.663608	-0.635703	0.394343
-0.789091	0.613712	0.0263176
-0.55559	0.365341	-0.74689
-0.111022	0.88086	0.460174
0.945273	-0.324576	0.0333193
-0.973602	0.228199	0.00500234
-0.599901	0.323091	0.731937
-0.552077	-0.59676	0.582313
0.84683	-0.480669	-0.227676
-0.842503	0.479674	-0.245156
0.865576	0.448453	-0.222862
0.119109	-0.603049	-0.788761
0.844891	-0.530207	0.070999
-0.768744	0.63226	-0.0963332
0.497775	-0.249089	0.830768
-0.684949	-0.373015	0.625864
0.832429	-0.550511	0.0632421
-0.755238	0.472609	0.454154
-0.939373	-0.254804	-0.229465
-0.31455	0.330888	-0.889703
0.861695	-0.399811	-0.312463
-0.897082	0.423932	0.124602
0.0158172	-0.345238	-0.938382
0.75745	0.0302084	0.652194
0.907571	-0.402327	0.120199
-0.979058	0.122398	0.162676
-0.957395	0.121067	0.262177
-0.917394	0.212336	0.336604
0.959525	-0.278638	0.0408896
-0.851846	0.502162	0.14897
0.883261	0.0588672	0.465171
0.913901	0.156896	-0.37439
0.773163	-0.585249	0.244341
-0.934225	0.2132	-0.285955
-0.0232988	-0.975874	0.217088
0.672537	-0.129886	-0.728576
0.981108	-0.192044	-0.0233854
-0.751062	0.631744	-0.191848
-0.0654047	-0.410696	-0.909423
-0.968304	-0.0671263	-0.240588
0.989922	-0.036927	-0.136716
-0.991304	0.0828585	-0.102225
0.791727	-0.162068	-0.588984
-0.723518	0.673115	-0.153095
0.871387	-0.490397	0.014005
-0.853057	0.502522	-0.14059
-0.841951	0.0485889	-0.537362
0.569491	0.623196	-0.53601
0.942765	-0.327111	0.0647526
-0.570178	0.749284	-0.336854
-0.186964	0.922862	-0.336705
-0.283834	0.0419179	-0.957957
0.874367	-0.392864	0.284852
-0.881977	0.437418	0.175447
-0.667061	0.744123	-0.0362112
-0.598873	-0.567128	0.565435
0.798601	-0.583295	0.148336
-0.806999	0.554798	-0.202366
-0.0124376	-0.348491	0.93723
-0.887082	0.153101	0.435483
0.740127	-0.512453	0.435435
-0.930174	0.210136	-0.301032
-0.120199	-0.838711	-0.531146
0.0986471	0.45975	-0.882552
0.899348	-0.402519	0.170742
-0.888246	0.324766	-0.324877
0.56065	0.770416	0.30353
0.440054	0.884522	-0.154833
0.97726	-0.209446	-0.0330968
-0.891838	0.310176	-0.329265
-0.950966	0.24471	-0.18916
-0.271465	0.785225	0.556532
0.983724	-0.104117	-0.146445
-0.965436	-0.17086	0.196826
-0.113121	-0.954508	0.275895
-0.712577	-0.469541	-0.521311
0.902146	-0.416728	-0.111667
-0.847248	0.530224	0.0321399
-0.667115	0.378688	-0.641524
-0.019769	-0.707997	-0.705939
0.865518	-0.256744	0.430072
-0.920523	0.301623	-0.248316
0.0475517	0.747456	-0.662607
0.447357	0.68843	-0.570908
0.976088	-0.16739	-0.138681
-0.786829	0.47919	-0.388944
0.676248	-0.733018	0.0733017
-0.734282	-0.201893	0.648127
0.928736	-0.33136	0.166285
-0.998803	-0.0383462	0.0303826
-0.100768	-0.988489	0.112853
0.606297	-0.0097732	0.795179
0.92005	-0.219822	0.324324
-0.686953	0.670069	-0.281253
-0.517134	-0.222425	-0.826499
-0.45193	-0.506418	0.734371
0.836372	-0.328301	0.438977
-0.952462	0.297998	-0.063356
-0.427323	-0.129655	0.894754
0.920823	0.159855	0.355713
0.904024	-0.243761	-0.351172
-0.771217	0.63598	-0.0274302
-0.412925	0.843104	-0.344484
-0.401014	0.785189	0.471875
0.752597	-0.632171	-0.184277
-0.783795	0.572475	0.240701
-0.00367669	0.908386	0.418116
0.90935	-0.0873345	-0.406761
0.774728	-0.62982	0.0558963
-0.923036	0.377564	0.0738243
-0.766862	0.0815495	0.63661
-0.33362	0.597248	-0.729378
0.906716	-0.000202089	0.421741
-0.728918	0.667409	-0.152461
0.506756	0.807482	-0.301945
0.504478	-0.130416	0.853518
0.959703	-0.255903	0.116119
-0.869949	0.383797	-0.309658
-0.708467	0.326462	-0.625697
-0.967587	0.17226	-0.184667
0.955693	-0.276699	-0.100439
-0.818128	0.574242	0.0301925
0.314674	-0.288627	-0.904254
0.0938736	-0.913933	-0.39486
0.859551	-0.491941	0.138441
-0.852733	0.464882	-0.238183
-0.334039	-0.749486	-0.571567
-0.43408	0.453289	0.778526
0.741233	-0.647094	0.178445
-0.927567	0.36911	-0.0581197
-0.00435912	0.832536	-0.553954
-0.675914	-0.106574	-0.729234
0.923496	-0.377196	-0.0698409
-0.969099	0.220863	-0.109851
-0.367859	0.659347	0.655699
-0.377508	0.925695	0.0240183
0.801608	-0.589221	0.101206
-0.902965	0.419799	0.0917728
-0.895347	-0.429227	-0.118823
-0.28779	-0.69236	-0.661675
0.947812	-0.24304	0.20636
-0.880079	0.468421	-0.0777364
0.00349897	0.457951	0.88897
0.470109	0.181882	-0.863665
0.974831	-0.216081	-0.054896
-0.788442	0.5659	-0.241073
-0.264359	0.952072	-0.153864
-0.819693	0.488552	0.299033
0.829303	-0.557743	-0.0343567
-0.892508	0.428389	0.141112
0.696305	-0.715459	0.0572519
0.117164	-0.731016	0.672226
0.889628	-0.382184	-0.249996
-0.990666	-0.0652298	0.11969
0.259076	-0.845305	-0.467268
0.424442	-0.621518	-0.658456
0.711031	-0.695872	0.100981
-0.803308	0.514456	0.300052
-0.807812	-0.561943	-0.177934
0.739623	0.389532	0.548837
0.860825	-0.464184	0.208598
-0.95835	0.285569	0.00389208
0.671093	-0.511988	0.536193
-0.863255	0.318008	0.391996
0.565941	-0.784582	-0.253261
-0.832628	0.553545	-0.017829
-0.167967	-0.433098	0.885558
0.747979	0.518689	0.414111
0.970963	-0.239204	0.00355476
-0.850793	0.481136	-0.21133
0.670291	0.537394	-0.511779
0.0492623	-0.750655	0.658856
0.87439	-0.356812	0.328828
-0.849502	0.518885	0.09542
0.172747	0.411419	-0.894926
-0.677199	0.65574	-0.333777
0.873484	-0.486466	0.0193887
-0.757237	0.609801	0.233954
0.252432	0.671063	0.697103
0.533498	-0.826192	-0.181071
0.777694	-0.627248	-0.041868
-0.857837	0.512108	0.0431394
-0.773857	0.631601	0.0471734
-0.764646	0.594388	0.249038
0.964255	-0.224796	0.140279
-0.930451	0.151557	-0.333605
0.762826	-0.285387	0.580216
0.0970922	-0.992052	-0.0800355
0.929368	-0.285691	0.233784
-0.994165	-0.0248566	0.104964
0.485502	-0.328965	0.809981
0.228423	-0.84391	0.485426
0.924759	-0.359291	0.125421
-0.828185	0.559435	-0.0337879
-0.165934	0.742424	0.649055
-0.232678	-0.906613	-0.352013
0.982405	-0.170139	0.0770272
-0.867179	0.390195	-0.309433
-0.165208	-0.983563	-0.0728675
0.252202	0.522673	-0.814375
0.938679	-0.289448	0.187355
-0.924404	0.340793	0.17128
-0.933359	-0.0900471	-0.347467
-0.349522	0.933742	0.0772084
0.946133	-0.291155	-0.14164
-0.95515	0.209625	0.209156
-0.766973	0.415246	-0.489206
0.242288	-0.956468	0.162684
0.661746	-0.610472	-0.43522
-0.876146	0.380817	0.295545
-0.00183987	-0.863694	0.504013
-0.191674	0.00454719	0.981448
0.663986	-0.679565	-0.311953
-0.794792	0.542586	0.271857
-0.964094	-0.259608	0.0559081
0.45668	0.306905	0.835017
0.902157	-0.427214	-0.0600124
-0.792045	0.592227	-0.148092
0.378467	-0.850343	-0.365622
0.103299	0.954156	0.280918
0.898735	-0.402039	0.175041
-0.799877	0.599962	0.015573
-0.0475154	0.641948	0.765275
0.0118637	-0.909288	0.415998
0.893426	-0.441717	-0.0817118
-0.798498	0.588434	0.12707
0.766319	0.541328	-0.346005
0.674648	-0.641079	0.365879
0.706115	-0.695595	-0.132471
-0.503853	0.858758	-0.0930919
0.711857	0.0520892	-0.700391
-0.681754	-0.332548	0.651631
0.722078	-0.684862	0.0978159
-0.846	0.460357	0.268991
-0.731394	-0.588648	-0.344319
-0.112077	-0.971468	0.209018
0.874604	-0.484795	0.00653302
-0.748756	0.654313	0.106017
0.455574	-0.288363	-0.842199
-0.195265	0.892706	-0.406138
0.910867	-0.408432	-0.0591962
-0.76622	0.622324	0.160061
0.177798	-0.980269	-0.0863786
-0.160663	0.901535	-0.401775
0.681098	-0.672931	0.288565
-0.904389	0.425745	0.0286538
0.266294	-0.41851	0.868295
0.867491	0.328961	-0.373153
0.974022	-0.109569	0.198179
-0.847642	0.447726	-0.284685
-0.282939	-0.222345	0.93301
0.203758	0.976656	0.0680162
0.886633	-0.452458	0.095733
-0.92182	0.38087	-0.0720186
-0.00267813	-0.477175	0.878804
0.885569	-0.269803	0.378119
0.868238	-0.454142	0.199796
-0.768488	0.610923	-0.190261
0.827377	0.423773	-0.368596
-0.880013	-0.292415	0.374261
0.77325	-0.597521	0.212258
-0.72255	0.546449	0.423455
-0.874878	0.042754	0.482452
-0.83562	0.0903141	-0.541833
0.940054	-0.339754	-0.0294096
-0.970209	0.0862987	0.226378
-0.385077	0.105158	-0.916874
-0.721425	0.688181	0.0771623
0.74542	-0.656073	-0.117976
-0.92268	0.370192	0.107791
