2048
-0.637396	0.53444	-0.555068
0.42118	-0.901792	-0.0968404
-0.371712	-0.152706	0.915702
0.796227	0.16195	-0.58292
-0.0330513	-0.352361	0.93528
0.255521	-0.79542	-0.54956
-0.968235	-0.204738	-0.143541
0.737379	-0.589362	-0.330039
-0.600973	-0.37307	0.70686
-0.328715	0.561287	-0.759542
-0.642546	-0.653292	-0.400429
0.747719	0.227879	-0.623689
-0.110472	0.645389	-0.755823
-0.318675	0.128129	-0.939164
-0.970081	-0.0367604	-0.239981
0.874414	-0.316147	-0.368038
-0.176019	0.551333	-0.815505
0.696232	0.692656	0.188383
-0.297963	-0.31433	0.90134
0.589999	-0.466955	-0.658676
-0.721616	0.691539	0.0323091
-0.508779	0.772225	-0.380542
0.988359	0.14277	-0.0525673
-0.0284365	-0.995671	-0.0884922
-0.740369	0.594544	0.313641
-0.307145	-0.492566	-0.814273
-0.743929	0.0767404	0.663838
0.901366	-0.336198	-0.272965
0.410289	0.0286798	-0.911505
-0.986405	-0.160891	-0.0334591
0.792525	0.555013	-0.252715
-0.366974	-0.112664	-0.923383
-0.0711392	-0.781655	-0.619641
-0.949979	-0.295931	-0.0998272
-0.801091	0.591216	0.0933646
0.54085	-0.0126162	0.841024
0.920182	0.269283	-0.28417
-0.609131	-0.32845	0.721858
0.518807	0.0900422	0.850136
-0.184653	-0.722274	-0.666501
0.0570936	0.469734	0.88096
0.158002	-0.279668	-0.947006
-0.739512	0.561315	0.371548
-0.122519	-0.914696	0.385123
-0.757799	0.406243	-0.510595
-0.0102697	-0.923901	-0.382494
0.532249	0.385305	-0.753824
0.757669	-0.408039	-0.509353
-0.651982	0.539019	0.533271
0.329531	0.651846	0.683013
-0.905778	-0.381725	0.183991
0.806044	0.575803	0.136905
0.639742	0.145387	-0.754714
-0.600591	0.64761	-0.468927
-0.670997	-0.412496	-0.616125
0.552094	-0.244327	-0.79718
-0.369385	-0.78424	0.498519
0.0167853	0.45352	-0.891088
-0.467614	-0.68956	0.553031
0.753937	-0.0788316	-0.6522
-0.565237	-0.766195	-0.3057
-0.963529	0.168166	-0.208164
-0.198616	-0.979892	0.0190451
0.768195	0.376165	0.518051
0.349684	-0.0114475	-0.936798
0.249528	0.818457	0.517556
0.230261	-0.956411	-0.179603
0.840789	0.421441	-0.339796
0.482841	0.773781	0.410032
-0.609554	-0.0191146	0.792514
-0.874404	-0.43712	-0.210579
-0.281011	0.919529	0.27477
-0.673156	-0.200048	-0.711928
-0.975867	-0.203078	-0.0802727
0.641586	-0.620683	-0.450688
-0.0259439	0.976199	-0.215319
0.757853	-0.336971	-0.558668
-0.0517777	-0.835507	0.547035
-0.194826	-0.513621	-0.835605
-0.228514	0.907598	0.352203
0.607171	0.746463	-0.27228
0.182883	0.853113	-0.488622
-0.207605	-0.695125	-0.688259
0.886848	0.323709	0.329718
0.76105	-0.438527	-0.478014
-0.0425719	-0.632009	0.773791
-0.717976	-0.557725	-0.416477
0.516336	0.70966	0.479353
-0.304288	0.498334	-0.811833
0.556265	-0.815974	0.157339
0.148842	-0.982355	-0.11325
0.476387	0.876889	0.0642015
0.720975	0.434403	0.539897
-0.641406	-0.748134	-0.169981
-0.352074	-0.544228	-0.761485
0.294975	0.248261	0.92269
0.428923	0.743128	-0.513601
-0.505614	-0.641555	0.576855
-0.981525	-0.128084	-0.142138
0.989691	-0.0175633	-0.14214
0.605557	0.485519	0.630533
-0.81856	0.239685	-0.522025
-0.289225	-0.698325	-0.654746
0.317243	0.267717	0.909771
0.223555	-0.969454	0.100903
0.786659	-0.48403	0.383252
-0.178571	-0.942706	-0.281812
-0.378902	0.411297	0.829016
-0.117731	0.0324556	0.992515
0.426549	-0.789007	-0.442182
-0.127211	-0.818253	0.560606
0.783804	0.0662536	-0.617464
0.456363	-0.308383	-0.834645
0.888383	0.322927	0.326333
-0.609533	-0.0156547	-0.792606
0.845274	-0.530491	-0.0639619
-0.00105243	-0.379272	-0.925284
-0.412923	-0.799063	0.437027
0.2079	-0.85242	0.479747
0.73111	-0.645508	0.220902
0.993601	0.065862	0.0917605
0.671293	-0.28712	0.683321
-0.34415	-0.913691	-0.216171
0.37981	0.539022	0.751797
-0.38827	0.0480221	-0.920293
-0.840543	0.115955	-0.52919
-0.460087	-0.737912	-0.493766
0.779958	0.62109	-0.076893
-0.140181	-0.986825	0.0807826
-0.098376	-0.983669	0.150723
-0.988545	0.150496	-0.0113884
0.937238	0.348676	-0.00310968
0.100762	-0.5491	0.829661
0.971194	0.123822	0.203596
-0.337416	-0.75436	-0.563109
0.479335	0.873781	-0.0821253
-0.114319	-0.931498	0.345315
0.375656	0.923351	0.07941
-0.869658	-0.400563	0.288522
0.297752	0.954292	0.0258947
-0.68172	-0.684394	0.258578
-0.730134	-0.410737	-0.546076
-0.905092	-0.376424	-0.197769
0.74307	-0.0640503	0.666141
0.85292	0.219629	0.473594
-0.494951	0.548557	-0.673877
-0.209308	-0.973876	-0.0880658
0.146376	0.93424	0.325223
0.471756	0.769864	0.429832
-0.18342	0.280111	-0.942282
-0.949914	-0.30744	0.0560773
0.76642	0.488226	0.417415
-0.201896	-0.823699	-0.529866
-0.83533	-0.0130364	0.549595
-0.0927755	-0.995283	-0.0283671
-0.267738	0.833055	-0.484082
-0.736887	-0.602039	0.307485
-0.961055	0.257796	0.0995687
-0.836906	-0.527604	0.14568
-0.219432	0.766355	0.603779
-0.676024	-0.435993	0.594055
-0.834362	-0.542173	0.0994368
-0.876074	-0.278295	0.393759
0.827671	0.420898	-0.371221
0.809663	-0.495608	-0.314353
0.916386	-0.398557	0.037262
-0.499074	-0.411512	-0.762616
0.147328	0.988765	-0.0252648
0.245541	0.539676	-0.80527
0.82536	0.541351	-0.160373
-0.497446	-0.798813	-0.338298
0.925088	-0.329375	0.189009
-0.344415	0.521729	0.780498
-0.45795	-0.739816	-0.492905
-0.461439	0.446066	0.766876
-0.366899	0.92152	-0.127222
-0.637697	0.687205	0.347981
0.355896	-0.685539	0.635117
-0.782681	-0.355701	-0.510771
0.834511	0.322441	0.446793
0.49037	0.584619	0.646342
0.308705	0.630169	-0.712453
-0.696273	-0.704665	0.136572
0.624058	0.759838	-0.182202
-0.0465022	0.649942	0.758559
-0.128608	-0.676275	0.725336
-0.653079	-0.451121	0.608258
0.351302	-0.934938	-0.0497882
-0.0947096	0.986237	0.135523
-0.566392	-0.63043	-0.530809
-0.532042	-0.168355	0.829812
0.00458279	-0.61636	-0.787451
-0.972164	0.10534	-0.209284
-0.037469	-0.595015	-0.802841
-0.713296	-0.152805	0.684002
0.585494	0.796856	-0.149054
-0.396652	-0.540568	-0.741926
-0.635972	-0.132931	0.760177
-0.996754	0.0357019	0.0721557
0.907563	-0.0463255	-0.417354
0.367992	-0.908946	0.195958
0.404463	-0.49457	0.769292
-0.726716	-0.433649	-0.532759
0.357965	0.654151	0.666294
-0.600011	-0.119782	-0.790974
-0.385583	-0.050394	-0.921296
-0.270425	0.955079	0.121222
0.927233	0.374278	-0.0124357
-0.249541	-0.061996	-0.966378
0.17747	0.639637	0.74791
-0.538504	0.84086	0.0544758
0.703396	0.401342	-0.58665
-0.544077	0.513187	0.663791
-0.7515	-0.359969	0.552875
-0.954244	-0.273043	0.121925
0.307574	0.283997	-0.908154
0.373468	-0.441072	-0.816074
-0.907804	-0.279515	0.312673
-0.627118	-0.773978	0.0876347
0.416168	-0.504839	-0.756268
0.313633	-0.878566	0.360216
0.582268	0.0634402	0.810518
-0.983367	0.078911	-0.16359
0.997664	0.0354238	-0.0584102
-0.97789	0.162089	0.132132
-0.283919	0.911622	-0.297211
-0.166956	0.786918	0.594041
0.760563	0.211957	-0.613692
-0.422283	-0.837716	-0.34628
-0.944536	-0.280094	0.171462
-0.960118	-0.0406989	0.276617
0.359512	0.524007	-0.772119
0.522312	0.791417	0.317567
-0.493339	-0.801399	0.338196
-0.928365	0.342577	0.144151
0.602384	0.596027	-0.530929
-0.95686	-0.188247	-0.22132
-0.887548	0.108774	0.447691
-0.544463	-0.689743	-0.4773
0.670361	0.642402	-0.371397
0.750682	-0.649369	0.121638
-0.947243	0.0633699	-0.314189
-0.954687	0.10431	-0.278735
0.929118	0.132253	-0.345324
-0.206119	0.912113	-0.354352
0.644397	-0.687124	-0.335579
-0.576742	0.543287	0.610088
0.539071	-0.0651821	-0.839734
0.399494	-0.863747	-0.307158
0.942288	0.16361	0.292103
-0.914296	0.259839	0.310718
0.72614	0.367481	-0.581101
-0.35468	0.155229	-0.922012
0.990994	0.120188	0.0590345
-0.639118	0.268741	0.720629
0.718921	-0.536931	-0.441427
-0.478975	0.138944	-0.866763
-0.36555	0.922732	0.122224
-0.942169	-0.192826	-0.274107
0.908937	-0.358834	-0.212302
0.705071	-0.706068	-0.0659074
0.690092	0.68674	-0.228389
-0.990702	0.012983	0.135425
0.975405	0.0586902	-0.212465
0.206651	-0.267149	-0.941237
-0.269185	-0.238924	0.932982
0.125984	-0.0200593	0.991829
0.783668	-0.570434	-0.245906
0.493897	-0.380259	0.781964
0.337023	0.132455	0.932133
-0.636928	-0.720575	-0.274036
0.938611	0.312486	0.146156
-0.86541	0.1662	-0.472697
-0.26004	-0.822439	-0.505937
-0.900757	0.378205	0.213538
0.940965	0.309525	-0.137041
-0.0263484	0.696396	-0.717174
0.155431	-0.936373	-0.314717
-0.854068	-0.50537	-0.123165
0.985373	0.141237	-0.0953481
0.0642405	0.320897	0.944933
0.921914	0.0993732	-0.374431
-0.947533	0.185486	0.26034
0.482576	-0.561359	0.672306
-0.399809	-0.824287	0.400879
-0.724044	0.216491	0.654899
-0.702987	-0.548187	0.4531
0.114988	-0.608794	0.784951
0.289102	0.946566	-0.142942
0.333132	-0.941994	0.0408687
-0.336203	-0.116486	-0.934558
0.386934	-0.66893	0.634677
-0.869232	-0.476999	-0.130028
0.889478	0.129901	0.438126
-0.958092	0.285575	0.0225049
0.97687	-0.0476213	-0.208462
-0.263319	0.389616	0.882532
-0.976256	0.215209	-0.0246815
-0.913045	0.152078	-0.378445
0.833266	-0.279276	0.47715
0.312685	-0.949814	-0.00902237
-0.910882	-0.409968	-0.0471243
-0.466581	0.687225	-0.556797
0.561229	-0.821577	0.100166
0.358448	0.0645383	0.931316
0.0557285	0.848919	-0.525577
-0.666468	0.265226	0.696761
0.661753	-0.298294	-0.687825
0.517523	-0.838775	-0.169191
-0.0106085	0.11805	-0.992951
-0.019141	-0.220916	0.975105
0.961457	-0.274295	-0.0190342
-0.0459974	-0.939024	-0.340762
-0.0827708	0.946589	0.311638
-0.985991	-0.122198	0.113527
0.650274	0.740828	0.168277
0.675492	-0.534757	-0.507687
-0.979793	0.104782	0.170374
-0.594137	0.0202465	-0.804109
-0.168268	-0.622976	0.763929
-0.0822583	0.246881	-0.965548
0.76657	-0.530014	0.362569
-0.98612	-0.144947	-0.080986
0.93079	0.352815	0.095659
-0.0301383	-0.265293	0.963697
-0.985235	-0.054131	0.162427
0.302391	-0.479334	-0.823892
0.731776	0.675784	0.08843
0.376166	0.239721	0.895005
-0.0617166	-0.704949	0.706568
-0.964807	0.262625	-0.0132379
0.9098	-0.375949	0.175859
-0.485526	0.53589	-0.690715
0.821676	0.559822	0.106992
0.340958	-0.644284	0.684577
0.98364	-0.138223	0.115532
0.792974	-0.591848	0.144597
-0.278847	0.410565	-0.868148
-0.285316	-0.815259	-0.503932
0.568925	0.822386	-0.00246189
-0.439805	-0.318388	0.839762
-0.820675	-0.115874	-0.559522
-0.197008	-0.364513	0.91012
-0.0981001	0.735473	0.670415
-0.595586	0.718494	0.359226
0.641138	0.485186	-0.594589
-0.238332	-0.777333	-0.582195
0.411915	0.597589	0.687905
0.24925	0.964077	-0.0918124
0.256203	0.00262672	0.966619
-0.803367	-0.267042	0.53225
0.655354	0.326181	-0.681262
0.960188	0.131436	0.246503
0.902762	0.330366	0.275462
-0.798558	-0.106674	0.592389
0.521359	-0.583316	-0.622838
0.28038	-0.640035	0.715362
0.425251	-0.884314	-0.192745
-0.750481	0.492801	-0.440371
0.932598	0.313481	-0.178858
0.411676	-0.153124	0.898374
0.921579	0.38713	0.0286868
0.542479	0.752499	-0.373447
0.46443	0.278877	0.840555
-0.631205	0.742811	-0.223187
-0.663472	0.185864	0.724748
-0.545599	0.418203	-0.726242
0.0661376	-0.674398	0.7354
0.285233	-0.919142	-0.2717
0.484525	-0.740212	0.466177
-0.583808	-0.658069	-0.475513
0.882214	0.0996508	0.460183
-0.786561	-0.582837	0.204015
-0.0102829	0.0399348	0.999149
-0.992595	0.0848611	0.0869156
0.974081	0.0290646	-0.224326
0.0992398	-0.993993	-0.0461429
-0.120969	0.00756256	0.992627
-0.749369	-0.322802	0.57814
0.952778	0.295389	0.0704236
-0.845721	0.53311	-0.0234477
0.210206	-0.823085	-0.527584
-0.580558	-0.807596	-0.103637
0.604455	-0.58917	0.536203
-0.162371	-0.863409	0.477661
0.117139	0.234499	-0.965033
0.797517	-0.459819	-0.390556
-0.14976	0.193572	0.969589
0.214708	0.847637	-0.485192
-0.034782	-0.0343156	-0.998806
0.263631	-0.643966	-0.718197
-0.18583	0.749092	0.635868
0.754637	-0.653396	0.0599737
-0.843809	0.223967	0.487673
0.0607328	-0.56298	-0.824236
-0.527314	0.839221	-0.132848
0.653608	0.695746	-0.297881
0.799566	-0.594894	-0.0824329
0.615708	-0.516163	0.595383
0.958512	0.155162	0.239121
-0.337039	0.661235	-0.670204
-0.60644	0.485286	0.629863
-0.806376	-0.440637	0.394457
0.881382	-0.128557	0.454575
-0.0316156	0.99178	0.123984
-0.907537	-0.0983989	0.408283
-0.41269	-0.331604	-0.848367
0.883273	0.230401	0.408343
-0.756801	0.199279	0.622527
0.0623703	0.541058	0.838669
-0.483512	-0.332209	-0.809848
-0.101008	0.860722	0.498954
0.0595131	-0.676747	0.733806
-0.372076	0.315231	-0.873034
-0.22163	-0.433318	-0.873565
0.125407	0.551965	0.824383
0.0299698	0.419979	-0.907039
0.386856	-0.638573	-0.665257
-0.879891	-0.19397	0.433782
0.655788	0.172077	0.735073
0.269842	-0.894598	-0.356201
-0.743735	-0.409121	0.528656
-0.523906	-0.540384	-0.658413
0.846509	0.0431513	0.530622
0.061697	0.527391	0.847379
-0.528971	-0.0160106	-0.848489
-0.584541	-0.701038	0.408481
0.287337	0.289791	-0.91294
0.783059	-0.35052	0.513765
0.485759	0.841297	-0.237186
-0.872191	-0.483186	-0.0762509
0.899977	0.259531	0.350263
0.695209	-0.671877	0.255472
0.654848	0.0181515	-0.755543
-0.293021	-0.924484	0.243862
0.316005	0.8174	-0.481661
-0.471479	0.512679	-0.717543
-0.475287	0.690786	0.544901
-0.471102	-0.685733	0.554828
0.539735	0.366773	-0.757736
-0.704777	-0.692391	0.154545
0.317924	-0.891917	-0.321571
-0.972874	0.227522	-0.0418295
0.969007	0.157902	-0.189978
0.314361	0.457924	-0.831555
0.280745	0.95541	0.0915088
-0.825249	0.42507	0.371859
0.609567	0.777982	-0.15222
-0.72279	-0.680033	0.123003
0.88535	0.41712	-0.205345
-0.776323	-0.621225	-0.106783
0.513816	0.677486	-0.526313
0.604743	-0.604207	0.518864
-0.828815	0.252459	-0.49933
0.116604	0.0123589	-0.993102
0.743053	0.580359	0.33325
0.291034	0.912905	-0.286188
-0.664243	-0.676001	-0.319067
0.694498	-0.719395	-0.0120097
0.263885	0.721651	0.639988
0.704403	-0.70899	0.0339146
-0.523041	-0.462049	-0.716197
-0.760988	-0.643579	-0.081872
-0.545196	0.675873	-0.49594
-0.849949	-0.468803	-0.240439
-0.655342	0.747471	0.108696
-0.835535	-0.366649	-0.409206
0.793881	-0.564901	0.225033
0.698948	0.655747	0.285426
-0.355991	-0.0280564	0.934068
0.188112	-0.425451	-0.885215
0.137322	0.563578	0.814569
-0.773217	0.0512507	0.632067
0.301119	0.853986	-0.424305
-0.0561406	-0.916034	-0.397152
0.424041	0.663346	0.616573
-0.59406	0.595101	-0.541245
-0.188323	0.601825	-0.776107
-0.111497	-0.992971	-0.039713
-0.434871	0.79446	-0.423934
-0.7478	-0.103755	0.655766
-0.603716	-0.342328	-0.719957
-0.588905	-0.197171	-0.783782
0.910327	-0.00614436	0.413845
-0.842406	-0.40576	-0.354556
-0.720533	0.631905	0.285534
-0.441572	-0.323643	-0.836821
0.854439	0.475099	0.210275
0.472025	-0.797725	0.37527
-0.121221	-0.751568	0.648422
0.321963	-0.60313	-0.729777
-0.589593	0.11794	0.799043
0.726943	-0.394864	0.561815
-0.837085	0.450665	0.310145
0.0283805	-0.547547	-0.836293
0.0384724	0.202527	0.978521
-0.690938	-0.079001	-0.718584
-0.794161	-0.329181	0.510831
-0.0488628	-0.755123	-0.65376
-0.284102	0.836836	0.467966
-0.908805	0.330563	0.254563
0.374868	0.475096	-0.796089
0.403499	-0.666444	-0.626931
-0.324402	0.772435	0.545993
-0.172431	-0.258673	-0.95045
0.446083	-0.415945	0.792464
-0.594769	-0.36322	-0.717162
-0.553415	0.544254	0.630491
-0.617495	0.773084	0.145055
-0.0221081	0.93183	0.362221
-0.941018	-0.0809351	-0.328533
0.16435	0.981748	0.0957115
-0.0194945	-0.240672	-0.970411
0.135062	-0.978042	0.158717
-0.877468	-0.287499	-0.383919
-0.575366	0.552984	0.602629
-0.169601	-0.929789	0.326692
0.376714	-0.517283	-0.768443
-0.903218	-0.1377	0.406492
0.874901	0.428158	-0.226339
0.177802	-0.457206	0.871406
0.662529	0.462957	0.588835
-0.870625	-0.43232	-0.234757
0.0808472	0.805979	-0.586396
-0.812595	-0.517536	0.268043
0.328367	-0.105709	-0.938616
-0.698631	-0.713724	0.0501307
0.657167	0.750372	-0.0712269
-0.534215	-0.582367	0.61275
-0.61893	0.0311155	-0.784829
-0.962838	-0.0355883	0.267726
0.0760666	0.987656	0.136929
-0.507516	0.110753	-0.854495
0.658271	-0.504188	-0.558994
-0.572882	0.750229	0.330095
0.76026	0.507067	0.406065
0.186248	0.913994	0.360452
-0.146275	0.111488	-0.982942
-0.733998	-0.679051	-0.0117255
0.858035	0.356131	0.370064
-0.0667931	-0.929232	0.363408
0.12141	-0.973119	-0.1957
0.1905	-0.0427779	-0.980755
0.797549	0.289859	0.529054
-0.345884	-0.308576	0.886084
0.395544	-0.882391	-0.254815
-0.507032	0.846474	0.162481
0.0938712	0.171224	0.98075
0.359767	-0.905877	0.223506
-0.144966	0.989031	0.0283428
-0.800747	-0.222477	0.556154
0.860187	0.443969	-0.250936
-0.515562	-0.775029	0.365412
0.798963	0.574107	-0.179051
-0.817038	-0.57645	-0.012373
0.320827	-0.298988	0.898708
-0.0650536	-0.767153	0.638157
-0.315721	0.820164	-0.477129
-0.198929	-0.850906	0.486195
0.849389	0.389931	0.355657
0.0243132	-0.427985	-0.903459
0.0170382	-0.491901	0.870484
-0.376648	-0.681074	0.627913
0.860407	0.391738	-0.325946
-0.400628	0.781811	0.477775
0.240368	-0.378545	0.893827
-0.975464	-0.201077	-0.0896556
0.694993	0.39418	0.601338
-0.541851	0.840074	0.0259347
-0.296142	-0.184604	0.937135
-0.333601	-0.889858	-0.31123
0.272471	0.414499	0.868303
0.567797	-0.745164	-0.349766
0.376498	-0.112997	-0.919501
-0.83161	-0.545618	0.103561
0.479115	-0.181087	-0.858869
0.174377	0.759462	0.626745
0.564235	-0.066494	0.822932
-0.76101	-0.0054443	-0.648717
0.71443	-0.171285	0.678418
0.459012	-0.444209	0.769406
-0.0186299	0.903971	-0.427188
-0.735632	-0.672951	0.0773417
0.936873	-0.0103555	0.349517
-0.0824354	0.966643	0.242501
0.566184	0.405747	0.717499
-0.551744	-0.206513	-0.808042
0.0447345	0.903009	-0.427286
0.346431	0.235394	-0.908061
-0.774541	0.291307	-0.561451
-0.704072	0.00423339	-0.710116
0.289569	0.302568	0.908076
-0.326621	-0.862106	0.387417
-0.169613	-0.962171	-0.213208
-0.882679	-0.449094	-0.13854
0.330985	0.941687	0.0606266
0.826298	-0.430824	-0.362798
0.400828	0.37676	-0.835098
-0.997662	-0.0553681	0.0400666
0.893324	0.396383	-0.211782
-0.727855	0.135697	0.672171
0.527794	0.537395	0.657754
0.25406	-0.0679889	-0.964796
-0.0511326	0.973152	-0.22441
-0.409096	-0.465882	0.784598
0.231401	0.936683	-0.262829
-0.83092	-0.26425	-0.489636
0.650478	0.643723	0.403113
-0.987241	0.0179673	0.158216
-0.319029	-0.0295671	-0.947284
-0.634613	-0.752187	-0.17743
0.461575	0.0898947	0.882535
-0.319314	0.91835	0.233819
0.814959	0.561091	-0.14498
-0.00901661	-0.896892	0.442158
0.606488	0.772075	-0.189928
0.95264	0.0331657	0.302286
0.776524	-0.170202	-0.606664
-0.849466	0.149121	-0.506133
-0.780111	0.615304	0.113256
-0.317044	-0.921974	-0.222368
0.914774	0.0683741	-0.398137
-0.867353	-0.416846	0.271918
0.671982	0.122632	0.730343
0.649492	-0.418557	-0.634799
-0.488511	-0.860714	0.143277
-0.489768	-0.4392	-0.753147
0.279945	0.674912	0.682733
-0.60702	0.0516277	-0.793008
0.258465	-0.752734	-0.605464
-0.944991	-0.0264764	-0.326022
0.934699	0.263632	0.238401
0.0364073	0.46121	-0.886544
0.791001	-0.196298	-0.579469
-0.852447	0.522814	-0.00056608
0.144513	-0.037445	-0.988794
0.864981	0.266413	-0.425243
0.898862	0.186078	-0.396765
-0.103175	-0.916159	0.387308
-0.600451	0.021018	0.799385
-0.266435	0.958214	-0.10411
-0.797034	-0.545108	0.259987
-0.163285	-0.342229	-0.92532
0.677266	0.0907813	0.730117
0.276746	-0.179652	0.944
0.432998	0.769476	-0.469489
-0.768745	-0.105325	0.630823
0.718035	0.0835795	-0.69097
0.965838	-0.209964	-0.151892
-0.316074	0.323793	0.891771
-0.766329	0.179074	-0.616986
0.69261	-0.575765	0.434496
-0.719778	-0.684487	-0.115747
0.239262	0.938742	-0.248026
-0.898974	-0.435877	0.0430967
0.123193	0.986603	-0.106944
-0.964097	0.0315726	-0.263668
-0.798448	0.362167	-0.480952
-0.864891	-0.501538	-0.0205776
-0.00584565	0.335857	0.941895
0.921724	-0.305722	0.238662
0.546747	0.705176	-0.451436
-0.912279	0.0512157	-0.406355
0.831956	0.504869	0.230123
-0.0382806	-0.806582	-0.589882
0.675689	0.505758	-0.536333
-0.711503	-0.69289	-0.116905
0.802496	0.511271	0.307573
0.167701	0.891579	-0.42067
0.729049	-0.605899	0.318393
-0.692176	-0.11576	-0.712385
0.936741	0.314139	-0.154379
0.0984993	0.346125	0.933004
-0.141028	-0.549791	-0.823311
-0.418565	-0.907877	-0.0237246
-0.540443	0.753222	0.374937
-0.55147	0.810225	-0.198535
0.255117	0.961497	-0.102174
-0.767587	-0.466699	-0.43932
0.923723	0.374909	0.0786119
-0.532539	0.428272	-0.730059
0.769234	0.600675	0.217872
-0.923666	0.370646	-0.097277
0.798545	0.365578	0.478204
-0.724053	0.56006	0.402591
-0.0200885	0.302701	-0.952874
-0.965395	0.0969118	0.242115
0.802529	-0.279228	-0.527238
-0.613602	-0.122552	-0.780047
0.723579	-0.529349	-0.442971
-0.733812	-0.563967	-0.378763
0.54734	0.825767	-0.136116
-0.514175	0.472806	-0.715597
-0.70622	-0.473333	0.526507
-0.889488	-0.360952	-0.280224
0.960514	-0.250683	0.120714
0.857621	0.442375	-0.26228
-0.955879	-0.293334	0.0157969
0.368929	-0.212515	-0.904836
0.391086	0.85954	0.329004
-0.970075	0.0784004	0.2298
0.526328	0.606802	-0.595627
-0.715914	0.150284	0.681822
0.0327218	0.92205	0.385685
-0.388243	-0.694701	0.605522
0.963419	-0.232095	-0.134003
-0.835415	-0.279528	0.47323
0.812658	0.365449	-0.45391
-0.821922	0.535686	0.193611
-0.988694	-0.0622046	0.136433
-0.640463	0.534298	0.551664
0.637029	-0.493867	-0.591853
-0.158856	-0.143401	-0.976832
0.165403	0.739015	0.653068
-0.706056	-0.707972	-0.0161331
0.472775	-0.508838	0.719422
0.177763	-0.727545	0.66263
0.198602	0.538794	-0.818693
-0.994505	-0.0716126	-0.0763592
-0.551606	0.822251	0.140122
0.769438	-0.523555	0.365862
0.126942	0.101688	-0.986684
-0.858046	-0.0345626	-0.512409
-0.84968	0.410853	0.33052
-0.515183	-0.624114	-0.587425
0.153203	0.942414	-0.297294
-0.650594	-0.59643	0.470105
0.381586	0.894728	-0.232066
0.502179	-0.0083995	0.864723
0.598337	-0.667103	0.443809
-0.746167	0.0957027	0.658844
0.22949	0.392913	-0.89048
0.522885	-0.00257533	-0.852399
0.221539	-0.255671	-0.941038
0.181833	0.331576	0.92574
-0.46885	-0.723134	-0.507204
-0.531928	-0.839247	0.112771
-0.138312	0.128062	-0.982074
-0.722421	0.335133	-0.604809
0.874731	0.383087	-0.296799
0.285077	-0.827857	0.483098
-0.556756	0.808903	-0.188939
-0.829642	-0.240718	0.503736
0.956479	-0.291796	-0.00159782
0.120212	0.345745	-0.930596
0.796218	0.411639	-0.443385
-0.225969	-0.901541	0.369001
0.434453	0.429025	0.791952
-0.374633	0.312751	0.872833
-0.301076	0.952038	-0.0545704
0.492301	-0.8695	-0.0401165
0.216904	0.842701	0.492755
0.476843	0.788507	0.38843
0.800073	0.372872	-0.469946
-0.69877	-0.400109	-0.592987
0.860271	0.0293894	0.508989
-0.978663	-0.082979	0.187971
0.180046	0.58543	-0.790478
-0.628863	0.326675	0.70556
0.989474	0.00182811	-0.144701
0.780223	0.540005	-0.315669
-0.32955	0.681959	0.652939
-0.00157721	-0.946915	0.32148
-0.547269	-0.579826	-0.603571
-0.000569986	-0.995901	0.090449
-0.60044	-0.544678	-0.585489
-0.28313	-0.944112	-0.168791
0.302427	0.846694	-0.437775
0.435016	-0.78666	-0.438096
-0.516839	-0.0164885	0.855924
-0.94799	-0.0989894	-0.302517
0.813356	-0.402473	-0.420079
0.552895	0.227399	-0.801621
-0.343476	-0.924837	0.163406
-0.21572	-0.6425	-0.735295
-0.667231	0.744721	0.0138997
0.640137	-0.313993	-0.701165
-0.779363	-0.111892	-0.616501
-0.256549	0.190691	0.947533
0.57602	0.816872	-0.0303618
-0.501931	-0.0830498	-0.860911
-0.0841297	0.989094	-0.120897
-0.712701	0.608828	0.348405
0.493413	0.602971	-0.626873
0.800207	-0.0797437	0.594398
0.566009	0.803022	0.186518
-0.913475	-0.390746	0.113495
0.251725	-0.615525	0.746836
0.772829	0.2	-0.602276
0.322562	0.401604	-0.857128
-0.947814	0.0853594	0.307184
0.556006	-0.418746	-0.71799
0.54394	0.00372038	-0.839116
0.902981	-0.0289669	0.428703
-0.948762	0.289065	-0.127643
0.543825	-0.186395	0.818237
-0.0243202	-0.0232545	-0.999434
0.246967	0.968671	0.0261673
-0.636013	-0.496013	0.59115
0.349668	0.800664	-0.486486
-0.710953	-0.418744	0.564978
0.140666	0.926721	-0.348427
-0.685733	-0.172606	-0.707091
0.758315	-0.407545	0.508788
0.632466	0.073284	-0.771113
0.543889	-0.0232051	-0.838836
-0.985856	0.146013	-0.0822727
0.888936	-0.00923169	-0.457939
0.197879	0.00974372	0.980178
-0.484933	-0.360875	-0.796623
-0.972007	-0.0338983	0.232495
0.360155	0.140631	-0.922232
0.729733	-0.429112	0.532309
0.227703	-0.500698	-0.835136
-0.146853	-0.989021	-0.0164636
0.0696345	0.417315	-0.90609
-0.695248	-0.703278	-0.148429
0.167109	-0.109775	-0.979808
-0.65595	-0.690548	-0.304751
0.681101	0.578033	-0.449421
-0.79083	0.304863	0.530704
-0.805097	0.447881	-0.388873
-0.0248237	-0.271924	-0.961999
0.991064	0.113445	-0.0701638
-0.657977	0.709789	-0.251529
0.99205	0.125825	0.00239695
0.217972	-0.801547	0.556785
0.81367	-0.394943	0.426569
0.0353661	-0.673596	-0.738253
0.387414	0.901591	-0.192468
-0.736793	-0.506272	-0.448133
0.861642	-0.0853624	0.500286
-0.900742	-0.269057	0.340987
-0.373102	0.76552	0.52419
-0.292653	-0.0419093	0.9553
0.561704	0.677448	-0.474923
0.613424	-0.249093	-0.749442
0.0475157	-0.639205	-0.767567
-0.849162	-0.495855	0.181799
0.603948	0.364118	-0.708988
-0.303469	-0.951942	-0.0413839
-0.0228867	-0.998396	-0.0517907
-0.770477	-0.315513	-0.553911
0.695005	0.687202	0.211476
-0.739782	0.653132	0.161683
0.91626	0.307241	-0.257043
-0.665928	-0.743734	0.0583099
0.58233	0.802274	-0.131331
0.998282	-0.00581128	-0.058309
0.266691	-0.52291	0.809593
-0.664434	-0.211912	0.716673
0.833889	-0.418068	0.360343
0.085109	-0.294368	-0.951895
-0.615427	-0.612101	-0.49657
-0.553505	-0.813261	0.179551
0.257186	-0.891002	-0.374126
-0.585689	-0.372939	-0.719643
-0.192161	-0.530512	0.825609
-0.882802	-0.413287	0.223281
0.824214	-0.193212	0.532298
-0.240786	0.893421	-0.379238
0.107923	0.666032	-0.738074
-0.912065	-0.318097	0.258749
0.95749	0.245588	-0.151325
0.0317435	-0.212889	0.976561
0.0438586	-0.860604	0.507383
-0.288339	-0.856748	-0.427603
0.826737	-0.42855	-0.364488
0.807629	-0.588347	-0.0397891
0.0402049	-0.837175	0.545455
-0.372693	-0.207543	-0.904448
0.711707	0.496425	0.497027
0.583157	-0.00889781	-0.812311
-0.427389	-0.0091323	0.904022
-0.594548	-0.779441	0.197445
0.814227	0.396709	0.423859
-0.561522	-0.440851	-0.700245
0.425132	-0.708135	-0.563745
-0.998361	-0.0517531	-0.0244269
0.81024	-0.455327	0.369037
0.147533	0.42613	0.892551
-0.264139	0.0515711	0.963105
0.344707	-0.636923	-0.68957
0.897836	0.424779	0.115987
-0.123983	0.198008	0.972328
-0.134002	-0.0675946	0.988673
-0.986822	0.161706	0.00581268
0.861601	0.0311593	-0.506628
-0.346286	0.533014	-0.771998
-0.399605	0.0058522	0.916669
-0.750566	-0.517464	0.410952
0.490119	0.695724	0.525121
-0.02077	-0.146406	0.989006
0.801497	0.531089	-0.274858
-0.809393	-0.291965	-0.509548
0.834681	-0.444021	-0.325812
0.713523	-0.622381	0.321755
-0.828265	-0.437574	-0.350009
0.539084	-0.658991	-0.524518
0.697439	0.371356	0.612923
0.31698	0.940716	0.120731
0.57853	-0.806695	0.12061
-0.686101	0.668403	0.287232
0.797148	-0.0223771	-0.603369
-0.466128	-0.335747	0.818535
0.808147	0.345401	-0.477072
-0.879324	-0.30402	-0.366553
0.00169586	0.172512	0.985006
-0.187661	-0.80929	-0.556627
0.134781	0.028568	0.990463
-0.972731	-0.0298164	0.23001
0.763991	-0.641362	0.0705247
0.570493	-0.821239	-0.0102477
-0.172004	-0.0727891	-0.982403
0.769218	-0.224608	0.598209
-0.787482	-0.286932	0.545474
0.157075	-0.46531	-0.871099
-0.469471	0.846944	0.249565
-0.37808	-0.847782	0.371916
0.462957	-0.310356	-0.830271
-0.0983424	0.229096	0.968423
-0.912439	-0.292963	0.285706
-0.99644	-0.00961391	-0.0837542
0.0562689	-0.466766	-0.882589
0.655016	0.17665	0.734676
-0.838567	0.540597	-0.0675338
-0.128934	-0.801332	-0.58416
0.692118	0.711151	-0.123438
0.927636	0.221972	0.300365
0.0711108	0.787232	0.612543
0.782325	0.386302	0.488609
0.850518	-0.374878	-0.368897
0.502857	-0.400424	-0.766026
-0.560781	0.784011	-0.26618
-0.66946	-0.245859	-0.700983
0.944809	0.327324	-0.0139709
0.54426	0.381829	-0.746985
0.949239	-0.0560545	0.30952
-0.754993	0.052717	0.653611
0.589791	-0.30668	-0.747057
-0.156983	0.11401	0.980998
0.617442	-0.473913	-0.627831
-0.731078	-0.151326	-0.665301
0.798073	0.371743	0.474222
-0.637641	0.560799	0.528127
0.23007	0.543286	-0.807408
-0.573725	-0.818048	-0.0404711
0.492406	0.382464	0.78183
0.689842	0.564407	-0.453391
0.014492	-0.447423	0.894205
-0.67969	-0.677183	0.28186
0.299091	-0.217549	0.929095
-0.252752	0.255611	0.933156
-0.303867	-0.316322	-0.898669
-0.962129	-0.258705	0.0859036
0.963565	-0.0300234	0.265784
0.569702	-0.778211	0.264251
-0.0815195	-0.29041	-0.953424
-0.975468	0.0687329	0.209138
0.615194	0.00170892	0.788374
0.876818	-0.47963	0.033833
-0.827776	-0.544542	0.135135
-0.192027	-0.155501	-0.968992
0.679066	0.33779	0.651742
-0.905915	0.157325	-0.393151
0.900073	-0.172406	-0.400181
-0.0992597	-0.989933	0.100901
-0.0678747	0.947272	-0.313159
-0.424199	-0.790403	-0.441948
-0.308671	0.530188	0.789698
-0.879114	-0.351274	0.322125
-0.788202	0.353694	-0.503625
0.319131	-0.525535	0.78865
0.950489	0.246785	0.188859
-0.850783	-0.376459	-0.36667
0.531685	0.842935	0.0822928
0.932505	0.106021	0.345246
-0.446281	-0.81766	0.363684
0.188702	-0.953501	0.235007
0.76772	-0.558859	0.313501
-0.616326	-0.155463	0.771993
-0.397338	0.20291	-0.894958
-0.680247	-0.621261	-0.388971
0.77919	0.532704	-0.330286
-0.457679	0.887445	0.0545097
-0.0801569	-0.175677	0.981179
-0.0112801	-0.266378	-0.963803
0.000953345	0.997596	-0.0692956
0.663704	0.6602	0.351615
-0.447267	-0.842946	0.298987
-0.868928	-0.0511799	0.492286
0.165913	0.0118143	0.98607
-0.631785	0.658762	0.408509
0.739131	-0.392089	0.547678
-0.747743	-0.546862	0.376594
0.905178	-0.410869	0.108807
-0.15638	0.174633	0.972136
0.360694	0.927879	0.0945539
0.232816	0.261332	-0.936751
0.969197	0.175956	-0.172325
0.646677	-0.283586	0.708087
0.557716	0.817984	-0.140904
-0.410615	-0.713019	-0.56833
-0.572907	0.818929	0.0336452
0.442984	0.88538	0.140953
-0.96113	0.188257	-0.201962
-0.908792	-0.314267	0.27447
0.739058	0.6676	0.0900249
0.21579	-0.813537	-0.539993
-0.312425	-0.227291	-0.92235
-0.608347	-0.435107	-0.663774
0.608916	0.344689	-0.71443
-0.168554	-0.388424	0.905934
0.942094	-0.334443	-0.0246206
-0.727797	0.67386	0.127373
0.810488	0.48514	-0.32825
-0.124724	0.720571	-0.682071
-0.418817	0.279755	0.863904
0.152921	-0.795134	-0.586836
0.62156	0.352795	0.699427
0.910784	0.264013	-0.317443
0.556975	-0.771552	-0.307385
-0.59728	-0.802024	-0.00388516
0.104483	0.226123	0.968479
0.927722	0.350566	0.128199
0.314868	0.771002	-0.553547
-0.939475	0.341987	-0.0207607
0.855843	0.516554	-0.0265658
-0.498416	0.416491	0.76034
-0.558886	-0.177483	0.810029
-0.817853	-0.219072	0.532093
0.905949	-0.423029	-0.0173968
0.555434	-0.335013	0.761091
0.997078	-0.0479468	-0.0594721
-0.700668	0.205488	0.683256
0.997333	0.0622178	0.0381631
0.610066	0.788947	0.0733594
-0.726696	0.676323	-0.120414
-0.523331	-0.17078	0.834841
0.973637	-0.228101	0.000451641
0.96037	0.258471	-0.104321
0.0844797	0.942695	0.322784
-0.977629	-0.207673	0.0333628
0.248021	0.760983	-0.599491
0.300011	0.573758	-0.762099
-0.543307	-0.500199	-0.674254
-0.616888	-0.746184	-0.250317
0.471698	0.659032	0.585813
-0.447745	-0.886886	0.113829
0.27824	0.523715	0.805174
-0.171628	-0.926764	-0.334144
-0.259963	-0.367349	0.893014
0.568984	0.59076	0.572066
0.640017	0.688532	-0.34103
-0.551587	-0.679614	-0.483609
0.947407	-0.0860313	-0.308251
0.416154	0.106828	0.902997
-0.226631	0.696828	0.680492
-0.882293	0.112342	-0.457098
0.859086	0.475414	0.189611
0.335933	0.934484	0.117851
-0.760269	-0.248697	0.600118
-0.40836	0.223297	-0.885088
0.770394	-0.314329	0.554698
-0.558867	0.0142226	-0.829135
-0.211627	0.750774	0.625742
-0.433879	-0.777939	-0.454489
0.164538	-0.390279	0.905875
-0.000903079	0.999643	0.0266844
-0.487575	0.853534	0.18371
-0.910692	-0.195986	0.363634
0.861379	0.332605	0.383927
-0.564082	0.293258	0.771888
0.0552673	-0.210084	0.97612
-0.827481	-0.301608	0.473612
0.520968	0.794208	-0.312772
0.16569	-0.611525	-0.773682
-0.97977	-0.165772	0.11212
-0.992039	-0.0704745	-0.104365
0.604077	-0.713375	0.355228
-0.089051	-0.166144	0.982072
-0.833332	-0.0692479	-0.548418
-0.96915	0.08197	-0.232443
0.983354	0.181542	-0.00751207
0.0214246	-0.185788	-0.982356
0.833146	-0.502941	0.23004
-0.680629	0.640905	0.354944
0.573441	-0.77199	-0.27422
0.0409658	0.782179	0.621706
-0.503538	0.784039	0.362949
-0.504046	-0.613258	0.608155
0.869082	0.42929	-0.245778
0.123104	-0.9851	-0.1201
-0.301985	-0.359339	0.882995
-0.74365	-0.197403	-0.638762
0.331185	0.829113	-0.450431
0.876379	0.410657	-0.251636
0.999113	0.0403864	0.0119302
-0.643368	-0.764632	-0.0376298
0.686729	0.413119	0.59811
-0.313881	-0.76097	-0.567806
-0.755808	-0.198516	-0.623976
-0.982866	-0.0275846	-0.182245
-0.371224	0.923959	0.0921502
0.325291	-0.145279	-0.934387
-0.138808	0.0471919	-0.989194
-0.706498	0.342706	-0.619204
0.659607	0.596336	0.457496
0.153533	-0.455367	0.876965
0.944745	0.280623	0.169434
-0.863697	-0.444054	-0.238417
0.817722	0.508886	0.269009
0.816721	0.0123245	0.576901
0.642413	0.577252	-0.50407
-0.458005	-0.886912	0.0601591
0.708477	0.603335	0.366123
-0.545198	0.152418	0.824335
-0.828192	0.0751307	0.555385
-0.672503	-0.686103	0.277493
-0.61281	0.622213	0.48715
-0.144591	-0.976049	0.162547
0.364598	-0.571093	-0.735473
-0.938342	0.3174	-0.137011
0.418073	0.63958	0.645099
0.209542	-0.608981	0.765006
-0.710842	-0.654028	0.258749
-0.969695	0.243646	0.0181191
0.680392	0.71093	-0.177892
0.38077	0.877336	-0.292055
0.26963	-0.834844	-0.479933
-0.61359	-0.785757	-0.0780644
0.922198	-0.363081	-0.133126
-0.963895	0.101084	-0.246352
0.848462	-0.43083	-0.307405
-0.66195	-0.664971	-0.345885
0.512586	0.842002	0.16819
0.368435	-0.568116	0.735867
0.733668	0.158998	-0.660644
-0.509029	-0.52868	-0.679255
0.574193	0.78719	0.225019
-0.376183	-0.120631	-0.918659
-0.00608386	0.869137	0.494535
-0.18427	-0.957683	-0.221103
0.834804	0.435947	0.336232
-0.304948	0.721001	-0.622225
0.450772	-0.443461	0.774691
-0.138862	0.26611	0.953888
0.794546	-0.604159	0.060734
-0.863435	-0.491176	0.115004
0.844937	-0.530041	-0.0716806
-0.446394	-0.517227	-0.730211
0.349317	0.614596	0.707283
-0.436962	-0.372196	0.818862
0.0484426	0.640359	-0.766547
-0.0769689	-0.544618	-0.835145
0.783575	0.617503	0.0685529
-0.0658414	-0.00817298	-0.997797
0.86264	-0.500108	0.0757868
-0.790958	0.477635	-0.382427
0.791735	0.335189	0.51069
0.0210656	-0.518082	0.855071
-0.62982	-0.00616211	-0.776716
-0.291805	0.95598	0.0308432
0.911519	-0.392331	0.123325
-0.195334	0.542148	-0.817264
-0.0487911	0.374835	0.925807
-0.82216	0.535207	0.193925
-0.626227	-0.66307	0.410095
-0.812952	0.398034	-0.425062
-0.0142762	-0.746753	-0.664948
-0.200152	-0.823321	0.531114
0.807449	-0.586203	0.0662769
0.677989	0.620349	0.394333
0.106164	0.973279	-0.203613
-0.844245	-0.535795	0.0131918
0.652136	0.2059	-0.729606
-0.351277	0.896356	-0.270464
-0.092781	0.984334	-0.149926
0.228525	-0.518127	0.824209
0.763064	-0.544439	0.348309
0.101927	-0.894236	-0.435836
0.503907	0.816438	0.281968
-0.523426	-0.762553	0.380181
-0.0283797	0.978931	-0.202208
-0.121007	-0.0932371	0.988263
-0.285914	-0.889965	0.355269
-0.801361	-0.194291	0.565748
0.34139	0.431228	-0.835162
-0.926973	-0.339726	0.159082
-0.38409	-0.423855	-0.820257
-0.835222	-0.530676	0.14418
0.630517	0.77183	-0.0820195
0.557402	-0.795445	-0.237847
0.882048	-0.458781	-0.107292
-0.689602	-0.615183	0.382098
0.855762	0.445331	0.263348
-0.564606	0.636951	-0.524895
0.0019671	-0.629401	-0.777078
-0.937212	-0.306536	0.166342
0.752551	0.571009	-0.328048
0.0707617	-0.814057	0.576458
0.108226	-0.698017	-0.707855
-0.8193	-0.523554	-0.23375
0.675655	-0.476038	0.562919
0.745143	-0.448391	0.493667
-0.622035	-0.764105	0.17093
-0.904539	-0.407094	0.126821
0.829579	0.558367	0.00505233
0.674612	-0.488401	0.553501
0.516386	-0.406041	0.753973
0.345131	-0.904515	-0.250473
0.328876	0.918537	-0.219387
0.903544	-0.074865	-0.421905
0.238177	-0.907921	-0.344894
-0.881574	-0.448798	0.146314
0.965989	-0.0404888	0.255396
-0.610151	0.614022	-0.500693
0.485481	-0.0382676	-0.873409
0.0432638	0.90998	0.412389
0.940517	-0.339624	0.00906237
-0.911681	0.309438	0.270343
0.850712	-0.418944	-0.317452
-0.984317	0.150826	-0.0914985
0.711977	-0.0355347	-0.701303
0.4828	-0.850989	-0.206693
0.0863647	-0.516531	-0.851902
-0.626324	-0.767222	0.138159
0.509433	0.842014	0.177453
0.231254	0.965024	-0.123488
0.848344	0.486799	0.208181
-0.369625	-0.172038	0.913116
0.76571	0.609997	0.20394
0.413612	0.400072	0.817843
-0.236105	-0.21599	-0.947419
-0.174472	-0.956864	0.232317
0.0733385	0.890487	-0.449059
-0.335688	0.537932	-0.773267
-0.725503	-0.670675	-0.154406
-0.902144	-0.169697	-0.396659
0.438815	0.868934	-0.228899
-0.00153713	-0.981951	0.189127
-0.908706	0.19573	0.368706
-0.334149	0.6577	0.675111
0.69567	0.709314	-0.113649
-0.89676	0.338803	-0.284666
-0.918307	0.248422	-0.308219
-0.209362	0.792076	-0.573396
0.178526	0.983855	-0.0125657
0.921993	-0.078484	0.379169
-0.509753	0.798454	0.320348
-0.740355	-0.37496	0.557925
0.634242	0.258519	-0.728632
0.188503	-0.290092	-0.93825
0.979509	-0.199121	0.0302032
0.391548	0.112886	0.913207
0.536522	0.391877	0.74738
0.0439295	-0.446943	0.893483
0.867101	-0.44052	0.232546
0.676234	-0.716074	-0.173047
0.725876	0.562647	0.395642
-0.44098	0.196015	0.875851
0.516726	-0.601215	0.609536
-0.805379	-0.578212	0.13052
0.906485	0.3817	0.18053
-0.934474	0.278642	0.221623
-0.571507	-0.204133	-0.794801
-0.871492	0.389422	-0.298081
-0.890004	0.376908	-0.256578
-0.624139	-0.234305	-0.745353
0.82001	0.467561	0.330106
-0.795843	-0.0716954	-0.601243
0.397442	0.720872	0.567788
-0.884163	0.467161	0.00399922
0.837847	0.530127	-0.130294
-0.934167	-0.267962	-0.235644
0.817769	0.458994	0.347243
0.186858	0.914443	0.358997
0.957222	-0.0289382	0.287904
-0.559439	0.16247	0.812792
0.99894	-0.00440862	-0.0458099
0.0530052	-0.807785	0.587089
-0.301503	-0.440554	-0.845582
-0.708587	0.581148	0.400213
0.882044	0.251893	-0.39818
0.8047	0.545898	0.23335
-0.461515	-0.3483	-0.815899
-0.774544	0.520502	-0.359387
0.972784	0.019016	0.230934
0.619528	-0.0345387	-0.784215
-0.402785	-0.815404	0.415789
-0.366084	-0.334717	-0.868301
0.677336	0.600644	0.424785
-0.718056	0.581299	-0.382737
0.116729	0.96284	-0.243545
-0.646386	0.518372	0.559889
0.312599	-0.508272	0.80246
0.448824	-0.863825	-0.22883
-0.966332	-0.0529994	0.251782
-0.952095	0.302298	0.0461591
0.840402	0.541006	-0.032207
0.665502	0.139151	0.73331
-0.627287	0.77838	0.0252137
-0.400387	-0.213635	-0.891095
0.408288	-0.416761	0.812164
0.394531	-0.788533	-0.471763
0.507573	0.209699	0.835701
0.0807237	-0.965297	-0.248364
-0.181506	0.834332	0.520524
0.44272	0.488315	0.752029
0.00670799	-0.952244	0.305265
0.745507	0.0217457	-0.666143
0.187966	0.2424	-0.951794
0.505749	-0.155048	-0.848633
-0.923222	-0.375918	0.0796721
-0.798809	-0.566853	-0.201448
0.764218	-0.351757	0.540591
-0.00305141	-0.216127	0.97636
0.346802	-0.737347	-0.579696
-0.0727303	-0.0747455	-0.994547
0.344167	0.874655	0.341362
-0.496098	0.0600726	-0.866186
-0.799904	-0.582363	0.14494
-0.307789	0.463003	0.8312
0.457436	0.427663	0.779652
-0.488141	0.55482	0.673716
0.00598843	0.926603	-0.375994
0.280839	0.651585	0.704675
0.720431	-0.648849	-0.244897
0.449972	-0.878912	0.158237
-0.737745	0.630142	-0.242184
-0.610778	-0.746097	-0.265123
0.981315	-0.128641	0.143082
-0.442106	0.890352	0.108701
-0.186228	0.646232	-0.74007
-0.945763	-0.322971	0.0349742
0.935149	0.353491	0.0232397
0.916099	0.229896	0.328497
-0.667897	-0.265014	-0.695472
-0.640015	0.657313	0.397895
0.543248	-0.344374	-0.765694
-0.55143	0.83217	-0.0584721
0.993505	0.0632757	0.094575
-0.608355	0.124684	0.78381
0.877038	-0.257286	-0.405718
-0.43857	-0.890755	-0.11921
0.740897	0.357327	-0.568672
-0.924349	-0.259632	0.279589
-0.0835423	0.128388	-0.988199
-0.991944	0.00716164	0.126478
0.188765	-0.949847	0.249316
-0.924291	0.324958	0.200221
-0.783247	-0.319922	0.53308
-0.292633	-0.805898	-0.514679
-0.337295	-0.296235	-0.893575
0.585836	-0.668421	0.458267
-0.0519576	0.866456	-0.496542
-0.170477	-0.98385	0.0545615
0.0540853	0.860912	-0.50587
-0.925513	-0.341077	-0.164594
0.944591	0.327734	0.0184136
0.603344	0.698347	-0.385081
0.800001	-0.487247	-0.350128
-0.958059	0.129144	-0.255823
0.973189	0.160358	-0.164888
0.189663	-0.830653	-0.523492
0.570894	0.324046	-0.75437
-0.753887	0.0499839	-0.6551
0.498451	-0.124755	0.857895
-0.129081	-0.703394	0.698982
-0.803887	-0.0752064	0.590008
-0.959675	0.156912	0.233242
0.839967	-0.489695	-0.233783
0.249722	-0.948823	-0.193323
0.642739	-0.764128	0.0547248
-0.90364	-0.0505307	-0.425301
0.556023	0.768361	0.316952
0.980338	-0.127083	0.150955
-0.754995	0.615581	-0.225927
-0.917639	-0.387995	-0.0860185
0.868945	0.0168604	0.494622
-0.933833	-0.332958	-0.130746
0.36572	-0.807307	-0.463147
-0.839512	-0.509526	-0.188689
0.635217	0.524006	0.567378
-0.84102	0.218972	0.494708
0.113825	-0.739918	0.662998
-0.971358	-0.0275307	0.236021
-0.135757	0.764547	0.63011
-0.758331	-0.38832	-0.523586
-0.531667	-0.626084	-0.570394
-0.45992	-0.191425	0.867081
0.985622	0.121038	-0.117892
0.116122	0.261154	0.958287
-0.673645	0.379997	-0.633881
-0.311911	-0.726771	0.611977
0.137794	0.985169	0.102249
0.67266	0.701137	-0.236507
-0.614953	0.773886	0.151437
-0.68534	-0.430438	0.587394
0.772077	0.297512	0.561591
-0.928577	0.17509	0.327243
0.94616	0.252665	0.20234
-0.26462	-0.149612	-0.952677
-0.725008	0.688469	-0.0193351
0.396209	0.698756	-0.595616
0.667265	-0.740593	0.0792493
-0.416812	0.448868	-0.790434
0.882947	0.410584	-0.227651
-0.317148	-0.946961	-0.0517784
-0.265503	-0.461727	-0.846355
-0.535372	-0.752958	0.382664
0.855549	0.351471	0.380136
0.231376	-0.615668	0.753271
-0.0419049	-0.998792	0.0256469
-0.552182	-0.81643	0.168932
-0.0020132	0.609343	0.792904
0.31922	-0.931937	-0.172024
-0.205631	0.460418	-0.863557
0.813373	-0.577518	0.0699828
0.519211	0.585901	0.622206
0.960538	-0.150923	0.233645
-0.276011	0.352031	0.894367
-0.881046	0.282679	-0.379276
0.729848	0.68297	0.0295477
-0.243782	0.00731447	0.969803
0.823588	-0.470001	-0.317492
-0.82256	-0.338967	-0.456614
0.392343	0.9012	-0.184134
0.786121	0.394468	-0.475824
-0.597139	0.0722634	-0.798876
-0.839947	-0.420929	-0.342502
0.744019	0.14788	-0.651589
0.851987	-0.313818	0.419089
-0.57342	0.658475	0.487442
-0.645284	-0.574102	-0.504
0.620374	0.779424	0.0873737
-0.38096	0.408272	-0.829568
-0.55061	-0.820255	0.154952
-0.581141	-0.192577	0.790689
0.691206	-0.160184	-0.704681
-0.867944	0.47561	0.143067
-0.371719	0.728934	-0.574875
-0.034848	-0.731095	-0.681385
-0.723004	-0.034432	0.689985
-0.982554	-0.0777534	0.168941
0.574155	0.780689	0.246721
-0.773609	-0.35104	0.527541
0.539799	0.230642	0.809581
0.0209604	-0.59517	-0.803326
-0.306137	-0.950143	-0.0592356
-0.522393	-0.134122	-0.842091
0.552783	0.54263	0.632442
0.68875	-0.702409	-0.179569
-0.474228	-0.721499	-0.504527
-0.103875	-0.220253	-0.969896
-0.118021	0.678979	0.724609
-0.990899	-0.124187	0.0519284
0.233605	0.957959	0.166563
-0.696721	-0.000844971	-0.717342
0.924557	-0.208729	-0.31879
-0.761499	-0.59265	-0.262462
-0.887314	-0.136352	-0.440547
-0.630467	0.311769	-0.710852
0.685139	0.229129	0.691436
-0.601834	-0.150597	-0.784293
0.29233	0.680569	-0.67184
-0.354401	-0.887018	0.295972
0.226934	0.954281	0.194549
0.00116359	0.964692	-0.263378
-0.206059	-0.754195	-0.623482
0.849601	-0.490592	-0.193642
0.126942	0.936505	-0.32687
-0.455165	-0.590216	-0.666686
0.570995	0.520234	0.635076
-0.527301	-0.825548	0.201056
0.521345	0.762945	0.38225
0.616683	0.692063	0.375168
-0.632312	0.577514	-0.516391
-0.591428	-0.800648	0.0957881
0.526847	0.811579	-0.252531
0.873568	0.412855	-0.257741
0.453047	0.777409	0.43633
-0.315857	-0.887655	-0.335115
0.444294	-0.362702	0.819177
-0.719014	0.0457502	-0.693488
0.111048	0.304553	-0.946
-0.284504	-0.958669	-0.00341095
-0.417958	-0.534553	-0.734551
0.638603	-0.74621	-0.188034
0.16144	0.726208	-0.66825
-0.968154	0.0158121	-0.249855
0.311835	0.892416	0.326117
0.0490482	0.649671	-0.758632
-0.0109765	-0.631292	0.775468
-0.918737	-0.392429	0.0438354
0.142921	0.689782	0.70977
0.530782	-0.831707	-0.162893
0.25476	0.96563	0.0515406
-0.196735	-0.959766	0.200363
0.831414	0.357552	0.425331
-0.566008	0.795898	0.214899
0.736874	-0.665425	-0.119275
-0.860448	-0.49774	-0.109014
0.661172	-0.0952026	0.74417
-0.589316	-0.626992	-0.509498
0.182724	-0.903687	0.387249
0.0932944	-0.49717	-0.862623
0.0252743	0.72939	0.683631
-0.375431	0.441033	0.815194
-0.278619	0.761575	-0.585128
-0.717009	-0.405814	-0.566757
0.430409	0.786446	0.443001
0.17484	-0.981706	-0.075389
-0.305657	0.911404	0.275528
-0.967871	0.111688	-0.225279
0.0602179	-0.976317	-0.207797
-0.924531	0.334025	-0.183491
-0.0571638	0.362263	-0.930321
-0.483912	0.643724	-0.592831
0.79141	0.450358	0.413338
-0.440456	0.0855054	0.893693
0.512873	-0.711611	0.480178
-0.531028	-0.830095	-0.17015
0.271947	0.13663	0.952563
-0.570795	0.820375	-0.0343263
-0.276767	0.734518	0.619583
-0.980153	-0.189957	0.0567095
0.452023	-0.397013	0.798784
0.491116	0.615804	0.61611
-0.203968	0.132432	-0.969979
-0.659228	0.393284	-0.640895
0.161136	0.912324	-0.376432
0.990339	-0.0301103	0.135361
-0.57528	-0.27179	-0.771481
-0.517299	-0.0948212	0.850536
0.523363	0.728391	-0.442197
-0.0879222	0.933204	-0.348426
0.235146	-0.405423	0.883368
-0.84302	0.325201	-0.428441
0.719159	-0.693499	-0.0432388
0.0161992	-0.508413	0.860961
0.0613434	-0.474789	0.877959
-0.539901	-0.669055	-0.510757
0.341811	0.353217	-0.870864
-0.33644	0.733546	-0.590524
0.563436	0.797736	0.214844
-0.817016	-0.496404	0.293374
0.856792	0.394754	-0.33178
-0.34616	-0.937754	0.0281312
0.0468594	-0.08851	0.994972
-0.700933	-0.676368	-0.226317
-0.212665	0.704007	-0.677604
-0.963246	-0.241924	0.116746
-0.410681	-0.579692	-0.703775
-0.720958	0.605557	-0.336928
0.900325	0.434934	0.0157462
-0.677988	0.0328314	0.734339
-0.624423	0.3691	-0.688376
-0.905202	-0.423009	0.0409039
0.959197	-0.0960952	0.265907
-0.805194	0.27401	-0.52591
-0.836646	0.539269	0.0959762
-0.613987	-0.311447	-0.725273
0.211162	0.911281	0.35352
0.92683	-0.142134	0.34754
-0.292508	-0.7256	0.622851
-0.81806	0.208953	0.535832
0.870406	-0.473966	0.133225
-0.729469	0.360189	-0.581497
0.663448	-0.135558	0.73584
-0.807214	-0.569756	-0.15422
0.511764	0.71774	0.472172
0.491553	-0.869294	-0.0519942
-0.722447	0.0460414	0.689892
-0.358072	-0.933684	-0.00437451
0.982314	-0.124341	0.139994
0.416137	-0.876062	-0.243609
-0.649441	0.730816	0.210082
-0.593402	-0.21608	-0.77536
0.103787	0.912922	-0.394716
-0.425472	-0.85911	-0.284436
0.586909	0.791316	-0.171336
-0.740869	-0.545609	0.391694
0.981814	-0.180444	-0.0590025
0.350294	-0.754797	0.554595
-0.513019	0.858137	0.020284
-0.410054	-0.396412	0.82141
-0.324343	0.0716306	0.943224
-0.197583	0.952838	0.230351
0.241137	0.317223	0.917182
-0.908647	-0.0245751	0.416841
0.753366	-0.0249753	0.657127
0.431278	0.874652	0.221322
0.815069	-0.56578	-0.124723
-0.542783	-0.199307	-0.815882
0.942251	0.332744	0.0380162
0.952992	-0.143146	0.267049
0.816969	-0.0531213	0.57423
-0.933294	-0.195437	-0.301275
0.350065	-0.425736	0.834388
-0.968813	-0.23676	0.0731176
0.288032	-0.811635	-0.508218
0.0955366	-0.505241	0.857674
-0.169436	0.792275	-0.586167
-0.167366	0.534723	0.828288
-0.0172325	-0.817556	0.575591
-0.0702237	-0.825344	-0.560247
0.155912	0.984033	-0.0858525
-0.632262	-0.689922	-0.352495
0.626568	-0.10397	0.772401
-0.207888	-0.64116	0.738713
-0.384558	0.779832	0.49394
-0.392048	0.854994	0.339533
0.77716	0.309772	0.547781
-0.303856	-0.408095	0.860889
0.936513	-0.0771317	-0.342045
0.522108	-0.794302	-0.310623
0.966181	0.0731142	-0.247281
-0.878946	-0.468841	0.0874233
0.441055	0.876069	-0.194867
-0.194646	0.637393	-0.745549
0.863	0.226772	0.451449
-0.293373	-0.901354	0.31858
0.656423	0.638371	-0.401984
0.235592	-0.859051	0.454453
-0.658674	-0.666026	0.350082
0.222768	-0.838619	0.497084
0.421176	0.769476	-0.480122
-0.90074	-0.28299	0.32952
-0.78916	-0.587584	0.178807
-0.713693	0.550493	0.433127
0.969792	-0.0776442	0.231246
0.0988907	0.26203	-0.95998
0.958014	0.109904	0.264821
-0.68739	-0.714806	0.128637
0.983183	0.180904	-0.0249882
0.980371	-0.15861	-0.117113
0.064511	0.973335	0.220131
-0.509002	-0.641134	-0.574337
0.0471675	0.992908	0.109132
-0.381312	-0.015617	0.924314
0.788881	-0.611767	0.058376
-0.311843	0.782765	-0.538547
0.764432	-0.057891	0.6421
-0.319331	0.0552891	-0.946029
-0.224052	-0.879567	0.419718
-0.64903	-0.112206	-0.752443
0.737508	0.182623	0.650178
-0.897922	-0.0842895	0.432009
-0.269428	0.000955122	-0.96302
-0.631564	-0.392052	0.668896
-0.046709	0.965267	0.257056
-0.724081	-0.239194	0.64691
-0.979791	-0.0180903	0.199205
-0.0349187	-0.695885	-0.717304
0.262052	0.932954	0.24683
-0.134528	-0.376094	0.916764
-0.331339	0.170616	0.927957
-0.613416	-0.476381	-0.629907
0.528722	0.744116	0.408343
0.606021	0.34703	-0.715758
0.721339	-0.636118	-0.273903
-0.0532038	0.31502	-0.947593
-0.142738	-0.82373	0.548722
0.75278	0.617064	-0.229245
0.209683	0.603965	0.768934
-0.96758	0.052128	0.247129
0.793062	0.594045	-0.134772
-0.155205	-0.987819	0.0111353
-0.516459	0.418615	-0.747015
-0.478651	-0.819048	-0.316314
0.285041	0.94565	-0.156519
-0.326622	0.391516	-0.860251
0.433458	-0.331751	-0.837888
-0.710491	-0.458179	-0.534111
-0.0854125	0.804381	0.587942
-0.454135	0.218785	-0.863652
-0.0548005	-0.696804	0.715165
-0.763233	0.379194	-0.523152
0.275604	0.778435	-0.563988
-0.879677	-0.465435	-0.0976631
-0.111907	0.582911	0.804793
-0.667594	-0.677586	0.308538
0.952846	0.0631093	-0.296821
-0.315824	-0.921047	0.227877
-0.40677	0.841977	-0.354421
-0.939876	-0.324352	-0.106903
-0.0976822	0.955065	-0.279839
-0.617219	0.409403	-0.671886
-0.571865	0.712854	-0.405967
-0.58764	-0.808771	-0.0238589
0.92363	0.300663	0.237716
0.675599	0.503139	-0.538904
-0.729469	0.496958	-0.470008
0.364326	-0.438916	-0.821352
0.472907	0.728935	0.494987
0.96805	-0.217308	0.125127
0.695268	0.129539	0.706981
-0.605566	0.107625	0.788484
0.600372	-0.572464	-0.558425
0.993856	0.0782037	0.0783255
0.55958	0.387048	0.732847
-0.932605	0.239327	-0.270129
0.94088	-0.17797	-0.28822
-0.367828	-0.92128	0.126276
0.284185	0.950751	-0.123741
-0.841322	-0.37705	-0.387311
0.470449	0.867726	0.160404
0.134295	-0.900233	0.414181
0.685951	-0.315162	-0.655854
-0.205162	-0.972974	0.105972
0.140842	0.359708	0.922374
-0.0446735	-0.231906	0.971712
0.117757	-0.482696	0.867835
-0.882246	0.457323	0.111791
0.429341	0.838273	-0.336101
-0.386959	0.542186	0.745853
-0.558841	0.473525	-0.680787
0.260954	0.559904	-0.786391
0.508312	0.831478	0.224195
0.766006	-0.153564	-0.624222
-0.902489	0.429859	-0.0271086
-0.863943	0.331822	0.37881
0.954613	0.197288	-0.223142
0.580093	0.594611	-0.556713
0.909048	-0.22819	0.348657
0.298602	-0.878811	0.372194
-0.298533	-0.212913	0.930347
-0.457775	-0.0122015	-0.888984
-0.710785	0.683596	0.165774
-0.818673	0.372302	0.437224
0.679328	0.370961	-0.633168
-0.221771	-0.882264	0.415244
0.893665	-0.342368	-0.29008
-0.286046	0.53912	0.792166
0.950135	-0.307783	0.0501291
-0.810517	-0.498449	0.307588
0.495326	0.800795	0.336718
0.508048	-0.688178	-0.517974
0.565412	0.756726	-0.328137
0.325892	-0.856827	0.399552
-0.532837	-0.664321	0.524178
0.38661	-0.919568	-0.0701924
-0.120883	0.944467	-0.305564
-0.556688	0.820114	-0.132331
0.93955	0.317709	0.127695
-0.6736	-0.659958	-0.332743
0.475149	0.703522	-0.52848
0.804024	0.315294	0.504117
-0.31941	0.0984854	0.942485
-0.716359	-0.258272	0.64817
0.856249	0.272574	0.438796
0.448489	0.659784	-0.602945
0.164392	-0.827331	-0.537121
-0.681989	0.684998	-0.256258
0.439642	0.697647	-0.565689
0.627268	-0.689185	-0.362711
-0.18386	-0.737836	-0.649457
-0.373789	0.781179	0.500041
0.562726	0.130512	0.816276
0.760335	0.309829	-0.570874
-0.478816	0.0207227	0.87767
-0.968283	-0.247774	0.032189
0.744214	0.597647	-0.298268
0.972512	0.207856	-0.104955
-0.276804	-0.618688	0.735258
-0.51184	0.659422	-0.55062
0.91296	0.396946	-0.0945435
0.251467	-0.24572	0.936155
0.39554	0.801911	0.447757
-0.685522	-0.664495	-0.297499
-0.170113	0.945327	0.278242
0.323619	0.68608	0.651587
-0.923435	0.219868	0.314524
-0.882583	-0.332287	-0.332616
0.85165	0.499315	0.159299
-0.888557	0.441452	-0.12485
-0.128535	-0.6977	-0.704765
-0.632307	-0.774708	-0.00384325
0.8423	-0.338086	-0.419796
0.69686	-0.690615	-0.193485
0.692104	-0.639675	0.334377
-0.6705	-0.308223	0.674854
0.841701	0.530583	-0.100107
-0.818946	0.572717	-0.0363724
-0.0965793	0.991339	-0.0889921
-0.757441	0.572744	-0.313445
0.937678	-0.325122	0.122703
-0.420234	-0.835732	-0.35349
0.890893	-0.381449	-0.246588
-0.714081	-0.169044	-0.679348
0.909782	0.198466	0.364565
0.28942	0.273697	-0.917238
-0.773738	-0.562643	-0.291142
-0.334869	0.478348	-0.811817
0.996975	-0.0703335	0.0330716
0.247234	-0.394296	0.885102
0.0522048	-0.540359	-0.839814
-0.840939	-0.483429	-0.243144
0.443521	-0.303877	0.843177
-0.923348	-0.0922861	-0.372709
-0.768887	0.602116	-0.215104
-0.555385	-0.785951	-0.271714
0.119093	0.944022	-0.307636
0.219719	-0.111112	0.969215
-0.854866	-0.491594	-0.165953
-0.700256	-0.206444	0.68339
0.967234	0.179473	0.179575
-0.290591	-0.947698	-0.132008
0.998542	-0.0438642	0.0314592
-0.331937	0.883122	-0.331531
0.903706	0.377785	0.201477
0.926823	-0.251686	0.278665
0.977165	-0.0306075	0.210266
-0.924503	0.224154	-0.3083
0.89417	-0.447669	-0.00730848
0.87303	-0.126893	-0.470868
-0.923151	0.250339	0.291758
0.0880098	0.572171	0.815399
0.366056	0.445251	-0.817163
0.250817	0.132191	-0.958966
-0.784835	0.012774	-0.619573
-0.838477	0.391452	-0.379106
0.466541	0.882301	0.0623229
0.956072	0.105392	-0.273532
0.127332	-0.945722	-0.298991
-0.290068	-0.692838	0.660179
0.917536	0.277705	-0.28462
0.487192	0.829906	-0.271845
0.136814	-0.989512	0.0463471
-0.190871	-0.926056	0.325557
0.767598	0.637337	-0.0677807
0.153377	0.0644247	0.986065
-0.904893	0.190306	0.380726
0.332412	-0.907781	0.255807
0.640281	-0.406399	0.651828
0.855236	-0.0295875	-0.517393
-0.245829	0.665702	-0.704563
-0.981839	0.184278	-0.0451036
0.918046	-0.29849	0.26095
-0.267862	0.906657	-0.32592
-0.292473	-0.927155	0.234186
-0.996578	-0.0780349	-0.0272427
0.640599	-0.471715	-0.605903
0.180476	-0.778708	0.600868
0.796683	-0.60304	-0.0404841
-0.797997	0.499929	-0.336558
0.770267	-0.0856703	0.631941
-0.418945	0.367228	0.830438
-0.830152	-0.44144	-0.340555
-0.863322	-0.467195	0.1908
0.855103	-0.501914	0.129926
-0.320122	0.345525	-0.882119
-0.21911	0.821345	-0.526672
-0.713372	-0.0578473	-0.698394
0.80622	0.542213	-0.236673
0.103532	0.949834	-0.295123
0.392666	0.88351	-0.255388
-0.911414	0.339048	0.233174
-0.187336	-0.2663	-0.94551
0.248448	-0.52117	-0.81649
0.794587	0.587269	-0.154101
-0.913387	0.114111	-0.390773
0.983684	0.0227737	-0.178458
0.240466	0.621946	0.745224
-0.861266	-0.19996	-0.467158
-0.829821	-0.555547	-0.0525801
0.686423	0.72693	-0.019897
-0.631713	0.428494	-0.646012
0.0498741	-0.985552	-0.161862
-0.251404	-0.538118	-0.804503
0.43106	0.826095	0.362979
-0.608284	-0.120143	-0.784574
-0.742861	-0.168568	0.647875
-0.885094	-0.222236	-0.408925
0.986622	-0.0947437	0.132671
-0.0773064	0.047865	-0.995858
0.688161	-0.399728	0.605518
-0.996113	-0.0456927	0.0753116
0.888221	0.1081	0.446517
0.32356	-0.74041	0.589153
0.487995	-0.605302	-0.628864
-0.959133	-0.223991	-0.172894
0.952481	0.0167671	0.304135
0.442317	-0.855037	0.270678
0.208712	0.963897	-0.165355
-0.140382	-0.943703	0.29953
0.876664	-0.472439	0.0908967
-0.306788	0.332996	0.891625
0.5509	0.704626	-0.447226
-0.965155	0.179804	-0.190121
0.518365	0.126112	0.845809
0.113632	-0.985655	-0.124785
-0.545903	-0.832969	0.0902895
-0.0296456	-0.985569	-0.166657
0.766734	0.128507	-0.628972
-0.0881387	0.843404	-0.530001
0.332424	0.764832	0.551839
0.801832	-0.503043	-0.322512
0.486771	0.838344	-0.245425
0.410172	0.888509	-0.205698
-0.556247	0.32138	-0.766358
-0.164065	-0.980236	0.110545
0.036892	0.55235	-0.832795
-0.16403	-0.67953	-0.715075
-0.250701	-0.400725	0.881231
-0.914775	-0.0415833	0.401817
0.171978	0.984956	-0.01686
-0.575944	-0.527546	0.624487
0.491977	0.723331	-0.484511
0.645889	0.0159435	-0.763265
0.204856	0.978784	-0.00389906
0.930253	-0.242673	0.275209
-0.316246	-0.249125	-0.915382
-0.657811	0.751743	0.0465505
0.702646	-0.675151	0.224635
-0.700685	-0.708451	0.0844844
0.998371	0.00193419	-0.0570172
-0.941611	-0.323815	-0.0922646
0.939111	0.322325	-0.11907
-0.0998107	-0.768966	-0.63145
0.423514	-0.905839	0.00961051
-0.921252	-0.386978	0.0392834
0.760036	0.620922	0.191835
-0.490539	-0.715041	0.498085
0.361462	-0.844548	0.395074
-0.699073	-0.445754	0.559107
0.298934	0.40829	-0.862518
0.138477	0.968984	0.20468
0.955947	-0.25926	-0.137657
-0.97606	0.0847913	0.200293
0.9921	0.086835	0.0905372
0.263563	-0.493766	-0.828692
-0.530597	0.15235	-0.83382
-0.760773	-0.154341	-0.630399
0.842232	-0.347804	-0.41192
-0.695771	0.686802	0.210253
0.626998	-0.112125	0.770909
-0.982245	-0.0419901	-0.182845
0.146037	0.814658	0.561253
0.834899	-0.539068	0.111127
-0.0518131	-0.983409	-0.173846
-0.513133	-0.832619	0.208422
0.541623	0.211627	0.813547
0.738478	-0.567057	0.364824
-0.902906	-0.38164	0.197765
-0.008374	-0.683988	-0.729445
0.203517	0.976047	0.0769006
0.614276	-0.754694	-0.230437
0.828223	0.263735	-0.49446
-0.313247	-0.946185	0.0812991
0.163021	0.699957	-0.695331
0.0618721	0.721223	0.689934
0.477455	-0.706967	-0.52176
-0.412335	-0.904979	-0.104852
0.351512	0.91543	0.196028
-0.60457	0.337742	0.721405
-0.0880798	-0.427094	0.899907
-0.761934	0.230718	0.605166
0.944869	0.282244	0.166016
-0.0287375	-0.064384	0.997511
-0.62641	0.761197	-0.167897
0.0960841	-0.349166	-0.932122
0.0295538	0.952859	0.30197
0.0487381	-0.170549	-0.984143
0.292836	0.946288	0.137061
-0.827433	-0.560998	0.0252307
0.919657	-0.385758	0.0736372
-0.266239	0.82583	0.497113
-0.152236	0.689196	0.708402
-0.206813	-0.975798	-0.071036
0.0785175	-0.837665	-0.540511
0.101005	-0.736692	-0.668643
-0.930202	-0.299238	0.212559
-0.201017	-0.888488	-0.412531
0.943835	0.322907	-0.0700546
-0.438503	-0.673502	0.595072
-0.79085	-0.530799	0.304644
-0.659729	-0.73883	0.137435
0.973396	0.222782	0.053553
0.148082	0.618358	0.771819
0.557093	-0.39217	0.732017
-0.973302	0.0917469	-0.210396
0.634502	-0.675189	-0.376201
0.584818	-0.542295	-0.603245
-0.837872	-0.301477	0.455063
-0.707038	-0.418503	-0.570046
0.683578	0.728997	0.0358391
0.728905	-0.684395	0.0173491
0.104158	-0.632408	-0.767601
-0.426691	-0.804738	0.412713
-0.380703	0.899792	-0.213166
0.890426	0.443077	-0.104041
0.284992	0.880973	-0.377712
0.213422	0.248529	-0.94482
0.87815	0.468538	0.0965597
-0.337325	0.464091	0.819043
-0.477324	-0.589382	-0.65176
-0.939006	-0.316449	-0.134637
0.368052	0.25092	0.895308
-0.252286	0.895526	-0.366586
-0.232052	-0.240109	0.942602
0.325783	-0.848666	0.416692
0.888472	0.423149	-0.177657
0.517396	-0.298473	0.802007
0.265677	0.960954	-0.0773469
-0.819713	-0.501149	0.277347
0.979749	-0.198272	0.0279373
0.0609856	0.119385	0.990973
-0.380993	0.0577687	-0.922772
-0.617222	-0.735897	0.278376
0.127776	0.441505	0.888114
0.115985	0.496483	-0.860263
0.679709	-0.254823	-0.687794
-0.274177	0.95153	-0.139347
0.692839	-0.0448148	0.719698
0.745541	0.450838	-0.490829
0.600813	-0.388522	-0.698623
-0.604695	-0.643989	-0.468639
0.574855	0.738065	0.353272
-0.330824	0.514194	-0.791303
0.861505	0.150831	0.48483
0.0439323	-0.980206	0.193043
0.503579	0.850925	-0.14945
-0.734073	0.164378	0.658875
0.738978	-0.666371	0.0993016
-0.0225169	-0.819408	-0.572768
0.239471	0.876272	0.418091
-0.349455	0.57682	0.738349
-0.317147	-0.686001	-0.654844
-0.914536	-0.368253	0.167372
0.909365	0.0652234	0.410855
0.956435	-0.0143892	-0.291592
0.177199	-0.981911	-0.0667174
-0.74994	-0.647365	0.136044
0.992071	-0.0482266	-0.116058
0.631929	-0.0894085	-0.769852
-0.574893	0.547807	-0.607787
0.196049	-0.711452	0.674834
0.84356	0.380766	-0.378715
-0.564065	-0.188583	0.803908
-0.99965	-0.0171767	-0.0201434
-0.987123	-0.151003	0.0527929
0.738171	0.601603	0.305251
0.889736	-0.455725	0.0261509
-0.208278	-0.897097	0.389663
-0.646149	-0.310261	-0.697302
0.879756	-0.402542	-0.252961
