2048
0.217192	0.702385	0.677852
-0.0789357	0.239335	0.967723
0.783433	-0.352386	0.511915
-0.391948	0.428865	-0.813911
-0.248939	0.757532	0.603469
0.601271	0.350505	-0.718067
0.795904	0.573937	0.192698
-0.386932	0.570188	-0.724686
0.141371	0.98864	0.0510407
-0.786498	0.209849	0.580848
0.928252	-0.0920905	0.360371
-0.0841994	0.992278	-0.0910814
-0.99266	0.0702708	0.0984299
-0.403885	0.740234	0.537522
-0.256862	-0.689219	0.677495
0.550085	-0.35077	-0.75787
-0.414105	-0.329476	0.848506
-0.694057	0.484149	0.532808
0.931636	0.0615467	-0.358144
-0.702135	0.711868	0.0158302
0.165113	-0.754505	0.635185
0.597886	-0.130855	0.790828
0.820444	0.45681	-0.343796
0.712381	-0.673705	-0.196555
0.834348	0.328741	-0.442485
-0.207432	-0.51647	-0.830801
0.899084	0.195494	-0.3917
-0.373726	-0.87138	0.317846
0.120091	-0.428979	-0.895296
0.449391	0.856407	-0.254196
0.0990778	0.982414	-0.158261
0.647274	-0.669231	0.364919
0.613773	0.784906	-0.0848804
-0.237252	-0.96986	0.0555272
0.596535	-0.645272	-0.477253
-0.589616	0.806082	-0.0508405
0.423764	-0.3616	0.830463
0.641027	0.623123	0.448108
0.909224	-0.179835	-0.375462
-0.833478	0.494533	-0.24648
-0.182289	0.543104	0.81964
0.868381	0.461445	0.181611
0.549013	-0.804847	-0.225403
-0.275424	0.33595	0.90071
0.354884	0.934453	-0.0292557
0.132485	0.0717392	0.988585
0.945958	0.022067	-0.323537
-0.774005	-0.519437	0.36208
-0.229013	0.105914	0.967644
-0.708635	0.462293	0.53303
0.644366	-0.688101	-0.333631
0.0593314	0.950776	-0.304146
-0.851425	-0.523032	-0.0389007
-0.420355	-0.734094	0.5333
0.716963	-0.345012	-0.605748
-0.766568	0.273768	0.580882
-0.0353029	0.552721	0.832618
-0.66484	0.519548	-0.53671
0.503725	-0.798797	-0.328915
-0.468849	0.103217	-0.877227
-0.761062	-0.490273	0.424755
-0.47144	0.82766	0.304506
0.5448	-0.09719	-0.832915
-0.97836	-0.202843	0.0408335
-0.816364	-0.180367	0.548651
-0.0216023	0.708078	0.705803
0.839708	-0.239164	-0.487536
-0.115856	0.979772	0.163167
-0.704535	0.322935	-0.631937
0.699609	-0.253438	0.668069
-0.647994	-0.760845	0.0349194
-0.0579712	0.34483	-0.936873
0.891846	-0.449528	-0.0503473
-0.157289	-0.976728	-0.145814
0.667207	-0.222344	0.710914
-0.645032	0.698806	-0.309198
-0.658086	-0.716768	0.230578
0.177473	-0.961467	-0.209964
0.863014	0.480327	0.156503
-0.295943	0.457932	-0.838282
0.99952	-0.0110462	-0.0289433
-0.846665	-0.447942	-0.28724
0.924011	0.201788	-0.324786
-0.684137	-0.458557	-0.567171
0.343266	0.167945	-0.924101
0.658739	-0.568774	0.492504
-0.466951	-0.785494	0.406147
-0.385769	-0.330769	0.861263
-0.261151	0.300708	0.917265
0.918219	0.054656	0.392283
0.991288	0.0613537	-0.116553
0.153134	0.735833	0.65962
0.576051	-0.764187	-0.290144
-0.390956	-0.204213	0.897469
-0.382547	0.0318551	-0.923387
-0.404351	-0.246061	-0.880883
0.388262	0.871274	-0.300225
0.354655	0.689842	0.631141
0.722643	-0.117146	0.681222
-0.903602	0.418946	-0.0893745
-0.112673	-0.861336	-0.495384
-0.937986	-0.34336	-0.0478147
-0.212555	0.969384	-0.122946
-0.469522	-0.703553	-0.533444
0.164992	0.235608	-0.95774
0.651934	-0.411758	-0.63674
0.391809	0.351396	0.850298
0.807649	-0.110547	-0.579208
0.738119	0.670516	-0.0747621
-0.928048	-0.0505343	-0.369016
0.114401	-0.140993	0.983379
-0.962987	-0.11139	-0.245455
-0.487757	-0.391339	-0.78035
0.723404	-0.67279	0.155048
0.844744	-0.345681	0.408548
-0.34052	-0.90976	0.237452
0.564111	-0.0705592	-0.822678
0.186163	0.657827	0.729799
0.861693	0.500984	-0.0806202
-0.798385	-0.59917	0.0598036
0.239958	0.191324	0.951743
0.325191	-0.93738	-0.124778
0.7266	0.647588	0.229526
0.0898394	0.0926161	-0.991641
0.126657	-0.989064	-0.0755622
-0.897024	0.440044	-0.0413319
-0.130518	0.23151	0.964037
-0.077051	0.362455	-0.928811
0.829506	-0.546451	0.115372
0.385844	-0.600008	-0.700796
0.437761	-0.898837	0.0213767
-0.548004	0.554845	0.62597
-0.481711	0.871701	0.0899575
-0.0775139	-0.647908	0.757764
0.0918369	-0.995759	-0.0054847
-0.597311	0.340977	0.725916
-0.484504	0.113097	0.867447
-0.771811	0.547632	-0.323122
0.433421	-0.0792491	-0.8977
-0.14247	0.639314	-0.755632
0.261589	0.953055	0.152506
0.379322	0.919548	0.102697
-0.30079	-0.00853433	0.953652
-0.315348	-0.228121	0.921149
-0.0832773	0.996249	-0.0234999
-0.75701	-0.0659203	-0.650069
0.0746863	-0.636687	0.767497
-0.485207	-0.646324	-0.58893
-0.73242	-0.0198305	0.680565
-0.824599	0.560414	-0.077289
-0.59639	-0.0278832	0.802211
0.721288	0.634801	0.277075
-0.221248	0.627095	-0.74686
-0.715131	-0.189119	0.67292
0.574276	-0.0949585	0.813136
-0.0088923	0.91998	0.391863
0.384129	0.902307	-0.195669
0.0975666	0.802223	-0.588998
0.336175	-0.691736	-0.63913
-0.722181	0.603051	-0.338798
-0.312253	0.376727	0.872109
0.830036	-0.0632364	-0.554113
-0.195711	-0.971021	-0.137171
-0.418323	0.906276	-0.0605821
0.120812	0.441702	-0.88899
0.475868	0.763098	-0.4373
0.383191	0.711779	-0.588673
0.0562903	0.808404	-0.585931
0.199644	0.279706	-0.939099
0.245825	0.00318621	-0.969309
0.523856	0.559449	0.642333
-0.465492	-0.647309	-0.60358
0.352081	0.930623	-0.0999012
-0.320626	-0.81637	-0.480352
0.45698	0.699424	-0.549523
-0.321228	-0.604077	-0.729318
-0.829664	0.545773	-0.117428
-0.706434	-0.342778	0.619236
0.492252	-0.780046	0.386285
-0.751702	0.527544	0.395778
-0.494993	0.791918	0.357558
0.0381347	0.947142	0.318539
0.0275216	-0.382823	-0.923412
-0.900439	0.382759	0.20665
0.325058	-0.941097	-0.0931348
0.370901	-0.337719	0.865089
0.410827	-0.266831	0.871792
0.408718	0.835374	-0.367559
-0.13707	0.0840288	0.986991
0.227589	-0.654594	-0.720909
0.391133	-0.202697	-0.897735
-0.486194	-0.577175	0.656113
-0.954375	-0.296761	0.0331928
-0.154096	-0.604314	-0.781702
0.66165	-0.698719	-0.27205
-0.931707	0.288889	-0.220148
-0.643141	-0.520733	0.561433
0.760801	0.497197	-0.417106
0.720516	-0.549514	0.422954
-0.170374	0.597889	-0.783263
0.323595	-0.334206	-0.885208
-0.309485	0.819326	0.482622
0.558362	-0.354556	0.750014
-0.95202	0.138578	-0.272862
-0.242784	0.334422	-0.910614
0.950522	-0.281506	-0.131389
0.482005	-0.661912	-0.574059
0.561874	-0.826729	-0.0285609
-0.144665	0.382637	0.912503
0.553431	0.619111	0.557149
0.248039	0.300347	0.921015
-0.507983	-0.110744	-0.854218
0.955104	-0.206989	0.211973
0.814859	0.577235	0.0529473
0.39375	0.465631	0.792559
-0.716155	-0.0202906	-0.697647
0.983641	0.178572	-0.0237033
-0.299865	0.73093	-0.613043
0.743448	0.47497	0.470838
-0.606567	-0.647644	0.461122
0.440175	-0.616687	0.652643
0.918653	0.335566	-0.208501
-0.495809	0.868331	0.0132169
-0.932819	-0.0534746	0.356356
-0.127779	-0.927104	-0.352351
-0.970159	-0.197894	0.140105
0.784479	0.281155	0.552761
-0.734683	0.151377	0.661306
0.9236	0.383116	0.013584
-0.0981959	0.857999	0.504178
0.558959	0.289685	-0.776947
0.848523	0.43356	0.303372
0.946354	0.167654	0.276236
0.404325	0.75305	0.519074
-0.464165	0.599638	0.651909
-0.999679	0.00710878	0.0243367
-0.126213	-0.69119	0.711566
0.121678	-0.640263	-0.758458
0.500787	0.608091	0.615985
0.821628	0.519696	0.234186
0.14254	-0.981951	-0.124316
-0.0502381	0.716057	0.696232
0.215531	0.881126	-0.420907
-0.653524	-0.402664	-0.640912
0.278147	-0.83365	0.47714
-0.814303	-0.258023	0.519938
0.430528	0.655807	0.620132
-0.963737	0.157273	0.215584
0.260672	-0.940128	-0.219566
-0.970955	0.234219	0.048864
0.783483	0.621051	0.0212115
-0.00772896	0.285206	0.958435
-0.339568	-0.164754	0.92604
-0.127961	-0.892444	-0.432631
0.541775	-0.803983	-0.245134
0.842274	-0.12148	0.525182
-0.715271	0.244278	0.654764
0.978308	0.19549	-0.0685385
0.682246	-0.309221	0.662512
-0.725996	0.376627	-0.575397
-0.669639	0.147421	-0.727908
-0.678035	-0.0925216	0.729183
0.478182	0.84459	0.240853
-0.567874	-0.221317	-0.792804
0.578024	-0.117439	-0.807525
0.591485	-0.0311601	-0.805714
0.916115	0.0426507	0.39864
-0.972889	0.0419241	0.227441
-0.451152	0.20304	-0.869044
0.86373	-0.50236	-0.0400697
0.962196	-0.181274	0.203269
-0.979412	-0.0331487	0.19913
-0.120591	-0.936233	0.330038
0.897918	0.33812	-0.281813
0.33309	-0.926199	-0.176657
-0.921265	0.378368	-0.0900424
-0.885298	0.159143	0.436944
-0.785946	-0.422781	0.451159
-0.0848898	-0.884812	-0.45815
0.11706	0.813421	-0.569775
0.0230164	-0.330902	0.943384
-0.657988	-0.325808	-0.678896
0.492705	0.6165	0.614142
-0.730668	0.651229	-0.204999
-0.608456	-0.545948	-0.575953
-0.956695	0.275181	0.0949198
0.383307	-0.75626	-0.530232
-0.379552	0.499914	-0.778477
-0.988127	-0.0592444	0.141758
0.361061	0.774076	0.52004
0.94126	-0.334624	0.045353
-0.551645	-0.314182	-0.772643
0.847776	-0.496107	0.187494
0.779969	-0.168852	-0.602609
0.840475	-0.491936	0.227159
-0.840421	0.243548	-0.484125
0.343764	-0.537298	-0.770154
0.577615	0.50616	0.640439
-0.780499	-0.565188	-0.267178
-0.158965	-0.226396	0.960976
0.601027	0.647913	0.467948
0.189735	-0.974845	-0.116954
0.228265	0.457579	0.85937
0.488021	0.840906	-0.233907
-0.812767	0.0329636	0.581656
0.867599	0.36061	0.342392
0.660793	0.436506	-0.610586
-0.759295	0.543492	-0.357892
-0.179325	0.513868	0.838917
0.475979	0.834022	0.279019
0.993533	0.0258845	0.110558
-0.520645	-0.109169	-0.846765
-0.99751	-0.0288842	-0.0643331
-0.0147021	0.248152	0.968609
0.186076	-0.888897	-0.418615
-0.718154	0.65345	-0.239287
0.671602	0.688721	0.273157
0.303808	0.436973	-0.846614
0.947844	-0.303782	0.0964851
-0.805209	0.270061	0.527925
-0.293498	-0.571502	0.766319
-0.715346	0.00857009	-0.698718
0.24779	-0.725473	-0.642098
-0.407127	0.570259	-0.713479
-0.164678	0.896263	0.411818
0.142221	0.977744	0.154239
-0.191494	-0.529404	-0.826475
-0.678109	0.32922	0.657102
0.157811	0.975176	-0.155332
-0.711183	0.260092	-0.653124
0.549804	-0.825318	0.128707
-0.593378	0.711385	0.376608
0.73123	-0.681353	-0.0325811
-0.256293	0.946813	-0.194574
0.546239	-0.0800701	-0.833794
-0.394667	-0.556136	0.731403
0.14664	0.148748	-0.977942
-0.415397	-0.670475	0.614743
0.503826	-0.723812	0.47144
0.00894103	0.998659	0.0509924
-0.471199	0.877773	0.0865199
-0.268237	0.0829876	0.959772
-0.530506	-0.591287	-0.607407
0.272648	0.940623	-0.202218
0.876879	-0.249998	-0.410591
0.498656	0.127638	0.857351
0.185535	-0.346768	-0.919418
-0.85248	0.353283	-0.385318
-0.0743987	0.583877	0.808426
-0.0650296	-0.618072	-0.783427
0.753493	0.635617	-0.168047
-0.377381	0.395121	-0.837534
0.03639	-0.956002	0.291096
-0.81563	-0.354903	0.456937
0.935042	0.255952	0.245326
0.690985	0.41615	0.591066
-0.847804	-0.525662	-0.0700546
0.875353	-0.402589	0.267731
0.395216	0.181197	-0.90054
-0.648644	0.619982	-0.441456
0.322054	0.363951	-0.873968
-0.506702	0.00177661	0.862119
0.952928	-0.299998	0.0439255
-0.550566	0.138681	0.823192
0.235805	-0.727094	-0.644772
0.448123	0.492425	0.746126
0.974059	-0.140268	0.177575
-0.682502	-0.311907	-0.660988
-0.0850117	0.446288	0.890842
0.764674	0.614481	-0.194132
0.794645	0.562716	0.227796
-0.614451	0.779561	-0.121388
-0.426232	-0.411717	-0.805491
0.362127	0.903433	-0.229505
0.90737	0.0388857	-0.41853
-0.232598	0.787849	-0.570257
0.267572	-0.326145	-0.906661
0.515712	0.648972	0.559353
0.926762	0.316955	0.201622
-0.784577	0.0287555	-0.619365
-0.283311	-0.341913	-0.896008
-0.838949	0.162022	-0.519531
0.0261609	0.980243	-0.196057
-0.265228	0.286229	0.920721
0.688129	0.718239	-0.103017
-0.473675	0.282324	0.834221
0.960369	-0.261831	0.0955795
-0.627773	0.634467	0.450947
-0.67341	0.293101	0.678683
-0.0169102	0.955909	-0.293175
0.747808	-0.550338	0.371364
0.245844	0.48252	0.840675
-0.337805	-0.849887	0.40445
0.0141793	0.680334	0.732765
0.795376	0.320161	-0.514659
-0.531649	0.114824	0.839145
-0.634496	-0.604772	0.481315
-0.834873	-0.206862	-0.510093
-0.677091	0.73538	-0.027639
-0.394279	0.879573	-0.266263
-0.581582	-0.473289	-0.661635
0.171238	-0.691518	0.70177
0.914087	0.351125	-0.202869
0.125344	0.612531	-0.780445
0.723391	-0.593706	-0.352447
-0.82829	-0.515951	0.218473
0.787081	0.485179	-0.380927
-0.208629	0.400534	0.892214
-0.548816	0.815733	-0.182705
0.284028	-0.594817	-0.752011
0.678638	-0.618384	0.396298
-0.79123	-0.585531	0.176379
-0.0123369	-0.354255	0.935067
-0.24247	0.334976	0.910494
0.124442	-0.761545	-0.636052
-0.354948	0.934417	-0.0296224
0.0132527	0.150286	-0.988554
0.682613	0.563498	-0.465306
0.241286	-0.876217	-0.417164
-0.75972	-0.063205	0.647171
-0.97918	0.00297374	0.202971
0.47373	-0.630452	-0.614907
0.53103	-0.140153	-0.835682
0.619129	-0.210949	0.756426
0.819716	-0.40646	0.403555
-0.152445	-0.0872984	-0.984449
0.811203	-0.0298453	-0.584003
-0.67868	0.669499	-0.301936
0.428165	-0.0335296	0.903078
-0.0592721	-0.380852	0.922734
0.64762	0.509723	-0.566366
-0.252315	0.60236	0.757298
0.362795	-0.676746	0.64062
0.574022	0.474347	-0.667453
0.20299	-0.883984	-0.42115
-0.458812	-0.46777	0.755436
0.803379	0.522906	0.28487
-0.196849	-0.142729	0.969989
0.928216	-0.371346	0.0227514
-0.576989	0.808631	-0.114889
0.114433	-0.119689	-0.986194
0.294241	-0.77835	0.554611
-0.806969	-0.102392	-0.58165
-0.599025	0.323475	0.732484
0.432371	-0.880249	-0.195493
0.491321	-0.463489	-0.737415
-0.369383	0.306572	0.877251
0.290566	0.602239	0.743559
0.193019	-0.576267	-0.794141
0.31321	-0.0222414	0.949423
-0.489313	-0.442177	0.751699
-0.794019	0.268078	-0.54559
-0.169905	0.233107	-0.957493
-0.821207	-0.201688	-0.533798
-0.00907515	-0.833921	-0.551809
-0.334352	-0.0588674	0.940608
-0.122011	-0.631505	0.765712
-0.309382	-0.768471	0.560121
-0.66208	-0.52689	0.532951
-0.29559	-0.941891	0.159588
0.70186	-0.708187	0.0765769
0.565127	0.61577	-0.549053
0.157442	-0.935058	0.317613
-0.666459	-0.316763	-0.674902
-0.885546	-0.0223564	0.464013
0.633218	-0.648356	0.422694
-0.46796	-0.0493758	-0.882369
0.474051	0.822682	-0.3138
-0.440673	0.507961	-0.740124
-0.415784	0.258027	0.872093
0.278226	0.77896	-0.561972
-0.440475	-0.790567	0.425423
0.489437	-0.770511	-0.408367
-0.263685	0.632084	0.728657
-0.811187	0.582685	0.0495342
-0.681143	0.290256	0.672157
0.616339	-0.220903	-0.755863
-0.411059	-0.108656	-0.90511
0.682114	0.0525247	0.729357
0.274639	0.674045	0.685739
-0.341378	0.908383	-0.241458
0.355786	0.417985	0.835885
0.752891	-0.542638	0.372424
-0.599937	0.449513	-0.661826
-0.942683	-0.058667	0.328491
-0.0559386	-0.206649	-0.976815
0.499587	-0.486075	-0.717039
-0.955682	0.196034	-0.219641
-0.83083	0.250105	0.497161
-0.407746	0.68378	0.605134
-0.139403	-0.334451	-0.932046
-0.577011	0.313413	0.754208
-0.964709	0.21775	-0.148059
-0.601775	0.735064	-0.312325
0.778784	0.469861	0.415603
-0.212512	0.692563	0.689344
-0.159601	0.211625	0.964231
0.186995	0.484413	0.854621
-0.00536871	-0.608984	-0.793164
-0.669038	0.647829	-0.364287
-0.756424	0.00570583	0.654056
-0.559769	0.00394543	0.828639
0.39965	-0.508281	-0.762844
-0.608934	0.302583	0.733241
0.459696	0.787328	-0.410846
0.129693	-0.274741	-0.952732
-0.0902447	-0.387584	-0.917406
-0.277867	-0.837375	0.470737
0.579455	0.267004	0.770026
-0.490133	0.662081	-0.566937
-0.470695	0.463736	-0.750596
0.213304	-0.92354	-0.31871
-0.409916	-0.180182	0.894149
0.998949	0.0141628	-0.0435986
0.905105	-0.340718	0.254355
-0.349025	0.601582	-0.718527
0.33443	0.940712	-0.0567289
0.175456	0.911288	0.372517
0.836547	-0.279396	0.471303
-0.876289	0.481202	-0.023721
0.0917186	0.780718	0.618116
0.533948	-0.331741	-0.777719
0.781665	-0.558774	-0.277078
-0.873238	0.220732	0.434434
-0.964268	-0.207796	-0.164341
0.601237	-0.488779	-0.632146
0.952006	0.167009	0.2565
-0.839934	0.203462	0.503105
0.931616	-0.168831	-0.321851
-0.750727	-0.372377	-0.545659
-0.391301	-0.01569	0.920129
0.0543268	0.763033	-0.644072
-0.209575	-0.86142	0.462638
0.410334	-0.890585	-0.196172
-0.80268	-0.596233	0.0145127
0.151737	0.886219	0.437713
0.0178716	-0.191001	-0.981427
0.83896	0.434677	-0.327417
0.996001	0.0873464	-0.0187762
-0.857784	-0.41637	-0.301402
0.31602	0.132699	0.939427
0.560234	-0.815698	-0.144133
0.85916	-0.45228	0.239345
-0.352872	0.8864	-0.299626
-0.482125	0.252114	0.839044
0.709476	-0.516464	0.479487
0.448098	-0.658086	-0.605088
-0.345646	0.85912	0.377413
0.550413	-0.172621	-0.816852
-0.883282	0.126555	-0.451438
0.0872194	-0.988128	-0.126476
-0.101466	0.978563	0.179218
0.5828	0.600578	-0.547403
0.949953	-0.272814	-0.152189
0.701436	0.0579033	-0.710377
-0.818366	0.334527	-0.467299
-0.449389	-0.616317	-0.646686
-0.780752	-0.517553	-0.350094
-0.247779	-0.482184	-0.8403
-0.374997	-0.039915	0.926166
-0.298855	0.440469	-0.846566
-0.208055	-0.713796	0.668736
-0.537452	-0.598831	-0.593757
-0.73983	0.672699	0.0112529
-0.0410701	-0.462517	0.885659
0.160919	0.863486	0.478013
0.305982	-0.951988	0.00967166
-0.938611	0.322538	-0.122388
0.249052	-0.206412	0.946238
0.649477	-0.739387	0.177442
-0.0137162	-0.942775	-0.333148
-0.889661	0.309943	-0.335318
0.939777	-0.168593	0.297315
-0.820672	0.215784	0.529088
0.820529	-0.0510026	-0.569326
-0.804971	0.465738	-0.367572
-0.580135	0.0025255	-0.814517
-0.123896	0.748166	-0.651841
-0.78509	-0.61526	0.0713376
0.844563	-0.220465	-0.487964
-0.134376	0.107158	-0.985119
-0.473743	-0.880445	-0.0195925
0.240254	0.346467	0.906774
0.203634	0.843797	0.496528
-0.845147	-0.288664	-0.449888
-0.425874	-0.299113	0.853911
0.62991	0.201608	-0.750045
-0.904147	-0.426217	-0.0292614
0.607916	-0.46413	-0.644222
0.759875	0.628163	-0.167335
0.690514	0.367733	-0.622867
-0.960812	-0.0651103	0.269445
0.519221	0.0110243	-0.854569
-0.203444	-0.971534	0.121374
-0.596089	0.636586	-0.489322
0.294524	0.955454	-0.0190552
0.34856	-0.534322	0.770068
0.154204	0.532103	-0.832519
-0.748422	0.609711	-0.260991
0.804292	-0.303517	0.510874
-0.561349	-0.799018	0.215537
-0.213794	0.62383	0.75175
0.166672	0.495386	-0.852534
-0.917616	-0.344315	0.198564
-0.173752	0.286466	0.942204
0.217275	0.37549	0.900999
-0.385114	-0.412943	-0.825327
-0.755834	0.495089	0.428488
-0.160591	0.986981	-0.00887522
-0.603396	-0.726859	-0.328008
0.0939747	-0.586442	0.804522
-0.361097	-0.1038	-0.926733
0.220086	0.719383	0.658825
-0.454029	-0.746062	0.487082
0.229659	-0.538168	-0.810945
-0.0558743	-0.447832	-0.89237
0.961642	-0.248027	-0.117159
0.691398	0.716694	-0.0912085
0.893709	-0.131157	0.429049
-0.961785	0.244536	0.123172
-0.648563	-0.2474	0.719833
0.239174	0.947579	-0.211871
0.73912	-0.272399	0.616036
-0.120883	0.967137	-0.223683
0.363792	-0.916858	0.164395
0.328989	0.927288	-0.178613
-0.0774732	-0.36753	0.926779
-0.578379	0.164754	-0.798958
-0.739244	-0.148828	-0.656786
0.589615	-0.674847	-0.443775
-0.0998562	-0.478962	0.872138
0.167448	0.533251	-0.829219
-0.459717	0.860717	-0.218692
0.473758	0.811698	-0.341613
0.319754	0.503193	0.802841
-0.326351	-0.90298	-0.279501
0.704283	0.16267	-0.691031
0.0749416	-0.329638	0.941128
0.590203	0.24002	0.770747
-0.354397	-0.921088	-0.161244
0.151327	0.329725	0.93187
0.770591	-0.634825	-0.0564494
0.499146	-0.85738	0.12551
0.128937	0.491503	-0.861278
-0.706823	0.0126754	0.707277
0.757953	-0.384265	-0.527113
0.762666	0.310927	0.567155
-0.0493538	0.843022	-0.535609
0.29451	-0.918123	0.265167
-0.0456368	0.166246	0.985028
0.320722	0.198006	0.926246
-0.297884	-0.297411	-0.90709
-0.10201	-0.147332	-0.983813
-0.931465	-0.337651	0.135515
-0.535585	0.0236768	0.844149
0.00589086	-0.866624	-0.498926
0.60878	-0.426811	-0.668745
-0.554566	-0.590897	0.585916
-0.0191101	0.970571	0.240056
0.271856	0.942001	-0.196798
-0.998021	0.0627598	-0.00397465
0.996265	0.0863455	-0.00046268
0.149069	-0.0444355	0.987828
-0.145139	0.440053	0.886165
-0.652785	-0.556611	0.513864
0.0791951	-0.63019	-0.772391
-0.190923	0.31978	0.928057
-0.341427	-0.463738	-0.817542
0.759908	0.631245	-0.155146
-0.600098	0.75758	-0.256817
-0.512996	-0.00920566	0.858342
0.268191	-0.0741997	-0.960504
0.184179	-0.751541	-0.633454
-0.819563	-0.0848212	0.566676
-0.30236	-0.772286	0.558707
-0.554296	0.280512	-0.783626
0.765393	-0.482884	0.425437
0.510846	0.40101	0.760413
0.612074	-0.78994	0.036885
-0.777605	0.612157	-0.143508
0.461758	-0.829996	-0.312867
0.775381	0.0704066	0.627556
0.805274	-0.579251	-0.126494
-0.938302	0.167321	0.302644
-0.0380651	0.436837	-0.898735
0.37037	-0.928849	-0.00813914
0.952748	0.0571917	0.29833
-0.352123	0.490779	0.79696
0.763296	-0.634466	0.121785
0.240317	0.662685	0.709292
0.912893	-0.384885	-0.135977
-0.56215	0.803251	-0.196917
-0.954485	-0.0224564	0.297413
-0.364865	-0.490157	-0.791593
0.280315	-0.19661	0.939557
-0.974143	0.201611	-0.101975
-0.647757	-0.689437	0.324171
0.0407	-0.681808	-0.730398
0.660296	-0.652344	-0.372098
-0.760719	0.625603	-0.172996
0.0817951	-0.412107	-0.907457
-0.812069	0.542549	0.214906
0.290125	0.864944	0.409511
-0.253975	-0.962601	-0.0943137
-0.460542	0.887292	0.0247805
0.401871	-0.778823	-0.481596
0.199393	-0.968972	-0.146066
-0.486351	0.866244	-0.114389
-0.969841	0.222832	0.0987655
-0.312027	0.688691	-0.65448
0.938218	-0.0506962	-0.342312
0.182219	0.0613511	0.981342
-0.498456	-0.734526	-0.46045
0.522082	-0.388494	0.759278
-0.914669	0.0948257	-0.392922
-0.262781	0.952159	-0.156013
-0.842612	0.501876	-0.195256
-0.0680381	0.996279	-0.0529139
-0.178566	0.652877	-0.736116
-0.137718	-0.0900878	0.986366
0.0610509	0.0336428	0.997568
0.918511	-0.149408	-0.36608
0.685296	-0.118051	0.718633
-0.67319	0.632289	-0.38344
-0.441332	0.0617458	0.895217
0.797743	0.52536	0.295978
0.33331	-0.591622	0.73409
-0.858442	0.506403	0.0814483
0.460012	0.44461	0.768578
-0.32625	-0.780505	0.533267
-0.603915	-0.215874	0.767258
0.585039	0.554157	-0.592147
0.874789	-0.482676	-0.0420511
-0.753796	-0.598232	-0.271865
0.108048	-0.911938	0.395848
0.842684	0.266403	0.467881
-0.471104	0.837003	0.278366
-0.509354	0.85908	0.0503976
-0.995256	0.0423977	0.0875675
-0.578888	-0.40578	0.70727
-0.619455	-0.726126	-0.298357
-0.53426	0.675363	0.50838
-0.509928	-0.450422	-0.732867
-0.01741	0.947896	0.318105
0.119532	-0.970757	-0.208191
-0.765138	0.470155	-0.439906
0.653397	-0.754118	0.0661714
-0.85954	0.405318	0.311301
-0.820268	-0.367877	-0.43798
0.499808	0.71239	-0.492637
0.0212769	-0.741785	0.6703
-0.43733	0.0765113	0.896041
-0.109042	-0.131156	0.985347
0.185178	-0.931868	0.311978
0.780759	-0.324129	0.534187
-0.925904	0.0269429	-0.376796
-0.179689	-0.1002	0.978607
0.288733	-0.913534	-0.286511
0.66397	0.67721	0.317064
-0.845585	-0.387991	-0.366673
-0.482829	-0.524949	-0.700932
-0.492	0.77804	0.390628
0.463444	-0.468834	0.751941
-0.650847	0.151906	-0.743857
-0.0737618	0.995996	0.0505053
0.592632	0.681223	-0.429793
-0.971882	0.208778	0.108888
-0.486133	-0.870671	-0.0748778
0.922006	0.0500667	-0.383924
-0.980373	0.0981392	-0.170991
0.310117	-0.86091	-0.403313
-0.435982	0.898821	0.0451754
-0.146504	-0.0875432	-0.985329
-0.775724	-0.568607	-0.273749
0.0443915	-0.608425	-0.792369
0.168689	0.854006	0.492157
-0.530864	-0.59556	0.602903
0.33774	0.490559	-0.803295
-0.280031	-0.58988	-0.75738
0.615576	0.763475	0.195376
0.142847	-0.571813	0.807852
-0.700263	0.641514	-0.313196
0.192079	-0.766281	0.613122
-0.577427	0.814119	-0.061554
-0.0729689	-0.909944	0.408261
0.265242	-0.24519	0.932485
0.0950475	-0.0960504	-0.990828
-0.262361	0.847837	-0.460803
-0.69347	0.00740754	0.720448
0.948865	0.187202	0.254186
0.205335	0.155057	0.966331
0.733092	0.366435	-0.572976
-0.697921	-0.432928	0.570509
-0.140693	-0.956779	-0.254518
0.856097	-0.345544	0.384313
-0.0943996	0.934416	-0.343447
-0.0157237	-0.74836	-0.663106
0.328739	-0.740201	-0.586543
-0.259175	0.510126	-0.820122
-0.613433	0.591474	0.523315
0.790672	-0.260633	0.553993
-0.870061	-0.0414351	0.4912
-0.187515	0.98013	-0.0646742
-0.408632	0.157291	-0.899044
-0.456356	-0.874446	-0.164569
-0.32032	0.841363	-0.43532
0.24082	0.868283	0.433695
-0.527533	-0.803581	-0.275621
-0.0397102	-0.992052	0.119402
0.0307992	0.739101	0.67289
0.272673	0.884391	-0.378817
-0.654157	0.733007	0.186491
0.515087	-0.0202736	0.856898
-0.363248	-0.914862	0.176288
0.916448	0.326789	0.230937
-0.795847	-0.503063	-0.336979
0.683967	-0.162142	0.711266
-0.879546	-0.340762	-0.332085
-0.155941	-0.649892	0.743856
-0.9946	0.00279944	-0.103741
-0.446788	-0.131765	-0.884883
-0.87026	0.13616	-0.4734
0.39355	-0.857318	-0.33185
0.482184	0.871992	-0.084428
-0.0674904	0.0526732	0.996329
-0.821373	-0.494254	-0.284711
0.150143	-0.238516	0.959462
-0.298465	0.375651	-0.877385
-0.00356154	0.98328	0.182063
-0.371612	0.594221	0.713306
0.879893	-0.128023	0.457601
-0.0296629	0.482503	-0.875392
-0.274066	0.959732	0.0616568
-0.649145	-0.757389	-0.0705145
0.205059	-0.685902	-0.698204
-0.839807	0.495091	-0.222733
-0.66063	0.619357	0.424222
0.0803318	-0.534454	-0.841371
0.136047	-0.569427	0.810706
-0.522248	0.553794	0.648513
0.55833	0.791819	-0.24757
0.683783	-0.223191	0.694713
0.273525	0.714458	0.643998
-0.537845	-0.83861	0.0863503
0.523443	-0.835482	-0.167262
0.0434736	0.806264	0.589957
0.858301	0.484367	0.169437
-0.964125	-0.19718	0.177713
-0.318796	0.829589	-0.458424
0.610853	0.248172	0.751844
0.591429	0.206928	0.779354
0.685287	-0.646349	-0.33558
0.0560985	0.337203	-0.939759
-0.926756	0.0982981	-0.362575
0.756497	-0.253134	0.603023
-0.552588	-0.822335	-0.135685
0.59566	-0.644558	0.479306
-0.213362	-0.12879	0.968447
0.944856	-0.304401	0.120781
-0.950493	0.021774	0.309983
-0.676127	0.649621	-0.347627
0.253636	-0.0299137	0.966837
0.944765	-0.0659517	-0.321043
-0.192641	-0.107509	0.975362
-0.143311	0.956802	0.252965
0.505107	0.747552	-0.431315
0.130088	-0.963808	-0.232706
-0.456959	0.127678	0.880277
-0.697805	-0.608499	-0.377885
0.576993	-0.501687	0.644507
-0.7574	-0.0740887	-0.648735
0.706821	0.109433	-0.698876
-0.788763	0.417924	0.450769
0.651807	0.705421	0.278441
0.867514	-0.176107	0.465193
0.980357	-0.085888	0.177546
0.0651639	-0.970107	-0.233764
-0.78495	-0.155145	-0.59982
0.497672	0.550012	0.670678
0.0456391	0.00375231	-0.998951
-0.0513526	0.336921	0.940132
-0.535455	-0.153428	0.83051
-0.161978	-0.984918	-0.0608291
-0.565756	0.764556	0.308827
0.988834	0.0112229	-0.148598
-0.343919	-0.347059	-0.872508
0.183798	0.0349924	0.982341
-0.46106	0.29652	-0.836361
0.236247	-0.575292	-0.783088
-0.564824	0.360094	-0.7425
-0.00283804	-0.957285	-0.289131
-0.92854	0.337869	0.15381
0.188491	-0.266988	0.945087
0.198894	-0.923399	0.328292
0.382032	-0.0299127	0.923665
-0.782913	-0.580553	0.223617
0.292286	-0.610696	-0.735948
0.572677	0.80683	-0.145144
0.742696	0.337934	-0.578103
-0.918272	-0.393296	-0.0457691
-0.220018	0.953464	0.206153
0.824003	0.167737	0.541187
0.905356	-0.307324	-0.293057
-0.945057	-0.0670964	0.319946
0.235233	0.941552	-0.241135
-0.22907	0.907462	0.352192
0.913781	-0.395003	-0.0947432
-0.535837	0.789485	0.299318
-0.214718	-0.943924	-0.250808
0.147291	0.892514	0.426291
0.92301	0.158769	-0.350493
-0.980877	0.0795055	0.177651
-0.148553	-0.780297	-0.60751
0.711611	0.697932	0.0806299
-0.659727	-0.462432	-0.592382
-0.826842	-0.469773	0.309265
0.450491	-0.235553	-0.861146
0.516307	0.853709	0.0678777
-0.254941	-0.0496338	-0.965682
0.206095	0.52997	-0.822591
-0.138292	-0.918012	0.371657
0.663207	0.747826	0.0302071
0.519935	-0.777495	0.353791
-0.509058	-0.850142	0.134606
-0.770115	0.637906	-0.00024098
-0.0855026	0.994868	-0.0541019
0.0907459	-0.995335	0.0327672
-0.83998	-0.0371652	-0.541342
-0.702344	0.640128	-0.311367
-0.0443518	-0.491168	-0.869935
0.368862	-0.144441	-0.918193
-0.0688426	0.916796	0.393377
0.0586475	-0.496148	-0.866255
0.183303	0.959674	0.213135
0.655707	0.717376	0.235414
0.609829	0.761853	-0.218379
-0.697246	0.551262	-0.458213
-0.0988284	0.942695	0.318684
0.601398	-0.0126151	-0.79885
-0.65443	0.740751	-0.15169
-0.746598	-0.291118	-0.598199
0.109797	-0.881007	0.460186
0.592596	0.611472	-0.52434
-0.276807	0.501434	-0.81972
0.0358617	-0.930341	-0.364937
0.894381	0.441582	0.0713347
0.684004	0.682512	-0.25752
0.815036	0.487595	0.312998
-0.506923	-0.623574	-0.595135
-0.779413	-0.529461	0.334942
0.785897	0.0384712	-0.617159
-0.91414	0.164873	-0.370359
-0.673475	0.70521	-0.221608
-0.221992	0.888096	0.402498
0.699824	-0.582978	-0.412775
-0.843413	0.447062	-0.297975
-0.167558	0.801774	-0.573657
-0.763613	0.393391	-0.511995
0.414424	-0.564462	-0.713887
-0.130579	0.618817	0.774606
0.40806	-0.885152	-0.223593
-0.174624	0.327939	0.92842
-0.256245	0.411633	-0.874584
-0.921048	0.29147	0.258294
-0.777337	-0.131359	-0.615217
0.948951	0.0109814	-0.315233
0.272416	0.506974	-0.817782
-0.758711	0.515237	-0.398609
-0.507426	0.745777	-0.431666
0.795422	0.510612	-0.326464
-0.000220642	0.884532	-0.466479
0.926135	-0.248446	-0.283811
-0.76908	-0.629074	0.113058
0.231906	0.9674	0.101771
0.323366	0.541838	-0.775788
-0.599799	0.163682	-0.78323
-0.549058	-0.741812	0.385032
-0.0669406	0.238828	0.968752
0.0680005	-0.985152	-0.157644
-0.881876	0.4709	-0.0234044
-0.594553	0.624424	-0.506558
0.58169	0.622703	0.523333
-0.611746	-0.56297	0.555726
0.0782829	0.780801	0.619856
-0.294592	0.357753	-0.886131
0.917168	0.316058	-0.242714
-0.102326	0.410826	0.905953
0.676679	0.721863	0.14498
0.397549	-0.906142	0.144433
0.488562	-0.348664	-0.799838
-0.280027	0.559987	0.779743
0.879697	0.0100971	-0.475427
-0.893843	0.448156	0.0141732
0.461449	-0.742554	0.485468
0.575956	-0.685373	-0.445577
0.105277	0.894625	-0.434237
-0.599688	0.660597	0.451648
0.076707	-0.970594	-0.228176
0.851724	0.379579	-0.361228
-0.053676	-0.237338	0.969943
-0.63566	-0.631702	0.443722
0.407973	0.871694	-0.271491
-0.679487	0.163988	-0.715127
-0.569115	-0.783	-0.251036
-0.205776	-0.140075	0.968522
-0.319548	-0.288099	0.902712
0.853623	0.370272	0.36637
-0.668955	-0.296587	-0.681568
0.939069	-0.239741	-0.24632
-0.645798	-0.351371	0.677852
0.691796	-0.30251	0.655672
-0.832229	0.385017	0.398944
0.796444	-0.364427	0.482566
0.551524	-0.16945	0.816767
0.990752	-0.129005	0.0420499
0.0666355	-0.222657	0.972617
-0.147391	0.982456	0.114264
0.484386	-0.0225829	-0.874563
-0.390256	-0.897003	-0.207571
-0.429381	0.809146	-0.401142
-0.504856	0.378166	0.775958
-0.317222	-0.839185	0.441746
0.618625	-0.734106	-0.279985
0.094895	0.819413	0.565294
-0.18844	-0.862141	0.470322
-0.0376695	-0.614717	0.787848
-0.438933	-0.879762	0.182637
-0.261491	0.62297	0.737245
0.35593	-0.64168	0.679383
-0.257589	0.168472	0.951454
-0.86636	0.477298	0.146991
0.797223	-0.542567	0.264682
0.584797	-0.810046	-0.0428596
0.704491	-0.629537	0.327681
0.958063	-0.134704	-0.252923
-0.793044	-0.599659	-0.107196
-0.708688	0.409468	-0.57454
-0.757938	-0.652307	-0.00512067
0.488061	0.12085	0.864402
-0.38588	0.23163	-0.892997
-0.500087	-0.828297	0.252659
0.730664	-0.0710398	0.679031
-0.607369	-0.740722	0.287115
0.963568	0.166272	-0.209499
0.288592	0.870694	0.398256
0.512644	-0.857846	0.0359945
-0.247401	-0.655977	0.713083
0.377281	-0.899138	-0.221834
0.200282	-0.373996	0.905546
0.185377	0.71924	0.669574
-0.00112588	-0.795541	0.605898
0.660571	0.481785	0.575786
0.732018	0.574061	-0.366883
0.675733	-0.181606	0.714426
0.041271	-0.641322	0.766161
-0.0696335	0.194671	0.978394
-0.395351	-0.740187	0.543895
0.652124	-0.506402	-0.564173
-0.74389	-0.417049	-0.522205
-0.651869	0.696921	-0.298944
-0.166357	0.953187	0.252509
-0.152316	0.979694	0.130378
-0.197301	-0.578422	-0.791518
0.607578	0.456943	0.649655
-0.440931	-0.808196	-0.390384
0.170276	0.754738	-0.633543
0.279702	-0.827476	-0.486878
-0.905259	0.181331	0.38422
0.144187	-0.752669	-0.642417
0.172382	0.203983	-0.963678
0.312747	0.938508	0.14626
-0.370681	0.65202	-0.661412
-0.567819	-0.81475	-0.117322
0.51233	-0.259084	-0.818776
0.260175	-0.742473	0.617286
-0.939516	0.269699	-0.21112
-0.436724	0.525989	0.7298
0.957142	0.288109	0.0295365
0.983702	-0.0277044	-0.177662
-0.720218	-0.651439	0.238564
-0.927667	-0.178115	0.328191
-0.503147	-0.414276	-0.758431
-0.0582321	-0.163762	0.98478
0.905611	0.285153	-0.313938
0.759364	-0.505219	0.410025
0.260121	-0.69911	-0.66602
0.969896	0.237268	0.0548213
-0.510171	0.209371	-0.8342
0.655611	0.204018	-0.727015
-0.0323311	0.535307	-0.844038
0.553785	-0.0764501	0.829143
-0.607991	0.624222	0.490605
0.333844	-0.266255	0.904244
-0.422923	-0.396231	-0.814946
0.370565	-0.0314786	0.928273
0.553549	0.695065	0.458767
0.635688	-0.64868	-0.418468
0.448294	-0.333857	-0.8292
0.108775	-0.975949	-0.188924
-0.393181	0.536456	-0.746742
-0.611174	-0.641612	-0.463465
-0.140038	-0.000990912	-0.990146
0.816699	-0.10764	0.566936
0.0703103	0.993853	-0.0855148
0.000340235	-0.857992	-0.513662
0.525613	0.0671247	0.848072
0.148319	0.33561	0.930251
-0.706673	0.680281	0.194502
-0.765749	-0.593155	0.248586
-0.904835	-0.190681	-0.380675
-0.260689	0.890943	0.371837
-0.987063	-0.0213611	0.158905
0.102518	-0.689983	0.716529
0.890709	-0.392629	0.229085
-0.232364	-0.799511	-0.553885
0.485982	0.138887	0.862863
-0.688153	-0.329253	-0.646559
0.539576	0.818309	-0.198059
-0.350437	-0.599998	-0.719164
0.160947	0.907909	0.387037
-0.0238322	-0.325561	-0.945221
-0.0788839	-0.9459	0.314723
0.763324	-0.553205	-0.333617
-0.692623	-0.625291	-0.359563
-0.280192	-0.931554	0.231732
-0.813742	-0.581084	0.0128435
0.637031	-0.614362	-0.465566
0.762542	-0.326879	0.558282
0.280227	-0.922767	0.264527
-0.332271	0.419674	0.844672
0.898218	-0.140094	0.416627
-0.180106	0.578644	-0.795445
-0.600117	-0.798801	-0.0421489
0.72893	-0.106383	0.676272
0.812215	-0.5547	0.180593
-0.957503	-0.159535	-0.240285
-0.395461	-0.783839	-0.478756
0.672559	0.504509	0.541419
0.852617	0.496821	0.161905
-0.552421	-0.717217	-0.424771
0.549957	0.17747	0.81612
-0.220611	-0.681288	-0.697981
0.048549	-0.124309	0.991055
-0.870987	0.454372	0.18689
-0.213487	-0.93767	-0.274223
-0.819158	-0.345972	0.457475
-0.0137291	-0.907098	0.420695
-0.406335	0.837438	0.365499
0.231006	-0.426792	0.874348
-0.400749	-0.732435	0.550399
0.699785	0.482364	-0.526902
-0.702982	-0.406354	-0.583689
-0.47069	0.863849	-0.179489
-0.912575	0.34822	-0.214357
0.438402	-0.548314	0.712149
-0.168428	0.926102	-0.337592
-0.31452	0.794354	-0.519691
0.212622	-0.188139	-0.958851
0.198898	0.410486	-0.88991
-0.679952	0.36915	0.633556
-0.463097	-0.0882367	-0.881904
0.421215	-0.532963	0.733844
-0.319751	-0.940809	-0.112414
-0.723004	0.558547	0.40656
0.741243	0.581625	-0.335068
0.762684	0.335744	0.552801
0.609881	0.789697	0.0665204
-0.826836	0.471059	-0.30732
0.458925	-0.449377	-0.766452
-0.105274	0.897787	-0.427664
0.523415	-0.21184	-0.825325
0.100087	0.705352	-0.701755
0.432006	-0.820247	-0.374921
-0.253752	0.827158	-0.501418
0.778055	0.405805	0.479534
0.0374198	0.998275	0.0452318
-0.470414	-0.353443	0.808572
-0.915587	-0.183837	0.357636
0.393394	0.747429	0.535342
-0.670771	-0.207763	-0.711969
-0.808192	0.45103	0.378679
0.368416	0.73883	0.56427
0.830269	0.483982	-0.276431
0.114629	-0.847907	-0.517605
0.697519	-0.550891	-0.458242
-0.122109	0.961111	0.247699
-0.89674	0.115439	-0.427236
-0.441888	-0.270395	0.855349
-0.101951	-0.571445	-0.814283
-0.399224	0.131048	0.90744
0.131368	0.345434	-0.929203
0.672711	-0.191112	0.714798
0.555642	0.373916	-0.742596
0.26031	0.893506	-0.365904
-0.598192	0.43734	-0.671491
0.166462	-0.76065	0.627457
0.354042	0.444879	0.82264
0.500083	0.756141	0.422099
0.690901	-0.655714	0.304457
-0.801411	0.525543	0.285562
0.330276	-0.934754	-0.130966
0.525917	0.703839	-0.477517
0.192978	0.40857	-0.892093
-0.873023	0.195591	-0.446737
0.200816	0.970809	0.131163
-0.85702	-0.292636	0.424123
0.772202	-0.545681	-0.32548
-0.477227	0.858796	-0.186343
0.815423	0.574108	-0.0740665
0.552357	0.828902	0.0884475
0.872364	-0.0921903	0.480085
-0.510309	-0.0522925	0.8584
0.976808	-0.00327492	0.214092
0.892739	-0.392835	0.220675
0.541085	-0.447575	0.711972
0.185332	0.205805	-0.960883
0.747731	0.472406	-0.466616
0.162254	0.0803405	-0.983473
0.180876	-0.407284	0.895212
0.704553	-0.596509	0.384424
0.146898	-0.986097	0.0776814
-0.44178	0.893693	-0.0783804
0.0224584	0.108376	0.993856
-0.70393	0.0437746	-0.708919
0.427655	-0.167436	0.8883
0.300451	-0.714597	0.631728
0.0532396	0.919742	0.388896
0.25896	0.248939	-0.933257
0.171429	-0.93421	0.312833
-0.00745572	0.420653	-0.907191
0.322582	-0.91085	-0.257474
0.0513546	0.270132	-0.961453
-0.473538	-0.00982438	-0.880718
-0.942458	0.112574	-0.314803
-0.352728	0.148771	0.923824
-0.558625	-0.804442	-0.202016
-0.301609	0.200472	-0.932117
0.812085	-0.416965	-0.408238
0.951252	-0.29771	-0.0805542
-0.194347	0.843007	0.501567
0.667162	-0.320592	-0.672396
0.977334	-0.144425	-0.15479
0.742308	0.573407	-0.346674
0.245703	0.840002	-0.483764
0.795576	0.510698	-0.325954
-0.565963	-0.118126	-0.815924
-0.466637	-0.818068	-0.336176
-0.732249	0.648883	-0.206791
0.00748324	-0.777592	0.628724
-0.992519	-0.0611857	0.105655
0.626808	-0.326994	-0.707238
0.344239	0.931297	0.119106
-0.556599	0.603524	0.570926
0.066008	-0.447587	0.891801
0.0141391	0.729271	-0.684079
-0.935425	0.323444	-0.1427
0.324343	0.432408	0.841323
0.631972	0.651272	-0.420067
-0.268369	-0.90282	0.335998
-0.996444	-0.0355368	-0.0764002
-0.0344074	-0.690835	0.722193
-0.93129	-0.0271683	0.363264
0.559007	-0.151149	0.81527
-0.817153	0.565751	-0.110397
0.0596969	0.739608	0.670385
-0.328433	0.909054	0.256423
-0.243483	-0.452878	-0.857681
-0.189705	0.974072	-0.123272
0.345165	-0.299301	-0.889539
-0.994557	-0.0191281	0.10242
0.145072	0.463543	-0.874118
-0.486181	-0.110498	-0.866844
0.0409653	-0.16528	0.985396
-0.200495	-0.352632	0.914031
0.44188	-0.0423091	0.896076
-0.677533	-0.222101	-0.701156
-0.682647	-0.0406907	-0.729614
0.320018	-0.660984	0.678741
0.73404	0.0102453	0.679029
-0.973429	-0.114147	-0.198512
0.0447607	-0.903043	-0.427212
0.441469	0.223136	0.869089
0.995991	-0.0851945	0.0272814
-0.546871	0.713068	0.43871
-0.834068	0.257555	0.487847
-0.399402	-0.916054	-0.0363777
-0.793785	-0.284316	0.537653
-0.400335	0.702181	-0.58879
0.379799	-0.628262	0.678999
-0.561216	-0.0491284	-0.82621
-0.756326	0.630353	-0.175001
0.560052	0.707951	0.430288
0.682485	0.728426	-0.0600856
0.349235	-0.0678527	0.934575
0.753319	-0.0794465	0.652839
-0.931898	-0.0322159	0.361286
-0.160249	0.674382	-0.720784
-0.615479	0.0434944	0.786952
-0.38161	-0.490869	0.783213
-0.185341	0.858371	0.478381
-0.282323	0.558655	0.77987
-0.644449	-0.728492	-0.232345
0.914238	0.0218536	0.404588
-0.980685	-0.160109	-0.112348
-0.686473	-0.693771	0.217798
-0.128491	-0.362432	-0.923111
0.0695698	-0.770508	0.633623
-0.479034	0.588024	-0.651732
-0.981939	-0.133972	-0.133595
0.956322	0.289069	0.0434355
0.134335	-0.790347	0.59775
-0.983372	0.162834	0.0803974
0.302722	0.81132	-0.500119
-0.835966	-0.370017	0.405274
0.449288	-0.837944	0.309822
-0.551026	0.737698	-0.390093
0.842585	0.473026	-0.25748
0.69746	0.573004	0.430368
0.955331	-0.199598	0.217955
-0.0421849	0.974574	-0.220059
-0.02189	-0.860664	-0.508703
0.313255	0.78001	0.541715
0.855541	-0.515415	-0.0489632
-0.57052	0.554026	-0.606269
-0.610281	0.405126	-0.680757
-0.0999676	0.631895	0.76858
0.735491	-0.671947	-0.0868316
-0.901268	0.361095	0.23943
-0.128065	0.14012	-0.981818
0.266458	0.84689	-0.460193
0.801608	-0.272178	-0.5323
-0.909204	0.0988703	0.404441
-0.900863	0.347601	-0.260035
0.38498	-0.294225	0.87477
0.754933	-0.334359	0.564162
-0.171221	0.967899	-0.183998
-0.521226	0.595746	-0.611074
-0.538288	0.779685	0.319902
-0.0591366	-0.971187	-0.230863
-0.200318	0.548129	0.812051
0.719723	0.687805	0.0944621
0.809897	0.175776	0.559615
0.462683	-0.182008	-0.867639
-0.957391	0.193623	0.214272
0.969563	0.0258043	-0.24348
-0.692895	-0.283334	0.663037
0.905189	-0.412366	0.102897
-0.618736	0.062081	0.783142
-0.753891	0.0626156	-0.654009
0.98143	-0.19018	-0.0250293
0.663301	-0.617812	0.422303
0.440154	0.0154149	-0.89779
0.285005	-0.945314	-0.158599
0.678398	-0.295568	-0.672619
-0.992192	-0.0291099	0.121277
-0.651626	-0.756655	-0.0534476
0.403568	0.870454	-0.281857
-0.33626	-0.563228	0.754787
0.944295	-0.27935	0.173983
-0.763361	0.262575	0.590198
-0.544911	0.311282	0.778573
0.868286	0.14847	0.473325
0.545321	0.555115	0.62807
-0.88395	-0.320086	-0.340848
0.964422	0.203103	-0.169234
0.68522	-0.478056	0.549487
0.786309	-0.28333	-0.549038
-0.9049	-0.34434	0.250172
0.817103	0.557416	0.147068
0.729803	-0.387675	-0.563113
0.978926	0.186751	-0.0826275
-0.910067	0.336806	0.241536
0.964026	0.0179869	0.265197
-0.621942	0.10335	0.776214
-0.0722043	-0.876406	-0.476129
-0.869947	0.491918	-0.0347603
-0.253889	-0.846042	0.468779
-0.0791789	0.69755	-0.712148
0.429263	-0.864916	-0.260104
-0.898203	0.141612	-0.416145
-0.67013	-0.229906	0.705741
0.92956	-0.146617	-0.338264
0.879555	-0.399327	0.258689
-0.0331283	-0.561141	-0.827057
0.966842	-0.228116	-0.114803
-0.891986	0.18353	0.413131
0.856146	-0.515346	0.0378429
0.107577	0.552065	-0.826832
0.256816	-0.938721	0.229887
-0.957796	-0.265858	0.109295
0.871553	-0.46784	0.1467
0.227941	0.471395	-0.851956
0.354921	0.853612	-0.381285
-0.492733	-0.578166	-0.650337
-0.0331551	0.244685	0.969036
-0.524953	0.617349	-0.585922
0.849502	0.140973	0.508402
0.254131	0.902502	-0.347718
0.515662	-0.628804	-0.581978
0.239559	-0.157666	-0.957994
-0.262436	0.758102	0.596999
-0.355203	0.533848	0.767357
-0.205498	-0.685679	0.698294
0.694962	-0.454394	-0.557273
0.713102	0.0598454	-0.698502
-0.924174	-0.360429	-0.126461
0.996693	0.00612693	-0.0810228
-0.689873	0.687603	0.226443
-0.770081	0.407339	-0.490968
-0.411951	-0.768772	-0.489168
-0.922861	0.0411579	-0.382928
0.947241	0.260446	-0.186823
0.511246	0.0852411	-0.855197
-0.815334	0.476607	-0.328749
0.246925	-0.93611	-0.250451
-0.140371	0.688653	0.711374
-0.376325	-0.19362	0.90603
-0.910288	0.337854	-0.239231
0.400639	-0.898469	0.179563
-0.654278	-0.228754	-0.720827
-0.0587597	-0.864503	-0.499181
-0.00982605	-0.887014	-0.461638
0.426195	-0.870713	-0.245392
-0.119984	0.425868	-0.896794
-0.340447	0.766097	-0.545153
-0.891602	0.0820737	-0.44532
0.0952331	-0.982048	0.162826
0.454161	0.459649	0.763191
0.721133	0.0970151	0.68597
-0.9091	0.248196	0.334569
0.719611	-0.119887	-0.68395
-0.96987	-0.184346	-0.159278
0.00973793	0.0181216	0.999788
-0.595355	-0.234642	0.768437
0.217107	-0.641359	-0.735883
0.0503183	-0.000596915	-0.998733
0.293942	0.955446	-0.0268555
0.253639	-0.803685	-0.538292
-0.568642	-0.816984	0.095832
-0.541685	0.124682	-0.831283
-0.518549	-0.0656212	-0.852526
-0.799719	-0.0191024	0.600071
-0.264059	-0.964379	0.0156882
0.939883	-0.247251	0.235558
0.9765	0.214725	0.0184472
-0.0613523	-0.0619951	-0.996189
0.288143	-0.948751	0.129786
-0.369351	0.718238	-0.589673
0.197257	0.214459	-0.956607
-0.442562	-0.862878	-0.244092
0.404781	0.664426	0.628244
0.927736	-0.35719	-0.108265
-0.748955	-0.636808	0.183146
-0.182713	-0.574783	-0.797647
0.479501	-0.725829	0.493205
-0.642508	0.551561	-0.531944
0.284285	-0.898258	-0.335133
-0.869768	-0.447928	-0.207036
-0.571153	-0.810989	0.126811
0.617536	-0.730394	0.291846
0.864702	-0.413709	0.284845
-0.142025	-0.841913	0.520587
0.33765	-0.916007	0.216617
-0.140483	0.948624	-0.283509
-0.508546	-0.782196	-0.359932
0.988915	-0.122919	-0.0833004
-0.214937	-0.976456	-0.0183077
-0.681471	0.713059	-0.164758
-0.933277	0.313884	0.174559
-0.878412	-0.0139312	-0.477701
0.548171	-0.00947492	0.836312
-0.484295	0.259026	0.835682
0.26483	-0.478248	0.837344
-0.69723	-0.221224	0.681857
0.892787	-0.246218	0.377237
-0.355183	-0.326671	-0.87586
0.978627	0.203477	-0.0297615
-0.743176	0.458587	-0.487224
0.981555	-0.0117178	0.190822
-0.878835	-0.402277	-0.256558
-0.992662	0.0448165	-0.112308
0.216381	0.802275	0.556358
0.973749	0.0711539	-0.216218
-0.724114	-0.101133	-0.682225
-0.745769	-0.0697951	-0.662538
-0.504877	-0.0342504	-0.862512
0.457607	-0.619275	-0.638039
-0.765456	0.101296	-0.635466
-0.916169	0.393726	0.0749231
0.868423	-0.339494	-0.361365
0.0616108	0.896691	0.438348
-0.0804788	-0.810413	0.580305
-0.729201	0.614103	0.301899
-0.605264	-0.62754	0.489743
0.815166	0.165691	0.555023
-0.684831	-0.721972	-0.098809
0.467523	-0.0796798	-0.880383
0.668864	0.520384	-0.530868
0.713798	0.170963	0.679165
-0.70298	-0.643741	0.30235
-0.961569	0.107332	-0.252717
-0.490478	0.405893	0.771156
-0.00287926	-0.570878	0.82103
0.550006	0.339636	-0.762982
0.5153	0.649525	0.559091
-0.507549	-0.523762	-0.684154
0.240774	0.78312	0.573368
-0.680058	0.140172	-0.719634
-0.6867	0.509036	-0.518966
-0.0257622	0.836841	-0.54684
-0.218222	0.231392	-0.94807
0.0515711	0.386014	-0.92105
0.836928	-0.521209	0.167015
-0.725992	-0.523222	-0.44629
-0.897607	-0.0808024	0.433327
0.948246	-0.156383	-0.276358
-0.261091	0.893475	0.365423
0.753156	-0.571889	0.325113
0.826247	-0.463053	-0.320778
-0.563828	0.300567	-0.769258
0.0870672	-0.414764	0.905754
-0.5367	-0.438633	0.720801
-0.281173	0.0147293	0.959544
-0.944958	0.326128	0.0263592
0.342665	-0.775179	0.530733
0.917342	-0.342872	-0.202293
0.3773	-0.741696	0.554555
0.589533	0.807217	-0.0291888
-0.121913	-0.219699	-0.96792
0.208201	-0.79557	0.568964
0.662283	-0.729785	0.16969
-0.304252	0.627592	-0.716631
0.646839	-0.576949	-0.498728
-0.186877	-0.966516	-0.175851
0.83963	-0.352421	0.413304
-0.616035	-0.172082	-0.768693
-0.685339	-0.723885	0.0793811
0.703511	-0.524555	-0.479493
0.851093	-0.148623	0.50354
-0.164377	0.708329	-0.686476
-0.612275	-0.109549	0.783019
-0.558816	-0.754376	-0.344443
-0.428248	-0.162155	0.888994
-0.590915	0.682243	-0.43054
-0.39324	0.614631	-0.683806
-0.856984	-0.415631	0.304678
0.138528	-0.500358	-0.854665
-0.789721	0.363236	-0.494368
-0.363887	-0.918254	-0.15619
0.894758	-0.271685	-0.354395
0.884327	-0.379691	-0.271664
-0.703253	0.595327	0.388613
0.634736	0.553064	-0.539658
0.249755	0.759583	-0.600547
0.735757	-0.671069	0.0912556
-0.949577	0.258894	0.176854
0.369263	-0.372999	-0.851185
0.58832	0.137386	0.796872
0.00986305	-0.996339	-0.0849142
-0.745757	-0.253869	-0.615953
-0.326073	0.376762	0.867022
-0.392227	-0.842549	0.369146
0.663529	0.678506	-0.315212
-0.898592	0.1463	0.413677
0.631786	0.740674	-0.228578
0.248691	0.846171	-0.471325
0.846152	-0.407682	-0.343252
-0.99278	0.118993	-0.01515
0.717721	-0.66689	0.200333
0.239006	-0.818221	-0.522867
0.609452	-0.306534	0.731167
-0.751959	-0.217556	-0.622275
0.160754	0.506204	0.847299
0.143205	-0.978282	-0.149859
0.93598	0.347453	0.0567341
-0.844852	0.531988	0.0566864
-0.141259	0.358286	-0.922864
-0.44183	0.226685	-0.867986
0.945947	-0.314281	-0.0800742
-0.890057	0.235622	0.390232
-0.847882	0.141208	-0.511035
-0.93011	-0.0633885	0.36177
-0.25581	-0.945262	-0.202586
0.334559	0.823418	0.458316
0.0329202	0.929155	0.368222
-0.407588	-0.911837	0.0492505
0.91845	0.317786	-0.235502
0.0665711	0.630296	0.773496
0.988002	0.127954	0.0864865
0.314294	-0.891938	0.325063
0.946565	-0.304507	-0.106258
-0.590597	0.0334012	0.806275
0.81265	-0.339587	-0.473582
-0.527946	-0.0655043	-0.846748
0.779806	0.587874	-0.215189
-0.954426	-0.155989	0.254438
-0.320735	-0.941668	0.101938
0.796693	0.604091	-0.0188037
0.429145	-0.659367	-0.617309
-0.771266	0.19645	0.605439
-0.721835	-0.646513	0.246932
-0.590835	0.34995	0.726945
0.892775	-0.331707	-0.304835
0.219117	0.967531	0.12598
-0.438128	-0.682217	-0.585341
-0.357431	0.150543	0.921726
0.737862	-0.546534	-0.396057
-0.834394	-0.536402	0.126729
-0.593815	-0.583741	0.553742
-0.675455	0.736464	-0.0371799
-0.231291	0.48582	-0.842902
-0.741468	-0.640304	-0.200589
0.440512	0.73289	0.51848
-0.326269	0.926298	0.188469
0.801642	-0.49878	-0.329527
-0.918219	-0.0935078	0.384878
-0.0999069	-0.527396	-0.843725
-0.0955714	-0.988395	-0.118076
0.823252	-0.0129665	0.567528
-0.475999	0.796919	-0.371948
-0.660974	0.698283	0.274799
-0.869075	-0.4933	-0.0369264
0.905722	-0.127593	-0.404213
-0.0746441	-0.221434	-0.972314
-0.35212	0.104202	0.930136
-0.846466	-0.382688	-0.370198
0.913132	-0.370714	-0.169592
-0.983079	-0.0103564	-0.182889
0.370964	0.916999	-0.146627
0.263461	-0.0334066	0.964091
0.711641	0.226484	-0.665036
-0.983864	-0.178735	0.00811164
0.452705	0.717943	-0.528787
-0.221951	-0.61206	0.759025
0.898876	-0.349988	0.263685
-0.740614	0.41995	-0.524531
0.436731	0.521621	0.732923
0.134372	-0.793496	-0.593556
-0.00420569	-0.993686	0.112118
-0.882208	0.447938	-0.145123
-0.158972	-0.343495	0.925602
-0.385777	-0.921252	0.0497031
0.783472	-0.0300561	0.6207
-0.889851	-0.271207	-0.366895
-0.478593	-0.248534	-0.842128
-0.600521	-0.787833	0.136723
0.4961	0.290777	0.818128
-0.878282	0.420077	0.228377
-0.591431	0.774744	0.223566
-0.754632	-0.648778	-0.0980654
0.765043	-0.609813	0.206975
-0.0915797	-0.0993334	-0.990831
0.511383	0.670931	0.536971
-0.801888	-0.587686	-0.107704
0.120481	-0.764881	0.632804
-0.884324	0.155717	-0.44014
0.633123	0.57787	-0.514996
0.901756	0.22728	-0.367669
0.432071	0.33458	0.837479
-0.698949	0.355958	-0.620294
-0.344722	-0.828808	-0.440731
-0.665271	-0.340738	0.664314
0.842535	0.0131654	-0.53848
-0.46614	0.552505	-0.690979
-0.556772	-0.413007	-0.720715
0.180528	-0.982995	-0.0336144
0.131281	-0.72631	0.674714
-0.38844	-0.210218	-0.897175
-0.546094	-0.81431	-0.196674
-0.72314	0.427893	-0.542196
0.487675	0.53504	0.689859
-0.260951	0.387444	-0.88419
-0.600415	-0.628875	-0.493981
0.354254	0.927544	-0.11902
0.873604	-0.353939	0.333981
-0.0790855	0.0547603	-0.995363
0.114004	0.611241	-0.783191
-0.299379	0.937375	0.178043
0.368286	-0.925421	-0.0892251
-0.464465	0.768417	-0.440235
-0.174086	0.527894	-0.831277
0.206688	0.922605	-0.325699
0.529315	-0.784433	0.323251
0.617325	0.560967	-0.551567
0.111552	0.349435	0.930297
0.841033	0.493616	0.221375
0.605313	-0.776192	0.176417
0.583303	0.291499	0.758147
-0.707956	0.212037	-0.673676
-0.925526	0.265275	0.270241
0.298544	-0.954233	0.0176308
0.667745	0.657805	-0.348438
-0.0438422	-0.924013	0.379838
-0.967981	-0.243626	-0.0604903
0.0137753	-0.892335	0.451164
0.0968377	0.982209	0.160894
0.172707	-0.565592	0.806399
0.128491	-0.883758	-0.449958
-0.153788	0.0907228	0.98393
-0.311083	-0.837828	0.448634
0.383536	-0.923526	-0.000759895
0.00764933	-0.193932	-0.980985
0.688696	0.592243	0.418265
-0.661813	-0.647224	-0.378292
0.796239	-0.595914	0.104356
0.307187	0.22295	0.925164
0.910246	-0.351868	0.218271
-0.789507	0.488859	-0.371074
-0.134021	-0.990973	-0.00316299
-0.816335	0.383344	-0.432024
0.829013	-0.440214	-0.34489
-0.426601	0.75506	-0.497892
-0.314469	-0.116394	-0.942105
-0.982205	-0.0350351	-0.184515
0.305187	-0.235475	0.92272
-0.131876	0.870288	0.474561
0.896832	0.152117	0.415394
0.102927	-0.980595	-0.166852
0.96848	-0.222488	-0.112008
0.692912	0.689954	0.209374
-0.138888	-0.192405	-0.971437
-0.207732	0.828946	0.519322
0.0569492	-0.241642	0.968693
-0.124886	-0.815589	0.564994
0.733836	0.00750148	-0.679285
-0.287694	0.291839	0.912175
0.701913	-0.625086	0.341446
-0.576181	0.559119	0.596156
0.487694	-0.867103	-0.101424
-0.21483	0.789403	-0.575058
-0.390904	0.917546	0.0728229
0.393873	-0.907107	0.148395
0.0998302	-0.965431	0.240784
0.964577	0.23317	-0.123382
0.748278	-0.663137	-0.0181518
0.204529	-0.668509	0.715027
-0.565485	-0.563661	-0.60209
-0.190713	0.627103	0.755229
0.122081	-0.856731	-0.501107
-0.422943	-0.788043	-0.447333
0.121328	0.982393	0.142067
0.428253	-0.721759	0.54375
0.230451	-0.967113	-0.10763
-0.197392	0.367567	-0.908807
-0.275758	0.229509	-0.933426
-0.899452	0.0548464	0.433564
0.902965	-0.215476	-0.371784
-0.379926	0.705542	0.59822
-0.649888	-0.755793	0.0801393
0.542369	0.0979699	0.834408
0.53977	-0.740578	-0.40024
-0.435847	0.475429	-0.764202
0.80008	-0.141012	-0.583084
-0.64073	-0.539983	0.545787
0.702121	-0.611053	0.365569
-0.795597	0.585251	0.156546
-0.226476	-0.492684	-0.840221
-0.480895	0.643004	0.596058
0.718329	-0.0775169	0.691371
-0.936672	-0.330011	-0.117215
-0.688654	0.721128	0.0757012
0.235203	0.0929779	0.967489
0.0211787	-0.863189	-0.504436
0.13036	0.983833	-0.122794
0.358278	-0.265408	-0.895095
0.445366	0.530628	0.721168
0.934491	-0.0771415	0.347528
-0.610713	0.690278	0.388003
-0.193126	0.138096	0.971407
-0.991084	-0.125998	0.0433184
0.810037	-0.163258	-0.563193
0.801376	0.219186	0.556556
0.976462	-0.117591	-0.180817
-0.0623368	0.945081	-0.320835
0.915576	-0.137212	-0.378013
-0.980765	0.191044	-0.0400274
-0.844496	0.529743	0.0787302
-0.980542	-0.15312	0.122845
0.854524	-0.516852	0.0515072
0.831074	-0.474409	-0.290262
0.645281	-0.483569	0.591417
-0.711965	0.59915	-0.366231
0.428136	0.238621	-0.871642
-0.980941	-0.137573	-0.137214
0.960157	-0.249829	-0.125236
0.389746	0.0690622	-0.918329
-0.0125639	-0.957601	0.287824
-0.325717	0.929127	-0.175017
-0.0185461	0.323846	-0.945928
-0.0399994	-0.915821	0.399589
0.178449	-0.907535	-0.38018
-0.229901	0.958231	0.170118
0.741405	0.0540305	-0.668879
0.0138246	0.837424	-0.546379
0.285575	-0.295436	0.911682
0.00125245	0.798345	-0.602199
0.869	-0.105466	0.483442
0.815438	-0.00797638	0.578789
0.440591	-0.590004	0.676591
0.354663	-0.280757	-0.891846
-0.145732	-0.189165	-0.971071
0.527454	-0.800327	-0.285078
0.8941	0.0260025	0.447112
-0.799497	0.0966463	-0.592844
-0.359566	-0.554985	0.750136
0.337079	-0.646487	-0.684421
0.728261	-0.302146	-0.615097
-0.242324	0.82818	0.505368
0.752795	0.54728	-0.365766
0.663733	-0.632059	-0.399949
0.327906	-0.33171	0.88456
0.0441762	-0.998792	-0.0214989
-0.385101	-0.19805	-0.901373
-0.830495	0.477502	-0.286828
0.679547	-0.241377	-0.692786
-0.741158	0.669949	-0.0430519
-0.778193	-0.171219	0.604235
0.999616	0.0059216	-0.027062
0.539893	-0.819176	-0.193559
-0.38521	-0.140609	0.912054
-0.708499	-0.253886	0.658461
0.369316	0.397889	0.839816
0.985624	0.128728	-0.109427
0.284927	0.955003	-0.0823828
0.109037	-0.460496	-0.88094
-0.401482	-0.840536	0.363746
0.017377	-0.22286	0.974696
-0.996559	0.025801	-0.0787644
0.896961	0.00973841	-0.442002
0.986855	0.033506	-0.158095
-0.364776	-0.930935	0.0172862
-0.543927	0.727657	-0.417922
0.097382	0.89639	-0.432436
-0.27524	-0.55228	-0.786912
-0.381138	-0.371968	0.846389
0.366825	0.557135	-0.74501
0.966609	-0.221162	0.129441
-0.0907001	0.991003	-0.0984156
0.987644	0.111094	0.110534
-0.528009	-0.549065	-0.647869
0.568011	-0.525489	0.633423
-0.466055	0.208133	-0.859926
0.465527	0.177512	0.867049
0.104861	-0.414829	-0.903837
-0.503487	-0.0708065	0.861096
0.0717439	0.312137	-0.947324
0.585429	0.470741	0.660057
-0.289695	-0.859864	-0.420369
-0.956946	-0.00406933	0.290238
-0.69169	-0.497105	0.523882
0.799373	-0.427817	0.421872
-0.915842	0.0854301	0.392345
-0.152837	-0.277813	-0.948399
0.895311	0.0706301	-0.439806
0.507343	-0.823051	0.255322
-0.822177	0.133047	-0.553465
-0.590606	0.797156	0.125408
0.540478	-0.523167	0.658924
0.386724	0.743373	0.545748
-0.350389	-0.0406271	0.935723
0.527268	0.704368	0.475242
-0.69441	-0.24466	0.67671
0.0318074	-0.999246	0.0222581
0.0899419	0.966215	0.241536
-0.781121	-0.608166	-0.141366
-0.00378694	0.990966	0.134061
0.742482	0.237767	-0.626249
-0.803498	-0.115729	-0.58395
0.479969	0.792885	-0.375451
0.0801831	0.975583	0.204471
-0.458319	0.883755	0.0944507
0.899566	-0.373055	0.227183
0.44849	-0.0435991	0.892724
-0.233922	0.856348	-0.460379
0.12404	0.992129	-0.0171292
-0.529097	-0.687473	-0.497431
0.103595	-0.684669	-0.721454
0.845879	-0.356923	-0.396351
-0.0829188	-0.890749	-0.446867
-0.572446	-0.629359	0.52556
-0.709348	-0.671824	0.213255
-0.940278	-0.166348	0.296993
-0.122518	0.0282142	-0.992065
-0.382835	-0.781165	0.493172
-0.709941	0.347139	-0.612763
-0.933979	0.186318	-0.304907
0.850838	-0.407871	-0.331236
-0.971899	0.235337	-0.00545977
0.209618	-0.314811	-0.925718
0.662062	0.54112	-0.51852
-0.277187	-0.483688	0.830189
0.00983625	-0.370204	-0.928898
-0.216128	-0.34771	0.912352
-0.73868	0.425458	-0.522816
0.907415	-0.0405028	-0.41828
-0.126626	-0.899973	0.41715
0.294481	-0.868764	0.398158
-0.460021	0.297998	-0.836408
0.499141	-0.17673	-0.848307
-0.355263	0.679699	0.641714
-0.79281	0.113747	0.598761
-0.411617	0.87447	0.256658
0.221725	-0.753258	-0.619226
-0.60796	0.405459	0.682633
-0.561152	-0.312544	0.766437
-0.712914	0.673019	0.196975
0.152403	0.395774	0.905614
-0.877913	0.318759	-0.357297
-0.964445	0.175086	0.197965
-0.276214	-0.912174	0.302727
0.269555	-0.450116	-0.851314
-0.719341	0.412331	0.559046
-0.489724	0.63175	-0.600885
0.270062	-0.234376	0.933881
-0.62018	0.132076	-0.773261
-0.970086	0.0392069	-0.239573
-0.10295	0.895603	-0.432778
0.934378	-0.108373	-0.3394
-0.526295	-0.387201	-0.757026
-0.988468	0.00245844	0.151411
-0.964906	0.238854	0.10911
-0.0879613	0.434784	0.896229
0.575408	-0.413415	-0.705686
-0.848282	-0.270772	0.455082
0.261699	-0.244031	0.933789
-0.0844397	0.989345	0.118598
0.442162	-0.683737	-0.580514
-0.714172	0.699952	-0.00497555
-0.854253	-0.51675	0.0567606
0.370994	-0.143308	0.917511
0.397644	-0.801312	-0.446966
-0.921675	0.0739304	-0.380853
-0.178049	-0.148531	0.972747
-0.62659	0.776706	-0.0641352
0.702309	-0.636992	-0.317811
-0.180895	0.692441	-0.698428
0.22027	0.219449	-0.950433
-0.816287	-0.0244692	0.577128
-0.600142	0.466215	0.64998
-0.0226215	-0.127724	-0.991552
0.386095	-0.90811	0.162072
-0.456684	-0.76581	0.452741
0.903193	0.258926	0.342345
-0.468278	0.383735	-0.795904
0.573258	0.368602	0.731784
-0.827072	-0.386554	0.408078
0.973247	-0.038961	0.226434
-0.895328	-0.249632	0.368878
-0.835779	0.417625	0.356458
0.454395	0.197776	-0.868568
0.500532	0.665116	-0.554155
-0.515235	0.628149	0.583063
-0.955805	0.0410163	0.291126
-0.189955	-0.325749	-0.926177
0.669737	-0.475572	0.570337
-0.317869	0.541381	0.778374
-0.900999	0.307384	0.30613
-0.854698	-0.488329	-0.176141
0.989986	-0.00419039	0.141101
-0.850422	-0.214235	0.480505
-0.181408	-0.311545	-0.932755
0.982408	0.123046	0.140476
-0.567923	-0.637551	0.520569
-0.122332	-0.369586	0.921109
0.312319	-0.649243	0.693499
0.257625	0.823116	-0.506073
0.563662	-0.268789	-0.781049
0.276541	0.957587	0.0809397
-0.659218	-0.638718	0.396826
-0.508651	0.645858	-0.569334
-0.713945	-0.495379	-0.494856
0.88243	0.399473	0.248472
-0.0768198	-0.985603	-0.150617
0.929187	0.368984	-0.0215122
0.509228	-0.494059	-0.704693
-0.826391	0.548502	-0.127374
0.162912	0.527676	0.833677
-0.158235	-0.969908	-0.185039
0.109118	-0.612367	-0.783007
-0.488579	0.125307	0.863475
0.456491	-0.864393	-0.210811
-0.976331	-0.209637	0.053199
0.662876	-0.575227	-0.479279
0.637724	0.151852	-0.755148
-0.199127	0.643336	-0.739234
-0.476168	-0.479803	0.736921
-0.554546	-0.0776766	0.82852
0.444144	0.563929	-0.696218
-0.540094	-0.202292	-0.816931
0.292939	0.577553	-0.761983
-0.0365073	-0.857689	0.512871
-0.517541	0.848722	-0.108734
0.865028	0.443685	-0.234241
-0.0234967	-0.995231	0.0946749
0.962977	0.265876	-0.044547
-0.0905591	0.788231	-0.60868
-0.00424939	-0.893314	-0.449413
0.370983	0.562649	-0.738781
0.532689	-0.52383	-0.664714
-0.0728877	-0.951986	0.29734
0.730337	-0.00646506	0.683057
-0.232801	-0.91646	-0.32543
0.720469	-0.453945	0.524269
-0.137033	0.981821	-0.131334
-0.751244	-0.554691	-0.357702
-0.879883	-0.257742	0.399219
-0.757348	-0.4535	0.469853
-0.873585	-0.0253589	-0.486011
-0.543941	-0.721719	-0.428076
-0.0404872	0.14924	-0.987972
-0.0069594	-0.896819	-0.442343
-0.373821	-0.471393	0.798778
0.222601	0.28781	0.931458
0.990258	-0.139149	0.0051284
0.136773	-0.629976	-0.764476
0.0312387	0.951794	-0.305143
-0.951139	-0.259358	0.167534
0.440371	-0.0164645	0.897665
0.9311	-0.359181	-0.0635669
-0.941622	0.329208	-0.0705072
0.0839182	0.466331	-0.880621
-0.242777	0.329568	0.912384
0.805204	0.0649056	0.589435
0.141032	0.140817	-0.979939
0.375826	-0.18866	0.907283
-0.385249	0.461589	-0.799074
-0.0393109	-0.971084	0.235478
0.708394	0.393874	-0.585697
-0.528935	0.173086	0.830824
0.205069	-0.709299	-0.67442
-0.00869671	-0.999929	-0.00811557
0.884886	0.230619	-0.404711
-0.644567	-0.643347	0.413084
0.746831	-0.472999	-0.467457
0.769058	-0.551214	0.323593
0.0854509	0.718244	0.690524
-0.82658	-0.429559	0.363654
-0.273145	0.380627	0.883468
0.0713698	0.432189	0.898955
0.300627	-0.67039	-0.678381
-0.77711	-0.577983	-0.24907
-0.0199109	0.809609	-0.586632
0.126314	-0.756595	0.641567
-0.493731	-0.867693	-0.0577723
-0.627714	0.660732	-0.411593
0.268237	0.466837	-0.842681
0.21778	-0.765247	0.605779
-0.889085	-0.0965969	0.447433
