2048
-0.251264	-0.477414	-0.841987
-0.849235	-0.38093	-0.365639
0.498469	0.542075	0.676523
-0.394222	-0.632106	-0.667106
-0.550406	0.353598	0.756321
0.176932	0.730068	0.660073
-0.50676	0.861803	0.0221505
0.849599	-0.384208	-0.361338
-0.0537053	0.856543	0.513273
-0.954866	0.0125212	0.296773
-0.643385	0.723951	0.2489
-0.447327	-0.885363	0.126617
-0.0233163	-0.485321	-0.874025
-0.378101	0.469568	-0.797838
-0.506064	0.824436	0.253386
0.52322	-0.623647	-0.58078
0.969441	-0.232635	-0.0778816
-0.74674	0.312779	0.586983
-0.448927	0.878285	0.164564
0.150178	-0.951125	0.269829
0.0749236	-0.939585	-0.334016
-0.420173	-0.151805	-0.894656
-0.0256064	0.784861	0.619143
0.315944	-0.946437	0.0666041
-0.147412	0.348141	0.925779
0.437146	0.00666338	0.899366
-0.382448	0.923828	-0.016585
-0.00698583	-0.999747	-0.0213927
0.747635	-0.662953	0.0391782
-0.729508	0.570754	0.376906
-0.628287	0.668181	0.398485
0.436028	-0.863797	0.252456
0.775854	-0.378312	-0.504907
-0.127084	0.930511	-0.343511
-0.351823	0.906112	0.23491
0.0751512	-0.722625	0.687143
-0.538819	-0.0738813	0.839175
-0.0938567	0.639498	-0.763042
0.0334884	0.988907	0.144711
0.237146	-0.94863	-0.209434
0.69773	-0.517659	-0.495179
-0.878234	0.477505	0.026359
-0.630041	0.219053	-0.745026
0.284809	-0.882603	-0.374026
0.624703	-0.780619	0.0194893
-0.68007	-0.184069	-0.709664
-0.0167689	0.445533	0.895108
0.529688	-0.742679	0.409705
0.612266	-0.607173	-0.506431
-0.720381	0.692681	0.0352866
0.461352	0.836036	0.296981
-0.728559	-0.637543	-0.250482
0.254242	0.312692	-0.915197
0.297624	-0.945112	0.134845
-0.379889	0.924876	0.0169951
0.112928	-0.601863	-0.790574
0.556778	0.267198	0.786514
-0.22985	0.907903	-0.350543
0.473416	0.803854	0.360133
-0.467986	-0.868509	0.163343
0.550139	0.813075	-0.19041
0.829114	-0.275934	0.486242
-0.429362	0.532905	0.729151
-0.61165	-0.650787	-0.449844
-0.635743	0.73969	-0.220655
-0.656481	-0.750241	-0.0785547
-0.0320636	0.841661	0.539053
0.718289	-0.233391	-0.655431
-0.720156	0.397923	-0.56836
0.335229	-0.0127215	0.942051
0.163028	0.713325	0.681608
0.474096	-0.790255	0.388239
0.305245	0.530738	0.79066
-0.512713	0.220072	-0.829876
0.347976	0.90996	0.225577
0.779521	0.333926	-0.529943
-0.546649	0.376531	-0.74793
-0.595763	0.457929	-0.659824
-0.029931	0.899464	0.435968
-0.548955	-0.830843	0.0913647
0.878689	0.334079	-0.341024
-0.787948	0.0888575	-0.609296
-0.693781	0.251924	0.674687
0.502292	-0.787141	0.357926
-0.110856	0.768206	-0.630532
0.664533	0.334908	0.668006
-0.18989	0.979524	0.0668981
-0.455064	-0.889361	0.0442019
0.440287	-0.607753	-0.660896
0.554223	-0.752165	0.356489
-0.284816	0.521968	0.804008
-0.137224	-0.978547	-0.153672
0.0143045	0.981522	0.190816
0.548434	0.0617433	0.833911
0.407545	0.874538	-0.262849
-0.761952	-0.617016	-0.196776
-0.461706	0.390034	0.796682
-0.921691	0.344818	-0.177723
-0.839468	0.257898	-0.478312
0.514947	-0.84947	-0.115026
-0.43821	-0.703089	-0.560034
0.746526	0.268926	-0.608586
-0.431393	0.456742	0.778002
0.96049	0.0263231	-0.277068
0.0313214	0.897384	0.440137
0.145739	0.983914	-0.103309
-0.790006	-0.124925	0.600237
0.060241	-0.343261	-0.937306
-0.230281	0.667751	0.70787
-0.67405	-0.72158	-0.158049
-0.200675	0.665988	0.718464
0.469838	-0.245235	-0.848005
-0.554962	-0.0897789	-0.827017
-0.639495	0.768767	0.00656568
-0.707502	0.523779	-0.474444
0.178031	-0.939055	0.294075
-0.462859	0.733798	0.497295
0.745523	0.390152	0.540349
-0.720625	0.671845	-0.171242
0.620947	-0.152972	-0.768781
-0.155613	0.978721	0.133755
0.972378	0.194089	0.129652
-0.171878	0.669675	0.722491
0.370521	-0.842177	-0.391729
-0.591044	0.280779	0.756194
0.0230125	-0.608616	-0.793131
-0.172649	0.880191	0.442105
-0.0900124	-0.499996	-0.861337
0.459731	-0.734898	-0.498571
-0.811131	0.0941725	0.577233
0.414707	0.830317	-0.372279
-0.267014	-0.4866	0.83182
-0.974631	0.165396	-0.150793
-0.342589	-0.887006	-0.309602
-0.279153	0.903921	0.324037
-0.372145	-0.900615	0.224503
-0.998724	-0.0229711	0.0449643
-0.350148	-0.37939	0.856422
-0.169834	0.700075	0.693579
-0.3355	-0.942038	0.00191324
0.277893	0.138656	0.950553
-0.888687	0.302881	-0.344235
-0.245299	0.795773	0.553691
0.837073	-0.544087	0.0572512
0.592681	-0.137615	0.793594
-0.263345	0.642478	-0.719633
0.65593	0.739924	-0.149224
0.321535	-0.91165	-0.255947
0.285076	-0.953204	0.100664
0.180195	0.811533	-0.555828
-0.390909	0.719028	-0.57462
-0.489066	-0.579159	0.652219
0.326461	0.720985	0.611231
-0.817401	-0.567842	-0.0970072
-0.382247	0.72093	0.578055
0.552559	-0.833138	0.0236697
-0.532496	0.426414	0.731177
-0.687382	0.670301	-0.279647
-0.826753	0.55418	0.096763
0.25091	-0.828461	0.500696
-0.821371	0.354098	-0.447174
0.761436	0.594249	0.259003
0.604615	0.430588	-0.6701
-0.576923	-0.786972	-0.218713
-0.655555	0.44221	0.612126
-0.179442	0.181275	-0.966923
0.633125	0.75214	-0.182865
-0.500414	0.14543	-0.853485
-0.72575	0.29175	0.623033
-0.52747	-0.265516	-0.807017
-0.912176	0.387896	-0.132179
-0.187741	-0.979047	-0.0788642
0.905124	-0.156107	0.395451
0.247096	-0.442714	0.861944
-0.837205	0.528953	0.138909
-0.268927	-0.767023	-0.58254
0.778977	0.281666	0.560231
0.11895	-0.875087	0.469119
0.160408	0.96698	0.198039
0.0711459	-0.978249	0.194853
-0.44084	-0.887654	0.133155
0.691249	0.126492	0.71146
-0.789601	0.516768	-0.33088
-0.485374	-0.859961	-0.157731
0.0993217	0.642009	-0.760237
-0.965585	-0.0796317	0.247598
0.00856778	0.99141	-0.130508
0.304788	-0.762942	0.570109
0.945061	-0.146394	0.292283
0.932633	0.224729	-0.282298
0.162134	0.982173	-0.0951242
-0.046685	-0.985366	-0.163935
-0.564468	-0.123588	0.81615
-0.576852	-0.315335	-0.753528
-0.0908472	0.891569	0.443679
-0.435742	-0.772564	-0.461815
-0.803135	0.366506	0.469731
0.42644	-0.577732	-0.69597
-0.375259	0.798121	-0.471364
-0.424826	-0.340845	0.838658
0.146733	-0.758454	-0.634994
0.589575	-0.742005	0.319107
0.158868	0.951946	0.261838
0.288606	-0.919216	-0.267861
-0.55693	0.111898	-0.822987
0.266835	-0.879392	0.394296
-0.427189	0.689113	-0.585348
0.327871	-0.940786	0.0861463
-0.607522	-0.296125	-0.737039
0.493036	-0.753049	0.435698
0.16526	0.725267	0.668339
0.610168	-0.783373	-0.118412
-0.556175	-0.422909	0.715414
-0.314944	-0.0852003	0.945278
0.242956	0.866383	0.436294
-0.283736	-0.663398	-0.692385
0.55203	0.596845	0.58227
-0.139839	0.150998	-0.978593
-0.379341	0.411892	0.82852
0.233798	-0.433758	-0.870168
0.796241	-0.587271	0.145305
-0.241731	-0.660267	-0.711065
-0.247254	0.462512	0.851439
0.0666097	-0.990569	0.119738
0.0315653	-0.960679	0.27586
0.347142	-0.169171	-0.922428
-0.140734	0.790098	0.596606
0.622067	-0.78133	-0.0505499
-0.800346	0.313997	-0.510737
0.978078	-0.0512081	-0.201846
0.147595	0.954752	-0.258195
0.582735	-0.758857	-0.290785
0.185797	0.507737	-0.841239
-0.396582	-0.863833	-0.310668
0.353947	0.794585	0.493311
0.0780082	-0.931124	0.356263
-0.222091	-0.171679	-0.959793
-0.871254	-0.433413	0.230367
0.738948	0.411689	0.533355
-0.233611	-0.955595	0.179623
-0.55755	0.199156	-0.8059
0.0763046	-0.923925	0.374886
0.0681201	0.996843	0.0407838
0.499524	-0.862682	0.0790924
0.0369232	0.506523	0.861435
-0.698411	0.284592	0.65668
0.0748499	0.997102	-0.0136409
-0.620584	-0.108811	0.776554
-0.548728	-0.656619	0.517444
0.887569	0.219307	-0.405125
0.362285	0.813619	-0.454724
-0.393384	-0.147542	0.907458
-0.90209	0.33489	-0.27218
0.310716	-0.0146295	-0.95039
-0.22406	0.939251	0.260007
-0.399977	-0.908685	-0.119624
0.996096	0.0739499	-0.0482157
-0.305414	-0.00990988	0.952168
-0.222781	0.408875	0.88498
0.863267	-0.279049	-0.420597
-0.406517	-0.91364	-0.00239883
-0.184051	0.982541	-0.0271721
-0.570284	0.375026	0.730844
0.766649	-0.141198	-0.626349
0.456944	-0.87459	0.162155
-0.367088	-0.477059	-0.798537
-0.282936	0.95856	-0.0333076
-0.2584	-0.965162	0.0411315
0.37567	0.784499	0.49339
-0.451611	0.836643	0.30996
0.523973	0.568747	0.634018
-0.481641	-0.777786	0.403819
0.671459	-0.733441	-0.105864
-0.965352	0.0271837	-0.259531
-0.46452	0.837844	-0.286774
0.483038	-0.830286	0.278027
-0.624956	-0.309921	-0.716505
-0.0999262	0.991517	-0.0831163
-0.746409	0.554854	-0.367438
0.305094	-0.907573	-0.288493
0.322365	-0.436742	-0.839844
0.666312	-0.23704	0.706994
0.267654	0.946789	0.178751
0.0436289	-0.993512	-0.10503
-0.200804	-0.975577	0.0890398
0.930695	0.341719	-0.130517
-0.0469832	0.986946	-0.154045
0.736768	-0.624002	0.260373
0.360282	-0.348573	0.865271
-0.285491	-0.249171	-0.925424
-0.652711	0.734148	0.187071
-0.530621	-0.594602	0.604061
0.876509	0.196671	0.439377
0.167335	0.792264	0.586786
-0.594056	0.472634	0.650933
-0.393973	-0.60461	0.692266
-0.451719	-0.393084	-0.800897
0.290542	-0.922597	0.253772
-0.696092	0.589445	-0.409891
0.728407	-0.596499	0.337065
-0.00187852	0.863634	0.504115
0.568299	0.734081	0.371701
0.284899	0.404034	0.869246
0.651609	-0.757308	-0.0434754
-0.266153	0.639721	-0.721055
0.3372	0.454686	0.824353
0.580667	0.801749	-0.141508
-0.541424	-0.817371	0.196887
-0.75373	-0.613865	0.234648
-0.159511	0.237337	-0.958242
0.0897526	0.818002	-0.56817
-0.37134	-0.920951	-0.118135
-0.442684	-0.53896	-0.716626
0.263593	0.569603	-0.778506
-0.0650384	0.928524	-0.365531
0.731798	-0.670934	0.119662
0.642642	0.764026	-0.0572394
0.140426	-0.663729	-0.734673
0.107254	0.953025	0.283267
0.526933	-0.828018	0.191645
-0.944877	-0.20423	-0.255924
0.874203	-0.413741	0.254139
0.238795	0.922798	-0.302357
-0.851095	-0.0955317	0.516247
-0.761389	-0.434103	-0.481499
0.514581	0.492216	0.702089
-0.0249969	0.683637	-0.729394
-0.347608	-0.930548	-0.115106
-0.881788	0.258734	-0.394343
-0.393458	0.668307	-0.631313
-0.406514	0.866137	0.290778
-0.128109	-0.704251	-0.698297
-0.433261	-0.402355	-0.806471
-0.696371	-0.560453	-0.448286
0.0936035	0.958744	0.268418
-0.0679756	-0.997141	0.0330155
0.830663	0.554652	0.0485836
-0.480007	-0.813256	-0.328949
0.410721	0.667404	0.621192
0.245708	-0.94445	-0.218269
-0.0140387	0.82425	-0.566053
0.612922	-0.292032	-0.734196
0.267083	0.761381	0.590732
-0.786572	-0.339307	-0.515922
0.172744	0.263003	-0.949205
-0.431044	-0.859469	-0.274797
0.121367	0.965377	0.230908
-0.444158	-0.827991	-0.34228
0.578251	-0.233341	-0.781778
0.653705	-0.689818	0.31116
0.374871	0.874332	0.308247
-0.331539	-0.94344	-0.00170466
-0.838836	0.500389	-0.214394
-0.800372	-0.515657	-0.305783
-0.51316	0.782217	0.353274
0.678774	0.230151	0.697349
0.160534	0.538398	-0.827259
-0.457064	0.0709182	-0.886602
-0.84828	0.497125	-0.182447
0.354313	-0.868296	-0.347166
0.72234	-0.676063	0.145474
-0.300913	0.953622	0.0075666
0.431167	0.902243	-0.00723509
0.591096	-0.788242	-0.171114
-0.378633	-0.349343	-0.857086
-0.0932012	-0.555812	-0.826067
0.582724	0.789733	-0.191716
0.41592	-0.908573	-0.0388048
-0.758989	-0.643109	0.101715
0.378406	0.558602	0.738087
-0.861065	0.38261	-0.334928
0.519992	-0.749092	0.410451
0.950245	-0.258914	0.173198
0.174143	0.167269	0.97041
-0.00951117	0.615646	0.787966
-0.346517	-0.920365	-0.181258
-0.347997	0.800134	0.488552
0.810063	-0.132754	0.571116
-0.954422	-0.183677	0.235248
0.473007	-0.679508	-0.560832
0.387249	0.921207	0.0376389
-0.882147	-0.0234523	-0.47039
-0.0188049	0.999149	-0.0367105
0.0883279	-0.996075	-0.00575477
0.384605	0.531222	0.754905
0.946067	-0.321682	0.0384364
-0.304074	0.552261	0.776239
0.309932	-0.896656	-0.316148
0.0403487	0.283961	-0.957987
-0.927742	0.328337	0.177454
-0.740952	0.599612	0.302417
0.687258	-0.606384	-0.399969
-0.815681	-0.576211	-0.0514408
0.38527	-0.0310656	-0.922281
-0.0370566	0.981144	-0.189695
-0.648022	-0.288053	-0.705048
-0.0424386	0.979591	-0.196472
-0.587079	0.802648	-0.105329
0.068479	0.718207	-0.692452
0.274967	-0.946852	0.166929
0.0585422	-0.529259	0.846438
0.638854	0.699885	0.319416
-0.136738	0.797533	-0.587575
0.52107	-0.851226	-0.0624608
-0.167439	-0.984381	0.0543928
0.373684	-0.241985	0.895435
-0.749708	0.649361	-0.127549
0.841297	-0.0945789	-0.532236
-0.140645	-0.153094	0.978152
-0.389005	-0.867193	0.310887
-0.241149	0.899279	0.36489
0.296825	-0.870221	0.393206
-0.100739	-0.989016	0.108165
-0.264397	0.503102	0.82279
-0.459463	0.801096	-0.383586
-0.362899	-0.588944	-0.722115
0.264747	-0.780943	-0.565718
0.0535521	-0.0678371	-0.996258
-0.736509	0.0327114	0.675636
0.555672	-0.789549	-0.260462
0.936145	-0.295591	0.190416
-0.536047	-0.590884	-0.602918
-0.232308	-0.655455	0.718618
-0.942843	-0.319987	0.0930395
0.3115	0.509389	0.802179
0.962263	-0.131221	0.238394
-0.200464	0.942677	0.266786
0.588718	-0.80754	-0.0359225
0.473828	0.869046	0.142288
-0.595136	-0.732328	0.33092
-0.0465104	0.90359	0.425866
-0.824013	-0.565924	-0.027071
0.83612	-0.534912	0.12154
-0.843583	0.502482	0.18942
-0.475586	0.87389	-0.100671
0.698041	-0.701154	0.145331
-0.251612	0.87688	0.409601
-0.644411	-0.73683	-0.204488
-0.837917	0.311856	-0.44793
-0.16332	-0.861502	-0.480771
-0.912272	0.157558	0.378069
-0.674513	-0.179299	-0.716159
0.622488	0.736234	-0.265458
0.560135	-0.664525	-0.494626
0.314717	-0.351736	-0.88161
-0.0828739	-0.575999	0.813238
-0.793209	0.585133	0.168637
0.593909	-0.754326	-0.279759
-0.359592	-0.166179	0.918193
-0.190558	-0.961319	0.19888
-0.0420907	0.990968	-0.127324
0.182919	-0.18339	-0.965872
0.132268	0.703109	-0.698673
-0.637054	0.770811	-0.0036727
-0.0245249	0.64785	0.761373
0.451286	-0.0744076	-0.889272
-0.302397	0.518216	-0.800005
-0.882435	-0.325866	-0.339293
-0.607264	0.732687	0.307245
0.297893	-0.58459	-0.754662
0.857108	-0.487948	0.165145
-0.998158	0.00146381	0.0606553
-0.874663	0.473186	-0.105169
-0.206315	-0.861369	-0.464195
0.361147	-0.892115	-0.271485
-0.987613	-0.120508	0.100492
0.326078	-0.381465	0.864961
-0.525717	-0.772473	-0.356239
0.136222	0.937033	-0.321577
0.983801	0.0891495	-0.155522
0.0242443	0.525723	0.85031
0.235756	-0.69422	-0.680057
-0.934558	-0.213077	0.284954
-0.885175	-0.396536	-0.24336
-0.799747	0.59931	-0.0351041
0.109025	-0.991616	0.0693576
0.547152	-0.206426	0.81118
-0.874178	0.468854	0.126448
-0.328485	-0.270052	-0.90508
0.770907	-0.254052	0.584089
0.623279	0.747118	0.230951
0.150698	-0.976913	-0.151432
0.262586	0.874972	0.406783
0.505471	-0.755754	0.416335
-0.263595	0.022101	0.96438
0.691545	0.460355	0.556631
0.174994	0.863608	0.472819
0.324683	-0.945809	-0.0050777
0.671856	-0.738112	0.0616373
0.327754	-0.574828	-0.749767
-0.840173	0.404044	0.361743
0.0215574	-0.977196	-0.211242
-0.801962	-0.150173	-0.57819
-0.225985	0.549271	-0.804508
0.0869246	0.789903	0.60704
0.224126	-0.923309	-0.311878
-0.0512818	-0.463024	0.884861
-0.478728	0.856909	0.191117
-0.355466	0.851064	0.386437
0.276245	-0.685951	0.673172
-0.852223	-0.512655	-0.104409
0.298529	0.61567	-0.729268
-0.193642	0.816317	-0.544178
-0.538005	-0.824272	-0.176426
0.861755	-0.074368	-0.501845
-0.0400729	-0.0768596	0.996236
0.323684	0.929126	-0.178756
0.699411	-0.707888	-0.0985852
0.286136	-0.873016	0.394931
0.525128	-0.849981	-0.0421078
-0.550082	0.819711	0.159635
-0.691341	-0.472851	0.546315
-0.837553	0.318406	0.443984
0.983401	0.106177	-0.147135
-0.213594	0.969685	0.118697
-0.244226	-0.950695	0.191134
0.749109	0.173024	-0.639451
-0.0516839	-0.0612614	0.996783
-0.540308	0.818662	-0.194578
-0.137328	-0.976451	-0.166385
0.224315	0.893697	0.388573
-0.287048	-0.244209	0.926264
-0.155151	0.785356	-0.599286
0.378175	-0.875797	0.299939
0.637505	-0.671761	-0.377259
0.177103	-0.884144	-0.432347
-0.428222	0.418574	0.800888
0.245787	-0.908469	-0.338043
0.159068	-0.987209	0.0107097
-0.423359	-0.278785	0.862001
-0.356502	0.641231	0.679506
0.221954	-0.924184	-0.310838
-0.164305	0.127986	0.978071
-0.388196	-0.455993	-0.800858
-0.0939942	0.979978	0.175524
0.22964	-0.923702	-0.30666
0.052572	-0.103768	-0.993211
0.7468	-0.524468	0.40893
0.381846	0.482723	0.788145
0.337584	-0.934164	0.115647
0.128381	-0.878154	-0.46083
0.791301	0.448871	0.415158
-0.0371781	0.99592	0.0822227
-0.0481288	-0.905811	-0.420941
-0.368343	-0.707132	0.603562
0.252102	-0.39118	-0.885112
-0.662713	0.647742	-0.375822
0.357416	-0.902602	0.239922
-0.673568	-0.358039	0.646617
0.349876	-0.688978	-0.634742
-0.509451	0.797615	-0.322908
0.735854	-0.673698	-0.0681901
-0.771083	-0.192383	-0.606976
-0.388427	0.921478	-0.00151947
-0.378441	0.923652	0.0604063
-0.0400058	-0.998452	0.0386533
-0.986424	0.127036	-0.104064
0.76117	0.622927	-0.180507
-0.866173	0.497988	-0.0418565
0.538132	-0.841696	0.0442872
0.640176	-0.728632	0.243455
-0.239948	-0.68046	0.692387
-0.0644343	0.971457	-0.228296
0.637877	-0.751108	0.170149
0.239784	0.969538	-0.0499926
-0.602193	0.730251	0.32264
-0.0822957	0.996336	0.0232932
-0.273703	-0.88071	-0.38657
-0.706748	-0.152553	0.690821
0.217598	0.318614	0.92257
0.069839	0.992221	0.103049
0.443332	-0.110095	-0.889571
0.544317	0.291341	0.786664
-0.288797	0.880883	-0.375021
0.130183	0.96239	0.238448
0.142278	-0.949013	0.281301
-0.981015	-0.0381924	-0.190135
0.453358	0.0805808	-0.887678
-0.358331	0.750461	0.555344
0.27981	-0.698525	-0.658612
0.0604963	-0.803578	-0.592117
0.535421	0.373403	-0.757558
0.420119	0.780548	0.462865
-0.445532	-0.823301	-0.351678
-0.333077	-0.598397	0.728685
-0.978198	0.0960791	0.184112
-0.0742536	0.880235	0.468693
0.303269	-0.669193	-0.678387
-0.561385	0.775248	0.289547
0.576125	0.256237	0.776159
-0.153909	0.858069	0.489928
-0.158132	-0.973932	0.16264
0.43851	0.780307	-0.445904
-0.744096	-0.626154	-0.232923
-0.152545	0.987344	-0.0433891
0.543946	-0.784216	0.298542
-0.114728	0.302146	0.946333
0.0295061	0.140402	-0.989655
-0.539304	0.737357	0.406762
0.586845	0.0429669	-0.808558
0.364458	-0.925731	0.100958
-0.10784	0.318493	0.941771
-0.684589	0.487847	0.541611
-0.208447	-0.961728	-0.177844
-0.800395	-0.45084	0.395108
0.53786	-0.817824	0.204623
0.357926	0.755382	0.548897
-0.0493212	-0.513226	-0.856835
0.0306154	0.586176	0.809605
-0.757496	-0.652093	0.0312028
0.320081	0.942776	-0.0933918
0.653917	-0.668564	-0.354139
0.61763	-0.423346	0.662806
0.885049	-0.131414	-0.446563
0.301081	0.822984	0.481713
0.170272	-0.787405	-0.592453
-0.349707	0.429858	-0.832422
0.244481	0.968785	0.0410359
-0.0207966	0.553913	0.832315
-0.246473	-0.85331	-0.459471
0.920756	0.285211	-0.266201
-0.105539	-0.952189	-0.2867
-0.783642	0.338674	0.520774
0.653301	-0.749305	0.10835
0.848461	-0.432172	0.305517
-0.157193	-0.986671	0.0420783
0.387859	0.907811	0.159513
-0.327603	-0.903522	-0.276269
0.0629486	0.0914428	-0.993819
0.0590727	0.71766	0.693883
0.00838735	0.978394	0.206581
0.45457	-0.71849	-0.526439
0.861152	0.480467	0.166041
-0.490131	0.848273	0.20051
0.209032	0.977713	-0.019573
-0.270925	0.180232	-0.945577
-0.579329	-0.447219	0.68145
0.586047	0.511197	0.628671
-0.709473	0.507088	0.489397
0.289372	-0.629567	-0.721047
-0.899902	0.215794	0.378958
0.627928	-0.778265	-0.0031596
0.475855	0.805228	0.353792
0.355808	-0.911642	-0.205691
-0.936867	0.325768	-0.127105
-0.679742	0.201445	0.705245
0.134081	0.990893	0.0124063
0.799328	-0.598472	-0.0539037
-0.303185	0.429553	-0.850625
0.698907	0.489173	0.521765
-0.190916	0.293704	0.936637
-0.361321	-0.930856	-0.0543586
0.615512	-0.776331	-0.135845
-0.902564	-0.354561	-0.244262
-0.317136	0.938919	0.133627
0.295884	-0.458516	-0.837983
-0.772863	0.34765	0.530869
0.274533	0.260696	-0.925564
-0.789524	0.386281	-0.476905
0.424324	-0.797676	0.428558
0.0785397	-0.126559	0.988845
-0.925238	-0.0327234	-0.377974
-0.381977	0.922839	0.0496113
0.9253	-0.356266	0.129976
0.702166	-0.65841	0.271033
0.806077	-0.466824	-0.363753
0.272567	0.424227	-0.863562
0.752804	-0.376091	-0.540223
-0.741155	0.638446	0.207548
0.835058	0.0172924	-0.549891
-0.112346	0.941421	0.317971
0.86359	-0.471423	-0.178811
-0.512032	0.085863	0.854664
0.853927	0.176268	0.48963
-0.192926	0.976607	0.0949629
-0.66144	-0.697642	-0.275303
-0.445277	-0.64136	0.624809
0.816218	-0.0367764	0.576573
0.108796	0.983724	-0.143003
0.0270298	-0.996548	-0.0784941
-0.861341	-0.43695	0.259165
0.494027	-0.676038	-0.546726
-0.767729	0.135613	0.62626
0.655232	-0.715833	-0.24136
0.244502	-0.859425	0.449008
-0.654374	-0.754847	-0.0447265
-0.435554	0.68493	0.584091
0.790065	-0.527801	0.311808
-0.23704	-0.971345	-0.0173589
0.563657	0.71559	-0.41258
0.678674	0.617766	0.397198
-0.271125	-0.732891	-0.623988
0.250173	-0.677129	-0.692033
-0.657192	-0.64618	0.388008
-0.571572	0.816015	0.0861719
0.873165	-0.368969	-0.318506
-0.159921	0.722217	0.672925
0.0821119	-0.108325	-0.990719
-0.215118	0.698627	0.682382
-0.682486	-0.697251	-0.219213
0.196774	0.796248	0.572074
-0.299396	0.461512	-0.835086
-0.354357	0.544169	-0.760468
0.582734	0.581707	0.567484
-0.605756	-0.692345	-0.39207
0.404779	0.528367	-0.746313
-0.862128	-0.132377	-0.489093
0.85671	-0.389676	0.337936
-0.647949	-0.705553	0.286981
0.288582	0.441502	0.849586
0.00890599	0.668051	-0.744062
0.239524	-0.837891	0.490476
0.605589	-0.794986	0.0354837
-0.987739	-0.0711394	-0.138965
-0.607938	0.743026	0.279864
-0.214717	-0.975413	-0.0496524
0.517821	0.724389	-0.455106
-0.943411	-0.318455	-0.0925316
-0.983702	0.12683	0.127454
0.716284	-0.6173	-0.325388
-0.126357	0.978972	0.160151
-0.147929	0.590402	0.793437
-0.246894	0.968187	0.0407122
-0.563542	-0.822635	-0.0754448
-0.136582	-0.813049	0.565947
0.904592	-0.128081	-0.406581
-0.270448	0.961683	0.0449945
0.0547522	-0.810233	0.583544
-0.526925	0.799958	-0.287084
0.107528	0.0204261	-0.993992
-0.612982	0.775322	0.152079
0.136997	-0.985228	-0.102751
-0.0734839	-0.967453	0.242145
0.00690973	-0.772441	0.635049
0.0475501	0.958351	0.281606
0.210704	-0.969171	-0.127712
-0.326144	-0.92681	-0.186155
0.76034	-0.62735	-0.168272
-0.0710393	0.856592	-0.511081
0.0292321	-0.958582	0.283311
0.487267	-0.700753	0.521071
-0.708243	0.0924153	-0.699894
-0.318362	0.585117	0.745845
0.499143	-0.541668	-0.676352
-0.378374	0.548174	-0.745881
-0.999722	-0.0233612	-0.0032552
0.140005	0.969598	0.200695
0.0195109	-0.984415	-0.174778
-0.925622	-0.266808	0.268396
0.0397381	0.997679	-0.0552999
0.128998	0.989054	0.0716359
0.145284	-0.956829	0.251738
0.216833	0.235957	0.947263
-0.081301	0.817396	0.57031
0.367698	0.677183	-0.637355
0.766483	-0.575994	0.284139
-0.820697	0.401222	0.406789
-0.411684	-0.734965	0.538834
-0.258298	0.82781	-0.498009
0.246032	-0.897158	-0.366845
0.773871	-0.558319	0.299003
0.346572	-0.345428	-0.872105
-0.499712	0.674953	0.542887
-0.216377	-0.844512	-0.489879
-0.178372	0.957925	0.224863
0.273647	0.595614	0.755223
-0.930236	0.362343	-0.058039
0.871065	-0.342272	-0.352271
0.401161	0.328886	-0.854929
-0.790741	0.0323368	0.611297
0.48116	0.869432	0.112129
0.283042	-0.654841	-0.700764
-0.737004	0.369227	-0.566124
-0.36685	-0.694647	0.618779
-0.373981	0.898458	-0.230024
-0.711167	-0.702898	-0.0133008
-0.636321	0.769939	-0.0478459
-0.839927	0.0347566	0.541585
0.309728	0.503938	0.806297
-0.0667316	-0.955848	0.286183
-0.14733	-0.59656	-0.78893
0.425544	0.867063	-0.259064
0.337353	0.581855	0.740025
0.553974	-0.707589	-0.438669
0.0615277	0.943141	-0.326648
0.926563	0.353559	0.128365
0.695964	0.687275	0.208055
-0.310154	-0.902551	-0.298675
0.927259	0.0904773	-0.363325
-0.943765	-0.30959	-0.116022
-0.958835	0.0109875	0.283752
0.49824	-0.410013	-0.763967
0.410672	0.885682	0.2166
-0.336743	0.710509	0.617884
0.144509	0.988819	0.0367927
-0.183336	-0.977419	0.105067
0.290495	-0.950887	-0.106899
0.736921	-0.452695	0.502012
-0.931211	0.267089	0.248011
0.875023	-0.341261	-0.343329
0.129729	0.845511	-0.51796
-0.470923	-0.792825	0.386859
0.445565	0.892491	0.0702268
-0.73328	-0.566112	-0.376588
-0.22178	-0.813667	-0.537364
-0.778791	-0.526773	0.34058
-0.541377	0.782659	0.307173
0.53328	-0.378739	-0.756419
-0.250513	0.355741	-0.900384
0.372892	0.687968	0.622617
-0.424455	0.84871	0.315483
0.0666734	-0.986563	-0.149158
0.639384	0.598954	0.482123
-0.514786	0.802439	-0.301805
-0.869365	0.458471	0.184418
0.208758	-0.886737	-0.412453
0.0723678	0.970689	0.229185
-0.565975	-0.561811	0.603358
0.492183	0.861086	0.127621
0.541374	-0.623617	-0.563929
-0.841396	0.512227	-0.172268
0.459952	0.0456695	-0.886769
-0.11804	0.856131	0.503097
0.746737	-0.355408	-0.562201
-0.839158	0.401627	-0.366755
-0.0104899	-0.319451	-0.947545
0.419217	0.651952	0.631836
0.585554	-0.707182	-0.396258
-0.885248	0.407365	0.224478
0.905678	0.35423	0.232956
0.0961032	0.989908	0.104144
-0.730152	-0.572913	-0.372355
0.407649	-0.835777	0.36783
0.559698	-0.791508	0.245466
-0.760209	0.279201	-0.586624
0.627167	-0.528466	-0.572176
-0.0393562	-0.0905252	0.995116
0.0363122	0.782296	0.621847
-0.68206	0.68546	-0.254832
0.102681	-0.993667	-0.0456251
-0.16501	-0.624631	0.763288
0.574683	-0.638349	-0.512103
0.159755	0.816802	0.554359
0.540928	0.520389	-0.660751
-0.942307	0.221964	0.25058
0.614816	-0.392386	-0.684131
-0.830055	0.557628	-0.00770849
0.326346	-0.827861	0.456228
0.0854305	-0.984262	0.154695
-0.492494	0.504535	-0.70915
-0.692421	-0.0144845	0.721349
-0.457449	-0.427082	-0.779963
0.827263	-0.52697	0.19478
-0.374872	-0.512574	0.772489
-0.6135	-0.499199	0.611898
0.11855	-0.825458	-0.551874
0.0297692	-0.461681	0.886546
-0.592366	0.699648	-0.399495
-0.985805	0.0856912	-0.144381
0.967724	-0.248358	-0.0427688
0.46853	0.336021	-0.817049
-0.478381	-0.00116598	0.878152
0.0165897	0.89243	0.45088
0.890864	-0.299775	-0.341316
-0.346353	-0.397647	-0.849657
-0.807024	0.172089	0.564888
-0.0059017	0.707977	0.706211
0.339293	-0.517415	-0.785596
-0.845984	0.263851	-0.463351
0.290712	-0.11126	0.95032
-0.160392	0.986328	-0.0378434
-0.601135	-0.767328	-0.223257
0.487568	0.838086	-0.244722
-0.442859	-0.163583	0.881542
0.0714725	0.969716	-0.233542
-0.297386	-0.927879	-0.224948
0.45295	-0.846039	-0.281167
0.350467	0.935349	-0.0479097
0.0416154	0.986541	0.158132
0.250594	-0.694573	-0.674367
-0.603863	-0.631861	-0.485902
0.607746	-0.359543	-0.708078
0.506021	0.840155	0.19515
0.263508	-0.597739	-0.757147
0.332676	0.932582	-0.140064
0.427108	-0.266122	-0.864152
-0.151454	0.885043	-0.440182
0.0754288	-0.770212	0.633312
0.831419	-0.332704	0.445029
-0.125988	-0.945322	-0.300822
0.0883924	0.807521	0.583178
-0.247287	-0.677956	-0.69226
-0.911309	0.410755	-0.0282053
-0.947637	0.297347	0.116487
-0.615822	0.768633	-0.173107
0.33042	-0.943822	-0.00477136
0.622639	-0.711235	0.32629
0.456136	0.683266	0.570165
-0.00896315	0.368482	0.929592
0.369544	-0.343605	-0.86335
0.807547	0.442588	-0.389851
-0.0789445	-0.995529	0.0518581
0.0406297	0.820597	0.570061
0.436274	-0.422767	-0.794313
0.257341	-0.893032	-0.369148
-0.110801	0.617485	0.778739
-0.886004	0.45336	0.0972751
0.494463	-0.730506	-0.471028
0.556975	-0.00400682	-0.830519
0.862548	-0.216042	-0.457533
0.287491	0.945371	-0.153694
0.730655	-0.643204	-0.228981
0.587943	0.680146	-0.437863
0.330833	0.0128847	-0.943601
0.0895117	0.89405	0.438933
0.34438	-0.376125	-0.860193
-0.352241	-0.93577	-0.0161298
-0.563164	0.819514	-0.106028
-0.811311	0.548271	-0.202911
-0.620167	-0.570621	-0.538316
0.898509	0.390243	-0.200979
0.656334	-0.0742902	-0.750804
-0.0246962	0.909182	-0.415665
0.0896405	-0.238466	-0.967005
-0.914423	0.0552759	-0.400968
0.847033	0.531526	0.00387035
-0.469932	0.8246	0.31496
0.475644	-0.802139	-0.36102
0.770377	0.619634	0.150242
-0.147228	0.257077	0.95511
-0.599567	0.678716	-0.424103
-0.0644114	-0.850874	-0.521406
0.0937063	0.347228	-0.933087
0.384094	0.528621	0.756988
-0.0227298	0.998257	-0.0544613
0.0449039	-0.966057	0.254395
0.693196	0.678263	0.243802
-0.81515	0.0926072	0.571799
-0.196389	0.953642	-0.228033
0.0959907	-0.995048	0.0257898
-0.343559	-0.665642	0.662485
0.892008	0.441716	-0.0959592
-0.0451529	0.641081	0.766144
0.0294208	-0.841119	-0.54005
-0.622541	0.770936	0.134536
0.131569	-0.713785	-0.687895
0.350353	0.460958	-0.815335
-0.790206	-0.284659	0.542719
0.819421	0.357094	0.448367
-0.945449	-0.0265818	-0.324685
0.425494	0.883007	-0.198123
0.0175079	-0.991209	0.131142
-0.146342	0.560058	-0.815425
0.57331	-0.335321	-0.747579
0.360214	0.200433	0.911083
0.394768	-0.897991	-0.194347
0.537218	0.341405	-0.771258
0.477415	-0.724708	-0.496863
0.260974	0.883776	0.388372
0.14092	-0.429221	-0.892138
-0.771454	-0.635606	-0.0293886
0.395624	-0.00159308	-0.918411
0.5931	0.312341	-0.742075
-0.724734	-0.686564	0.0582301
0.743755	0.483071	0.46203
-0.759389	0.194856	-0.620773
-0.0480249	0.957689	0.283771
0.53343	0.499875	-0.682332
-0.0667599	0.664433	-0.74436
0.824833	0.213861	0.523368
-0.618817	0.316733	0.71885
-0.673648	0.329792	-0.661389
0.549591	-0.810834	0.201241
0.21829	0.825615	0.520297
-0.517952	0.325953	-0.790873
0.641001	-0.596797	-0.48265
-0.923129	-0.340682	0.178238
-0.858201	0.174627	-0.482697
-0.678777	0.73391	-0.0252568
-0.171772	-0.718888	0.673568
-0.0575488	-0.696949	0.714807
-0.768827	0.354505	0.532195
0.0494865	0.903029	0.42672
-0.267609	-0.924379	0.271864
0.801644	-0.54267	0.250751
0.470241	-0.867188	0.163888
-0.215276	0.826199	0.520626
-0.773506	-0.183055	-0.606779
0.159644	-0.656475	0.737261
-0.378072	-0.373667	0.847015
-0.540931	0.538393	0.646163
0.90774	-0.278599	-0.313674
-0.863648	0.291842	0.411024
0.349961	0.231533	0.9077
0.167091	0.9221	-0.349017
0.784808	-0.541084	0.302165
0.440656	0.854104	0.276276
0.70784	0.240119	0.664309
-0.553463	0.518455	0.65183
0.61696	-0.78094	0.0974335
0.175062	0.139146	0.974675
-0.894324	0.370788	-0.250401
-0.063991	0.895072	0.441307
0.811398	-0.584461	0.00618297
0.969719	-0.214172	0.117365
-0.304833	0.83758	-0.453361
-0.0231538	0.626473	0.779099
0.640633	-0.370527	-0.672532
-0.265706	0.0922187	0.959633
0.232771	0.970169	0.0677424
-0.386319	0.6359	-0.668124
0.120357	-0.802138	0.584884
0.425053	-0.39911	0.812429
-0.780788	-0.236693	0.578228
-0.631154	0.252577	0.733382
0.374903	-0.629123	-0.68092
0.0185548	-0.742818	0.669237
0.537645	0.272545	0.797908
-0.0784024	0.987403	-0.137437
-0.11061	-0.478471	-0.871109
-0.771465	-0.422276	0.475947
0.879341	0.362033	-0.309339
0.466159	-0.0984907	0.879202
-0.238198	-0.00400709	-0.971208
0.515256	0.841171	0.164144
-0.55264	0.760641	-0.340608
0.172105	0.96688	-0.188473
0.281699	-0.90628	-0.315123
0.922449	-0.251551	-0.292935
0.28373	-0.764397	0.57896
-0.801845	0.122742	0.58479
0.505227	-0.783782	0.361153
0.656961	-0.424248	0.62323
0.28696	0.908131	0.304881
-0.792783	0.605756	-0.0674872
0.991375	-0.115965	0.06106
-0.824364	-0.518287	-0.227602
-0.5708	-0.225805	0.78943
0.041603	0.927985	0.370287
-0.117041	-0.498391	-0.859015
-0.130672	0.211537	-0.968595
0.288343	0.948566	-0.130693
0.211663	0.954959	0.207971
-0.516458	-0.854232	-0.0596587
0.476357	0.267745	-0.837494
0.271977	0.933543	-0.233509
0.577523	0.814412	-0.056564
-0.68383	-0.703428	-0.19382
0.974794	0.113475	0.192094
-0.227441	-0.100798	-0.968561
0.307773	0.947111	0.09087
0.517779	-0.800821	-0.300981
0.956184	-0.272339	-0.107441
-0.356209	0.0272762	-0.934008
-0.139067	0.702359	0.698106
0.0705615	-0.928862	-0.363643
-0.159137	-0.918444	-0.362127
0.191408	-0.897829	0.396568
0.571025	0.366259	-0.734701
-0.416267	-0.908032	-0.0469054
-0.114905	0.900214	-0.420015
-0.581054	-0.0163318	0.813701
-0.243213	0.914746	0.322627
-0.368763	-0.784922	-0.497907
0.626727	0.734256	0.260923
0.975357	0.145453	-0.165896
0.991166	0.0907422	-0.0967245
-0.614865	-0.36255	0.700356
-0.592751	-0.441848	-0.673362
-0.204744	-0.977632	-0.0481154
0.40203	0.889684	0.216411
-0.46193	-0.87141	0.165121
0.577242	-0.786366	0.220046
-0.269579	0.178969	-0.946201
-0.857697	0.468438	0.211949
-0.467716	-0.877817	-0.103341
0.736091	0.142205	-0.661776
-0.544708	-0.199035	-0.814664
-0.587762	0.543506	0.599281
0.128628	-0.983302	0.128731
0.715594	0.679075	0.163656
0.436451	-0.814108	0.383066
0.25757	0.961473	0.0960639
0.277722	-0.842911	-0.460838
0.0869907	0.995627	0.0340543
-0.285089	0.139566	-0.948286
0.394244	0.915391	-0.0814277
-0.625392	-0.732672	0.268472
-0.0444211	-0.811481	0.582688
0.357967	-0.742101	0.566698
-0.48986	0.740855	-0.459534
-0.229954	-0.735878	-0.636871
0.0242684	-0.97189	0.234182
-0.623231	-0.254961	-0.739309
-0.731836	0.498205	0.464982
-0.160275	-0.879269	0.44855
0.520939	0.10378	-0.847262
0.291527	0.885179	0.362589
0.742019	0.636281	-0.211079
0.227926	-0.971699	0.0620556
0.779751	0.550881	0.297521
0.936733	-0.280932	0.208825
-0.593739	0.534608	-0.601389
0.0298698	-0.837628	0.545424
0.252251	0.844901	-0.471711
-0.692143	0.509854	-0.510868
-0.799784	-0.0734091	0.595782
0.48475	-0.855524	-0.181924
0.501194	0.361178	0.786355
-0.597516	-0.681764	0.422104
-0.403717	0.888946	0.216305
0.976484	-0.182941	0.114065
-0.266619	0.867183	-0.420603
-0.615775	0.301485	-0.727962
-0.58351	0.80756	0.0858067
-0.231164	-0.812564	0.535073
-0.975536	0.00291461	0.219821
-0.605784	0.201238	-0.769759
-0.238619	0.948698	0.207444
-0.0799676	-0.984202	-0.157961
0.14518	0.631888	-0.761342
0.282775	-0.734319	0.617102
0.7114	0.521177	0.471471
0.640062	-0.763633	0.0847696
0.012674	-0.153232	-0.988109
-0.892185	-0.446895	-0.065503
-0.386575	-0.704007	0.595763
0.587915	-0.371551	-0.718544
0.653316	0.0397454	-0.756041
0.124394	0.0201579	-0.992028
-0.140319	0.818847	0.556597
0.305056	-0.920077	-0.245763
-0.20313	0.849069	-0.487668
0.151382	0.410096	-0.899391
-0.607269	0.789347	-0.0903089
0.227258	-0.944669	-0.236547
0.673822	0.549336	0.494159
-0.562053	0.434597	-0.70372
-0.188887	0.937371	-0.292673
0.485085	-0.78742	-0.380344
-0.920752	0.389865	-0.0148361
0.0667718	-0.167516	0.983606
-0.922095	0.339728	-0.185271
0.757206	-0.635987	0.148861
-0.743309	-0.364997	0.560598
-0.894875	0.365756	0.255774
-0.8646	0.488123	-0.119172
0.659182	0.564751	-0.496522
0.443513	0.317951	0.837976
-0.425656	0.38012	0.821173
0.30374	0.458664	0.835086
-0.296025	-0.697256	-0.652843
-0.649291	0.758528	0.0552805
-0.126229	-0.915055	-0.383068
-0.262236	0.964888	-0.0149373
-0.84649	-0.485609	-0.218261
-0.13465	-0.400641	-0.906287
-0.595454	-0.0998961	-0.797154
-0.935759	-0.352592	-0.00574558
0.840918	-0.541078	-0.00962534
-0.379986	-0.696971	0.608147
-0.373699	0.638667	-0.672647
-0.954142	0.0129043	-0.299077
0.939579	-0.270084	0.210348
-0.857513	-0.0118445	0.514326
-0.0267874	0.322084	-0.946332
0.271307	0.697817	0.662906
-0.506949	-0.649677	0.5665
-0.839676	-0.396331	0.371304
-0.149437	0.597966	-0.787468
0.168954	0.791164	-0.587804
-0.520779	-0.699324	0.489628
0.621453	0.772523	-0.130404
-0.33513	0.659763	-0.672607
-0.624168	0.687904	-0.370408
0.261175	-0.798447	0.542467
0.108113	-0.976901	-0.184325
-0.859374	-0.488973	-0.149606
0.29986	0.921391	-0.247229
0.066752	-0.941829	0.329397
0.436957	-0.89274	-0.109924
0.138942	-0.978997	-0.149199
0.941176	0.322039	-0.102367
-0.89172	-0.445917	0.0774164
-0.898751	-0.176519	0.401358
0.431881	0.685538	-0.586103
0.853291	0.516693	0.0701629
0.426182	-0.886902	0.178253
0.897129	-0.421305	-0.132898
0.166784	-0.335473	-0.927168
0.64981	0.572097	-0.500452
0.0962725	-0.968955	0.227725
-0.584449	0.686402	-0.43275
0.0856656	-0.279705	-0.956257
0.474502	0.729323	0.492884
-0.165645	-0.918204	-0.35981
0.597252	0.370676	0.711259
-0.34116	0.938862	0.046339
-0.207691	0.837641	-0.505194
-0.820964	-0.15561	-0.549367
0.429769	-0.885591	0.176145
-0.198667	-0.849082	0.489481
-0.306309	0.949436	0.0688969
0.44714	-0.569814	-0.689476
-0.401488	0.834508	0.377365
-0.27109	-0.450147	-0.85081
0.0791173	0.361804	0.928891
-0.310091	-0.801886	-0.510707
0.688428	0.656092	-0.309207
0.00796344	-0.0848118	0.996365
-0.99557	0.089362	0.0292308
0.0348085	-0.190975	-0.980978
-0.803136	0.343144	-0.487057
-0.548921	-0.777209	0.307622
-0.598733	0.716252	0.358473
0.527694	-0.735076	-0.425679
-0.260398	0.443205	0.857765
-0.853274	-0.162539	0.495485
-0.531616	0.608865	0.588785
0.0998993	-0.978049	-0.182867
0.591237	0.703547	0.394285
0.464056	0.457914	-0.758265
-0.723935	0.616075	0.310435
0.714572	0.639928	-0.282628
-0.892624	0.0658986	-0.44596
-0.107395	0.833476	-0.542018
0.57789	0.778653	0.244423
-0.0258545	-0.908851	0.41632
-0.689262	0.317645	-0.651168
0.78854	0.179138	0.588314
0.0433037	0.854525	0.517602
-0.192623	-0.687107	-0.700557
-0.192119	0.941208	0.277881
-0.278848	-0.380266	0.88184
-0.646982	0.359519	0.672429
0.399587	-0.866508	-0.299157
0.187134	0.980537	-0.059402
0.399315	-0.636475	-0.659884
0.307811	0.913531	0.265921
-0.0556727	-0.495979	-0.866548
0.00599665	-0.000922998	0.999982
-0.828929	-0.12977	0.544092
0.2902	0.956736	-0.0209639
-0.804175	-0.593897	-0.0242615
-0.0777535	-0.88368	-0.461589
-0.924118	-0.155254	0.349146
0.573409	0.227144	0.787152
0.15796	-0.322558	-0.933276
0.118964	-0.00873717	0.99286
-0.502044	0.510889	0.697814
-0.174283	0.973095	0.1507
0.0116995	-0.898301	-0.439226
-0.672786	-0.295913	-0.678082
0.811257	-0.264908	-0.521235
0.738469	0.66779	0.0933838
-0.226656	-0.673705	-0.703384
0.863731	0.102429	0.493434
0.315045	-0.274508	-0.908511
-0.903331	0.369393	-0.21804
-0.458176	-0.885543	-0.0767344
-0.289797	0.584462	0.757906
0.789286	-0.267723	-0.552586
-0.437813	0.849847	0.293393
0.558164	-0.798061	-0.227049
-0.0232283	0.75112	-0.659757
-0.157154	-0.956287	0.246611
-0.66522	0.74525	-0.045663
0.00929822	-0.950899	-0.30936
-0.388219	0.919294	0.0646856
0.793189	-0.167756	-0.585413
-0.228053	0.832794	0.504426
-0.924547	-0.372972	0.0781283
-0.572793	0.545144	0.612148
-0.3402	-0.854573	-0.392388
-0.278359	0.654719	0.702751
-0.157804	-0.912746	0.376819
-0.0493325	-0.797947	0.600705
-0.616472	0.580837	0.531593
-0.349405	0.106203	0.930933
0.736834	-0.626954	0.25299
-0.844115	-0.379818	0.37843
-0.755986	-0.379769	-0.533162
0.461894	0.883695	0.0757472
-0.187405	-0.948242	-0.256353
-0.131595	0.970023	-0.204301
0.967469	-0.0591399	-0.245978
0.352697	0.934292	0.052
0.0435852	-0.785764	-0.616989
0.20236	-0.798211	0.567371
-0.312017	-0.94266	0.118481
0.650028	0.692727	-0.312401
-0.889361	-0.321655	-0.324924
0.874588	0.0696524	-0.479837
0.775104	-0.436072	0.457225
0.391903	0.918611	-0.050643
-0.0642893	-0.495052	-0.866482
0.011687	-0.92757	-0.373468
-0.18374	0.634596	-0.750685
0.219394	0.862227	-0.456542
0.374635	-0.675929	-0.634641
0.963808	-0.189217	-0.187807
-0.613724	0.789343	0.0167188
-0.343632	0.757417	0.555191
-0.103914	-0.817912	-0.565881
-0.995806	0.0644004	0.0649817
0.0189457	-0.0354541	-0.999192
-0.215681	0.969871	-0.113276
0.0318672	-0.498753	0.866158
0.455915	0.665362	-0.591131
0.189806	-0.899886	-0.392656
-0.41086	0.712624	-0.568648
-0.987406	-0.156733	-0.021565
0.0109952	-0.984783	-0.173442
-0.934914	0.192923	-0.297854
0.231622	0.84937	-0.47426
-0.472101	-0.852839	-0.223127
0.0750838	0.44306	0.893342
0.457242	-0.0401022	-0.888438
-0.248556	0.92499	-0.287425
-0.451371	-0.892238	-0.0132324
-0.928666	-0.230645	0.290485
-0.394328	0.84847	0.352993
0.173517	0.841378	0.511834
0.353573	-0.780348	-0.515793
0.748045	0.448536	-0.489125
0.852948	-0.517122	-0.0711709
0.28342	0.957405	-0.0552121
-0.0872585	-0.692011	-0.716594
0.749536	0.279198	-0.600203
0.243451	0.291406	0.925102
-0.401483	0.910756	-0.0966178
-0.312103	-0.927154	0.207309
0.255855	0.290113	0.922157
0.831656	0.157738	0.532417
-0.402111	0.747626	0.528547
0.540596	-0.562218	-0.625833
0.364707	-0.111277	-0.924449
0.099101	-0.361114	0.927241
0.465759	0.726036	-0.505905
-0.11149	-0.976878	0.182425
-0.50372	0.853922	-0.130699
-0.931802	-0.350234	0.0952971
0.588878	0.402659	-0.700777
0.223014	-0.777278	0.588305
0.243395	-0.353029	0.903399
-0.619556	-0.680956	0.390447
-0.205785	0.97586	0.0731387
-0.345958	-0.919328	0.18748
-0.738514	-0.497389	0.455194
-0.498043	0.655297	0.567925
-0.385899	0.921867	0.0352618
-0.308923	-0.809723	-0.498914
-0.00083526	0.999256	0.0385548
0.455943	-0.51892	0.723075
0.254785	0.789365	-0.558559
0.464593	-0.884453	-0.0435473
0.811398	-0.110043	-0.574041
-0.0407431	-0.976796	-0.210259
-0.128097	0.626282	0.769001
0.439052	-0.740719	0.508496
0.637231	-0.298994	-0.71031
0.455492	-0.849263	0.266982
0.312382	0.869043	0.383642
-0.418225	-0.606865	-0.675872
0.522995	0.705066	-0.478912
0.904016	-0.023516	0.42685
-0.510104	0.855497	-0.088994
0.180581	-0.981714	-0.0602327
0.636133	0.768195	0.0721884
-0.856949	-0.174734	0.484878
-0.0663907	0.971287	0.22846
-0.147209	-0.981089	0.125677
-0.654326	-0.113558	-0.747638
-0.399553	-0.0345125	-0.91606
-0.15174	0.837218	-0.525395
0.758187	-0.629363	0.170455
-0.331894	-0.0911088	0.938906
-0.315604	0.923389	0.21851
-0.681014	0.727362	-0.0846429
0.136869	-0.760639	0.634583
-0.159188	0.982391	0.0978082
0.448897	0.822913	0.34829
0.0606165	0.995371	0.0745863
0.224345	-0.556627	-0.799897
0.439266	0.674152	-0.593771
-0.957284	0.231855	0.172772
-0.711528	0.23344	0.662747
-0.00203731	0.00675463	0.999975
-0.527294	0.147781	0.836733
0.961549	0.274295	0.0136034
-0.647474	0.7553	-0.101483
0.928123	-0.170801	0.330779
0.511486	0.859096	-0.0183409
0.274241	-0.136655	-0.951902
-0.122991	0.779162	0.614637
-0.0304916	-0.886833	-0.461082
0.693131	-0.720808	-0.00231348
-0.353781	-0.721277	-0.595482
-0.757963	0.631009	-0.16529
0.606616	-0.222339	-0.763271
0.0976391	-0.994963	0.0227195
-0.278863	-0.423125	-0.862091
0.0392408	0.91882	-0.392722
0.537178	-0.838831	0.0883282
0.263549	-0.63378	0.727231
0.803624	-0.567237	-0.180086
-0.782308	0.0509496	-0.620805
-0.101165	-0.720089	0.686467
0.348685	0.903784	0.248179
0.223473	-0.715956	0.661413
-0.492941	0.827835	0.267766
0.612055	-0.606599	-0.507371
-0.136471	0.600006	0.788269
0.672082	-0.492498	-0.552949
-0.309535	0.852266	0.4217
0.668395	-0.742842	0.0378637
0.130173	-0.5656	0.814341
0.601383	0.0202666	0.798704
-0.470481	0.877652	0.0915152
0.117478	-0.622097	0.774076
-0.755557	-0.149221	-0.637861
-0.334795	0.309844	0.889893
-0.976519	-0.164312	-0.139326
-0.394503	-0.913679	0.0977674
-0.778163	-0.525562	0.343871
-0.0983743	-0.981914	-0.161766
-0.900063	0.426462	0.0895321
0.337577	-0.320755	-0.884962
0.510071	-0.754102	-0.413712
-0.957817	-0.13237	-0.255078
-0.892462	0.252138	-0.374082
0.277971	-0.882414	-0.379575
0.769337	-0.413956	-0.486581
0.204397	0.260267	-0.943654
-0.312303	0.949305	0.0358569
0.660688	-0.293159	0.69105
-0.937624	0.342351	0.0604677
0.847247	-0.0756641	0.525782
-0.450935	0.850554	-0.270583
0.416148	-0.734074	0.536616
0.121021	-0.901605	0.415285
-0.488408	0.0281802	0.87216
-0.607618	0.646181	0.461791
0.481632	-0.605988	0.633095
0.0283385	0.443038	-0.896055
0.433719	-0.1632	0.886145
-0.24703	0.957229	0.150627
0.102381	-0.991683	0.0779974
-0.900409	-0.399129	0.173092
0.563933	-0.273242	0.779307
0.0249929	0.979697	0.19892
0.333284	-0.841725	-0.424761
-0.871103	-0.170455	0.460569
0.432942	0.89758	0.0831375
-0.643036	0.693683	-0.324512
-0.0195936	-0.991462	-0.128915
0.817128	-0.574157	-0.0514342
-0.537873	0.249526	0.805252
-0.272807	0.956985	-0.0987722
-0.0465876	-0.870693	0.489615
-0.591413	0.391523	-0.70494
0.829645	0.29504	-0.473963
-0.591642	0.713024	0.37624
0.0628233	-0.996237	0.0597116
-0.361602	0.916678	0.170134
-0.111989	0.661672	-0.741383
-0.378962	0.907017	0.183595
-0.60903	-0.791219	0.0552768
0.530094	0.80088	-0.278552
0.446803	-0.879882	0.161783
-0.577845	0.565174	-0.58879
0.613383	-0.757097	-0.224867
-0.875548	0.38729	-0.28883
0.865696	0.42397	-0.266122
-0.456475	0.881658	0.119623
0.865898	-0.418709	0.273685
0.875134	-0.483868	0.00354628
0.849536	0.294968	-0.437359
-0.466999	0.828815	-0.308184
0.940217	-0.327193	0.0945327
-0.925135	-0.0167137	0.37927
-0.636859	-0.00162603	-0.770979
0.000725246	0.645362	0.763877
-0.939053	-0.289258	0.185765
0.579627	0.15184	-0.80061
-0.997768	-0.0593558	0.0305853
-0.751522	0.518217	0.408247
0.633341	-0.611581	-0.474182
-0.770335	0.414276	0.484726
-0.546693	0.817124	0.182856
-0.526361	0.569368	-0.631478
0.65494	-0.755076	0.0302216
0.00844649	0.898778	-0.438323
-0.0416172	-0.815792	0.576846
-0.637956	0.767703	-0.0603626
0.448642	-0.769438	0.454627
0.826261	-0.56002	0.0605908
0.562131	-0.484948	-0.669951
-0.1118	0.933608	0.340408
0.385812	-0.611626	-0.690697
-0.455959	0.84484	0.279904
-0.217401	-0.194314	0.956545
-0.661916	0.665944	-0.344073
-0.425363	-0.870043	-0.249184
-0.926035	0.376513	0.026405
0.303461	0.659844	0.687399
-0.510721	0.824553	0.243468
0.132539	-0.695243	-0.706449
-0.899994	0.34445	0.267144
0.239056	0.952728	-0.187517
-0.491364	0.663061	-0.564722
-0.0787406	-0.986779	-0.141661
-0.339324	-0.568281	-0.74961
0.423918	0.860511	-0.282515
-0.589723	0.566834	0.575262
0.932011	-0.0496643	-0.359011
0.864476	0.394597	0.311406
-0.985532	0.133961	-0.103833
-0.373273	0.822744	0.428672
-0.153506	-0.94576	0.286312
-0.130169	0.814846	0.564874
-0.178839	0.695344	-0.69607
-0.289983	0.921651	-0.257818
0.121121	-0.93987	-0.319333
-0.45269	0.244032	0.857625
-0.0217385	-0.907912	-0.418596
-0.118398	0.990779	0.065868
0.0588091	-0.988605	0.138568
0.143424	-0.314525	0.938352
-0.0993647	-0.619766	0.778471
-0.0693914	0.933334	-0.352239
0.395783	-0.616284	-0.680845
0.633399	0.101686	0.767115
0.757195	-0.371188	0.537471
-0.145225	0.975844	-0.163215
-0.381214	-0.807959	-0.449309
0.745041	-0.502063	0.439143
-0.51281	0.534984	0.671429
-0.623707	0.764462	-0.163059
0.268618	-0.963247	0.000374358
0.297461	0.0541272	-0.953198
-0.887697	-0.33446	0.316433
0.27444	0.208424	0.938745
-0.418974	-0.907814	-0.0182767
-0.748329	-0.0378594	0.662247
0.512977	-0.14988	-0.845216
-0.149336	0.985116	-0.0851184
0.0274538	-0.912908	-0.407242
-0.777058	0.293273	-0.556931
-0.0456682	-0.459812	0.886841
0.429423	0.754802	0.495853
-0.17771	-0.858806	0.48049
0.934796	0.31803	0.158158
0.198303	-0.462115	-0.864364
-0.374536	0.646759	0.664399
0.23695	-0.908339	-0.344637
0.165011	0.23646	-0.957527
0.72505	-0.686799	-0.0510875
-0.432902	0.895826	-0.100455
0.35278	-0.924563	-0.143977
-0.480668	-0.80935	0.337506
-0.673923	0.208487	0.708775
-0.56443	0.817389	-0.115299
-0.109805	-0.730038	0.674528
-0.962588	-0.0778415	0.259548
-0.479383	0.457926	0.748662
0.952617	0.304172	-0.000413108
0.810856	-0.51222	0.283096
-0.828393	0.374399	0.416641
0.236465	-0.539326	-0.808215
0.675085	0.701997	-0.226849
0.0711321	-0.992223	-0.102143
0.89245	-0.449157	0.042316
0.950526	-0.204329	0.233987
0.411376	0.843729	0.344805
-0.840823	-0.540613	0.0274637
0.836458	-0.529451	0.141488
0.0996385	-0.82147	0.561479
-0.0156468	0.965842	-0.258659
0.555137	-0.806075	0.2051
-0.932443	-0.360044	0.0303056
-0.499108	-0.277804	-0.820802
0.749813	0.0982957	0.654307
-0.128966	-0.98504	0.114301
-0.851231	-0.125939	0.509456
-0.459716	-0.883786	-0.0870813
0.831216	0.547821	0.0947178
-0.23996	-0.930674	-0.27616
0.94324	0.119391	-0.309909
-0.202793	-0.747533	-0.63251
0.282274	0.904278	0.320317
0.320015	-0.875482	-0.362107
0.343355	0.364181	0.865725
0.629165	0.678533	0.379135
0.383679	0.754521	0.532436
0.574254	-0.734359	-0.361869
-0.945029	-0.0721744	-0.318921
-0.323219	-0.827731	-0.458684
0.44929	0.889762	-0.0803914
0.896723	-0.288084	-0.336
-0.900785	0.426912	-0.0795779
0.0315266	0.822771	0.567498
-0.18298	0.978874	-0.0912316
0.867216	-0.497927	0.00232033
0.800372	0.590653	0.102632
-0.299793	0.125586	0.945702
-0.193152	0.977191	-0.0882651
0.264364	-0.964157	0.0226252
0.293406	0.511909	0.80738
0.704446	0.558233	-0.438327
-0.215612	0.930642	-0.295665
0.933598	-0.128435	0.334513
0.733786	-0.620078	-0.277599
-0.376552	-0.079231	0.923001
-0.262267	0.888939	0.375504
0.146105	-0.754445	-0.639896
-0.252573	-0.140339	0.957346
-0.798332	0.391592	0.457517
0.0899077	0.995859	-0.0134385
0.314336	-0.924353	0.216251
-0.354108	-0.779779	0.516286
0.803461	0.592559	0.0576518
0.418477	0.889668	-0.18267
0.547501	-0.789345	0.277806
-0.4638	-0.885902	0.0081791
0.955662	-0.294402	-0.00619257
-0.635493	0.758237	-0.14569
0.593974	-0.590876	-0.545949
0.163713	0.50135	0.849615
-0.273835	0.710506	0.648225
0.383674	0.922212	-0.0481704
0.605547	-0.785402	-0.128285
0.0192408	-0.656724	-0.753886
0.796754	-0.215843	-0.564443
-0.67704	0.703576	-0.215862
0.456076	-0.847238	0.272366
-0.900362	-0.290049	-0.324375
0.834918	-0.100004	-0.541213
-0.806084	0.439763	-0.396026
0.353255	-0.849374	0.392142
-0.739914	-0.66732	0.0849189
-0.861265	-0.139973	-0.488499
0.294161	0.794659	0.531025
-0.138522	-0.764109	-0.630038
-0.674912	0.39223	-0.625019
0.216127	-0.0710881	0.973774
-0.0426428	0.973565	0.224392
-0.770451	-0.554	-0.315418
-0.236735	0.944456	0.227947
0.369725	0.897866	-0.239038
-0.91261	0.406629	0.0423748
0.709031	-0.70258	-0.0604618
0.236778	-0.870402	0.431666
0.441431	0.70294	-0.557686
-0.484126	0.868313	-0.107956
0.415354	-0.486932	0.768361
-0.739981	0.567932	-0.36039
0.518867	-0.205736	0.829729
0.764799	0.573095	0.294356
-0.121617	-0.968206	0.218602
-0.238567	-0.778877	-0.580031
0.714447	-0.663034	0.223499
-0.0562499	0.880903	0.469942
0.182055	-0.924373	0.335248
-0.523141	0.85103	-0.0455155
0.890984	0.273892	0.362119
-0.389493	0.792041	0.47007
0.0674284	-0.83718	-0.542755
0.292007	0.952265	0.089009
0.596711	-0.674248	-0.435116
0.110407	0.971449	0.209991
0.620276	-0.292838	0.727669
0.305546	-0.609457	0.731577
0.860128	-0.0896305	-0.502142
0.456381	0.477013	0.751116
0.304243	-0.952065	0.0317399
0.669643	0.740921	-0.0511305
0.0825744	-0.907437	0.411994
0.152068	0.816813	0.5565
0.262619	-0.920267	0.290068
-0.307917	-0.679882	0.665543
-0.149217	0.121083	-0.981363
-0.794752	0.502854	0.339864
0.442904	-0.834846	-0.326908
-0.385026	0.304674	-0.871166
-0.455336	-0.676072	-0.579306
0.167811	0.801826	0.573511
0.0656225	-0.96932	-0.236881
0.354197	-0.621419	0.698843
-0.158758	0.986964	-0.0264045
-0.64655	0.758798	0.0787301
0.0676905	-0.758412	-0.648251
-0.0510791	-0.998462	0.0215517
0.233323	0.255261	0.938297
-0.229796	0.886258	-0.402169
0.860925	0.280033	-0.424723
0.0267831	0.704947	-0.708754
-0.202228	-0.243525	0.948578
-0.796243	0.568763	0.20617
0.702315	-0.677056	-0.219883
0.874559	0.389203	-0.289254
-0.465129	0.157084	0.871194
0.511966	0.574097	0.638986
0.835082	-0.550062	0.00835191
-0.798946	-0.560678	0.217541
0.481916	-0.282647	-0.829378
0.709194	0.346988	0.613713
-0.772523	-0.633327	-0.0458837
0.544671	-0.800929	0.248687
-0.569117	-0.426345	0.70309
0.473895	0.848049	0.237143
0.598202	-0.800809	0.0293083
-0.0515183	0.448827	-0.892132
-0.0846376	0.870841	-0.484224
-0.338153	0.369935	0.865333
0.934437	-0.25742	-0.246093
0.970338	0.117652	0.21119
-0.908669	0.111719	0.402292
0.216448	0.832414	0.510135
-0.241653	-0.88905	-0.388837
0.0965426	-0.374941	0.922008
-0.184984	0.921635	0.34113
0.158006	0.375872	0.913101
0.55119	-0.739499	-0.386433
0.601107	0.408607	-0.686812
0.264802	0.522762	0.810309
0.40462	0.873387	0.271069
0.141916	-0.983266	0.114224
0.506478	0.679413	-0.530922
-0.447011	0.0294069	-0.894045
0.0997068	0.793203	0.600739
-0.65661	-0.221973	-0.720827
0.940461	-0.252462	0.227587
0.645099	0.502036	0.576027
0.319745	0.749644	0.57948
0.147918	-0.920463	-0.361758
0.350291	0.287484	0.891431
-0.0253025	0.995192	0.0946184
0.178365	0.981182	-0.0739409
0.436009	-0.889683	-0.1355
0.290843	0.566415	0.771093
0.756736	0.257842	0.600723
-0.511369	0.843251	0.16562
0.352459	-0.916774	0.187879
-0.279839	0.0756233	0.957064
0.348291	-0.909053	0.228725
0.301255	0.950623	0.0745781
0.127054	-0.91304	-0.387576
-0.627853	-0.243414	0.73929
-0.529773	-0.845817	0.062721
-0.767489	0.534667	0.353684
0.445067	-0.887057	0.122659
-0.893001	-0.0760093	0.443589
-0.833291	-0.448849	0.322739
-0.531599	0.610909	0.586679
0.624259	-0.781147	-0.0104876
-0.0734394	0.126805	-0.989205
-0.288055	0.930819	-0.224946
0.159859	0.962996	-0.216989
0.2498	-0.918876	-0.305398
0.0515252	-0.996311	0.0686291
0.485974	0.564811	-0.666947
-0.47032	0.88098	0.0516995
0.319192	-0.861365	0.395179
-0.23414	0.203716	0.95062
0.215647	-0.049185	-0.975232
-0.597387	0.679986	-0.425144
-0.640689	-0.765373	0.0610088
0.0595577	-0.268732	-0.961372
-0.991851	0.116932	-0.0505739
-0.889026	0.224243	-0.399185
-0.0800812	-0.667465	0.740323
-0.575135	0.442692	-0.687928
0.231697	0.966749	-0.108229
0.00445685	0.970523	-0.240969
0.139418	-0.723327	-0.676284
-0.015877	0.967535	0.252238
-0.330187	0.700302	-0.632893
-0.354042	0.894268	0.273749
0.763906	-0.640712	-0.0770352
0.0970643	0.994966	-0.0249332
-0.0523554	0.046583	0.997541
-0.180003	0.975578	-0.125884
0.244775	-0.969536	0.00923758
-0.10145	0.207445	-0.972972
-0.370742	-0.236979	-0.897993
-0.356747	0.895339	0.266644
0.182697	-0.781834	0.596119
0.802712	-0.444521	0.397561
0.811015	0.497169	-0.308346
0.425585	0.794104	0.433909
0.211727	-0.475967	-0.853597
0.785907	-0.212453	-0.580702
-0.0394776	0.807339	-0.588765
-0.187648	0.940723	-0.282539
0.261775	-0.920804	0.289127
0.275643	0.410541	0.869182
-0.371529	-0.71969	-0.586526
-0.00899765	0.999882	0.0124464
0.105997	-0.54529	0.831519
-0.333484	0.917881	0.215134
0.0148134	-0.87076	-0.491486
0.267724	0.960782	0.0722673
-0.749197	-0.662008	-0.0211941
-0.286518	-0.918541	0.272377
-0.998465	-0.0106689	-0.0543514
0.266091	0.603137	0.751945
-0.530343	-0.422253	-0.735145
0.668535	0.703698	-0.240562
0.97303	-0.143438	0.18066
-0.584748	0.773364	-0.244902
0.480077	-0.351962	0.803523
0.528132	-0.194934	0.826485
-0.627709	-0.77512	-0.0719123
-0.127413	0.990929	0.0427278
-0.00394606	-0.907879	-0.419213
0.480857	-0.0985428	-0.871244
-0.884716	0.40731	0.226663
0.0187339	-0.0251371	-0.999508
0.826434	-0.0826003	-0.556942
-0.032593	-0.312426	-0.949383
0.16153	-0.399838	0.90224
0.575719	0.804841	0.144147
0.0748295	-0.876695	-0.475191
0.92575	0.377532	0.0213698
0.689184	-0.484946	0.53838
-0.424305	0.784183	-0.452794
0.107625	-0.84568	-0.522725
-0.241439	-0.000213119	0.970416
-0.449392	0.485141	0.750124
-0.273308	0.938862	-0.209382
-0.242796	-0.957926	0.153061
0.182024	-0.766681	0.615685
0.973263	-0.160032	-0.164768
0.157137	0.974485	-0.16027
0.241652	-0.96395	-0.111374
-0.491964	0.222436	-0.841721
-0.390931	-0.744385	-0.541353
0.659782	0.711321	0.242302
-0.334916	-0.618696	-0.710666
-0.436619	-0.638605	-0.633677
0.446728	0.561621	-0.696431
0.326701	0.941407	-0.0837757
-0.501106	-0.673358	-0.543582
0.24954	0.824115	0.508492
-0.120729	-0.810306	-0.573435
0.810728	0.584076	0.0396871
0.348258	-0.909116	0.228526
0.787339	0.452032	-0.419243
0.16314	0.977509	-0.133649
-0.140557	0.602809	-0.785408
-0.547987	-0.693257	0.468085
0.252481	-0.0436074	-0.966619
0.367641	-0.337289	-0.866647
-0.567631	0.749271	0.341157
0.782392	-0.600392	0.165507
0.194219	0.979834	-0.0469543
-0.0580959	-0.777049	0.626754
0.481024	0.53495	0.694582
-0.0408956	-0.980783	0.190768
-0.459904	-0.542983	0.702607
0.868744	0.336879	-0.363038
-0.794433	0.607115	-0.0169231
0.985238	-0.11685	-0.125111
0.561346	0.709897	-0.425367
0.327407	0.944868	-0.00538963
-0.469658	0.881308	-0.0521215
0.813096	0.12328	-0.568927
0.423449	-0.526576	-0.737163
-0.289161	0.680265	0.673517
-0.0344918	0.959508	-0.279563
0.82352	-0.0241138	-0.566775
0.632245	0.745311	0.21161
0.832523	0.553792	-0.0148639
-0.203724	0.781249	0.590039
-0.116222	-0.861358	0.494524
-0.951327	0.125817	-0.281332
0.365804	0.927771	-0.0736763
0.201208	0.615901	0.761696
0.227324	-0.958482	0.172149
-0.589815	-0.691443	-0.417163
-0.437873	-0.89885	-0.0183288
0.072812	0.716907	0.693356
0.642678	-0.747363	-0.168562
-0.806475	0.0178882	-0.590998
0.751598	0.576682	0.320217
0.324134	0.331262	0.886116
0.287121	-0.361851	-0.886919
0.066646	0.618031	0.783323
0.749768	-0.660922	-0.0320889
0.356381	0.840624	-0.407852
-0.627192	-0.349601	-0.695995
0.336542	0.639298	0.691403
0.86392	0.244381	0.440364
0.617059	0.786084	0.0361972
-0.248247	-0.758162	0.602963
-0.220691	0.468108	0.85567
0.896719	0.015062	-0.442344
-0.583343	0.311342	-0.750185
0.745382	-0.474176	0.468575
0.567686	-0.819349	0.079999
0.338097	0.929695	-0.146144
-0.642036	0.116287	0.757804
0.792605	-0.603268	-0.0885727
-0.873568	0.485104	-0.0394171
-0.346945	0.839826	-0.417519
0.292243	0.945596	-0.142978
0.938745	-0.334959	0.0809928
0.322942	-0.851009	-0.414117
0.879675	0.172458	0.443204
-0.647542	0.579425	0.494931
0.125755	-0.971566	-0.200613
0.124565	0.234932	0.963997
0.0478506	-0.745817	-0.66443
-0.500041	0.84689	0.180934
0.590266	-0.795582	-0.13651
-0.341495	0.584744	0.735837
0.539349	-0.360014	0.761244
-0.0891115	0.727614	0.680174
0.788211	-0.379104	-0.484772
0.358553	0.350821	0.865081
0.277514	-0.910452	-0.306698
-0.0899481	0.957231	-0.274987
0.500367	-0.850452	0.16237
-0.474954	-0.260683	-0.840513
-0.481669	-0.230744	-0.84543
-0.18083	-0.526907	0.830463
0.451227	-0.756855	0.472825
0.294725	0.789783	-0.53794
0.516567	-0.836486	-0.182896
-0.412347	0.484544	0.771484
-0.0571615	-0.995876	-0.070458
-0.141922	-0.449218	-0.882078
-0.306894	0.626898	-0.716111
-0.66887	0.727909	0.150868
0.511435	-0.852201	-0.110401
-0.132481	-0.594486	-0.793118
-0.739264	0.428774	0.51927
-0.66224	0.602122	-0.445967
-0.215502	-0.569193	0.79346
-0.0360856	0.997903	-0.0537266
-0.442207	0.588399	0.676934
0.611009	0.790097	0.0491349
-0.32867	-0.942411	-0.061949
-0.951642	-0.269835	0.146857
0.32001	-0.246965	-0.91466
0.586441	0.803921	0.0989847
0.638298	-0.724903	-0.259019
0.481329	0.795217	-0.368718
0.916086	-0.370647	0.152995
-0.323385	0.925886	0.19534
-0.598361	-0.51515	-0.613665
-0.232786	-0.844145	0.482939
0.353772	-0.482798	0.801094
-0.212798	0.918263	0.333932
-0.043662	-0.765413	0.642057
-0.136562	0.0081332	-0.990598
-0.12546	-0.125246	-0.984161
0.365969	0.443149	0.818343
-0.291351	-0.93956	-0.179837
0.792222	0.36328	-0.490318
-0.496192	-0.00594485	0.868193
0.168742	0.952315	0.254208
0.463891	-0.882176	-0.0810586
0.859557	-0.510835	0.0144715
0.717345	-0.593395	0.365101
0.500327	0.86547	-0.0252072
-0.462073	-0.48428	0.742941
-0.179999	0.983519	0.0170661
-0.147354	-0.986188	-0.0756341
-0.540858	0.623163	0.564925
0.151789	-0.969626	0.191793
0.487865	0.750519	-0.445768
-0.0635267	-0.969241	0.237775
-0.444646	0.871586	0.206465
0.812703	-0.531904	-0.237889
0.611317	0.151007	-0.776845
-0.132611	-0.971078	-0.198549
-0.0856582	0.915429	0.393258
0.925887	-0.370727	0.0727647
0.871895	-0.0704602	-0.484597
0.796758	0.198464	-0.570779
-0.393145	0.379293	-0.8376
0.55091	-0.777696	0.302798
-0.19641	0.877903	0.436702
-0.750484	-0.344611	0.563929
-0.272477	0.872183	-0.406268
-0.464644	-0.819999	0.334227
-0.305453	-0.673255	-0.673369
-0.844687	-0.274564	-0.459476
-0.224353	0.960415	-0.165133
0.251558	-0.967203	-0.0351637
-0.723887	0.648395	0.235738
0.337028	-0.208515	-0.918114
-0.130141	0.924461	-0.358379
-0.0753059	-0.971302	-0.225611
-0.567355	0.750623	-0.338636
-0.500698	-0.855926	-0.129197
0.390679	0.91773	-0.0716998
-0.903694	-0.346695	-0.251275
-0.439828	-0.238807	0.86575
0.880086	0.466265	0.0896981
0.0642163	0.970865	-0.230863
0.70779	-0.706345	-0.01052
-0.493899	0.0719297	0.866539
0.822312	-0.258114	-0.507128
-0.381969	0.912203	-0.148275
-0.482703	-0.769806	0.417607
0.370575	-0.154196	-0.915914
0.665625	0.729352	0.158077
0.149701	0.772571	0.617028
-0.598807	-0.660242	0.453333
-0.683063	0.700993	0.20502
0.806709	-0.126051	0.577349
0.179112	0.973346	-0.143233
-0.0237054	-0.996642	-0.0783798
0.228061	-0.562887	-0.794447
0.0204349	0.838194	-0.544989
-0.125972	0.989747	0.0673217
-0.198474	-0.980105	0.00162987
-0.728191	0.350002	0.589268
0.298373	0.931991	-0.205829
0.0615183	0.92863	0.365871
0.427929	-0.752347	-0.500849
0.56372	0.534988	0.629291
-0.783302	-0.0916016	-0.614855
0.163893	0.974635	0.152399
0.391895	-0.919867	0.0162434
0.874218	-0.333053	-0.353295
0.797118	-0.511439	-0.320987
-0.948151	0.289164	-0.131886
0.342722	0.767887	0.541194
0.508407	-0.844092	0.170386
-0.203526	0.610987	-0.765031
-0.454865	0.41158	0.789746
-0.396308	-0.804231	-0.44289
0.936268	0.116006	-0.331579
-0.993993	-0.101585	-0.0407253
0.322328	0.844078	-0.428528
0.0699671	-0.886349	-0.4577
0.897439	-0.360448	-0.254324
0.546161	-0.160109	0.822236
-0.831168	0.555766	0.0168535
0.952069	-0.294752	-0.0817634
0.577808	0.796421	-0.17847
0.0246511	0.433342	-0.900893
-0.827805	0.460166	-0.320914
0.589008	-0.519577	-0.618958
