2048
-0.640684	0.25994	0.722464
0.422881	0.599054	0.679931
0.959894	-0.0112897	0.280137
-0.123974	-0.975688	0.180729
0.0877918	0.619064	-0.780418
-0.881545	-0.449831	0.143287
0.00371328	0.951346	-0.308103
0.366018	0.402914	-0.838863
0.16496	0.56281	-0.809959
-0.297514	-0.589582	-0.750919
-0.791215	-0.162315	-0.589603
0.819974	-0.516383	0.246964
-0.436884	0.249422	-0.864246
-0.883038	-0.422772	0.203733
-0.95071	-0.218812	-0.219707
0.622757	0.604628	0.496586
0.591998	-0.765951	0.250712
-0.785301	-0.598304	-0.159165
-0.545713	-0.337098	0.767178
0.656587	0.13315	-0.742405
0.99612	-0.0592044	0.0651152
-0.710308	-0.00459167	0.703876
-0.33613	0.935276	-0.110797
0.313254	0.90566	-0.285748
0.256303	0.741541	0.620021
0.305289	-0.170311	0.936906
-0.96799	-0.250969	0.0033127
0.255686	0.22772	-0.939557
-0.620856	0.505631	0.599062
0.602578	-0.315656	0.732981
-0.831515	0.330252	-0.446673
-0.0479924	0.996062	-0.0745485
-0.915739	0.204088	-0.346079
0.337851	-0.191271	0.92156
-0.289087	0.896341	-0.336156
0.831326	-0.476832	0.285533
-0.214427	-0.96347	0.16046
0.566453	0.816869	0.108885
0.0793887	-0.731408	-0.677303
0.800142	-0.0318172	0.598966
-0.25564	0.940242	-0.224927
0.903506	0.281105	0.323507
0.0187849	-0.999724	-0.0140857
0.370299	0.804216	-0.464881
0.846618	0.443998	0.293435
0.349471	-0.671298	0.653627
-0.817359	0.43789	-0.374401
0.470239	-0.0110163	-0.88247
0.0575406	-0.326598	0.94341
0.635168	0.771256	-0.0415477
-0.339293	-0.936273	0.0909545
0.970168	-0.24105	-0.0258551
0.0879087	0.0914295	-0.991924
0.14509	0.888039	-0.436274
-0.506759	-0.337007	-0.793487
0.829547	-0.0899927	0.551138
0.104006	0.752575	0.650242
0.909551	0.0204402	-0.41509
-0.751518	-0.394388	0.528847
-0.900452	-0.431553	0.0542994
0.675834	0.658735	-0.330632
0.077724	-0.737841	-0.670484
-0.495103	0.868541	-0.0225827
-0.14536	-0.914045	-0.378672
0.685398	0.564505	-0.459961
0.0809845	0.401718	0.912175
-0.607444	-0.39307	0.690296
0.359372	-0.315473	-0.878253
0.334907	0.277461	0.900473
-0.9728	-0.1701	0.157247
0.0685246	-0.96313	0.260164
-0.734667	-0.599368	0.317841
0.163288	0.434584	0.885705
-0.427145	0.731522	0.531434
0.973321	0.085836	-0.212785
-0.80729	0.580101	-0.10847
0.352142	-0.709088	-0.610893
-0.903481	-0.308182	0.297901
-0.134894	0.172554	0.97572
0.316581	-0.851649	-0.417697
-0.249567	-0.649695	0.718062
-0.121215	0.834728	0.537156
0.472887	0.795495	-0.378902
-0.813359	0.209788	-0.54262
0.525275	0.850818	-0.0139869
0.735812	-0.673741	-0.068213
0.786622	0.614891	-0.0559885
-0.993664	-0.00540785	-0.112263
-0.724613	-0.677479	-0.12633
-0.760045	0.301139	0.575888
0.408921	0.556983	-0.722879
-0.0928238	-0.106821	-0.989936
-0.854139	-0.0332954	0.518978
0.0708604	-0.412917	-0.908008
-0.735216	0.675127	0.0605126
0.116176	-0.47672	-0.871344
-0.895713	-0.441142	-0.0556065
-0.358218	0.593128	0.721026
-0.341805	-0.788857	0.510758
-0.872794	-0.127958	-0.471017
0.70794	-0.659776	0.252025
0.844812	0.534786	0.0171851
0.238855	0.96331	-0.122404
-0.488965	-0.854023	-0.177646
0.178527	-0.806115	-0.564187
0.60976	-0.730164	-0.308308
-0.237719	-0.943397	-0.231282
-0.23201	0.802864	-0.549164
0.555338	-0.767563	0.320073
0.938421	0.0143052	0.345198
0.177864	-0.415047	-0.892244
0.749201	0.649724	0.128671
-0.32749	0.769285	0.54859
-0.269395	0.850626	-0.451512
0.561941	0.757358	0.332612
-0.0444423	-0.17119	-0.984235
0.363734	0.887552	0.282753
-0.0953847	-0.469667	-0.877676
0.189968	-0.188811	0.963464
0.0476809	-0.998808	-0.0104663
-0.750635	-0.596087	-0.285003
-0.0617579	0.994812	-0.080838
-0.706021	0.00937776	-0.708128
0.0164142	0.473281	0.880758
-0.718839	0.528995	0.451038
0.806077	-0.313892	0.501708
0.201733	-0.721047	-0.662868
-0.833799	0.0181593	-0.55177
0.389827	-0.778466	-0.491961
0.346908	-0.386745	0.854449
0.0721729	-0.430318	0.899788
-0.790948	-0.212242	-0.573895
0.150853	0.000733618	-0.988556
-0.231656	0.759259	0.608162
-0.853155	0.324548	-0.408406
-0.0682416	0.000898011	-0.997668
-0.819948	0.492957	-0.290998
-0.0435517	-0.952837	0.300342
-0.532866	0.0354367	-0.845457
0.904289	0.177133	0.38844
0.793623	0.45509	0.403802
-0.135829	0.989281	0.053599
-0.534349	-0.68699	0.492459
-0.337637	-0.797885	0.49938
0.580269	0.273291	-0.767202
-0.657937	-0.405622	-0.6345
0.468795	0.847835	0.247804
-0.70573	0.627587	0.328753
0.0192543	-0.620124	0.784267
-0.4459	0.454794	0.770932
0.356603	0.158128	0.920777
-0.219533	-0.455556	-0.862713
0.212697	-0.320528	-0.92305
0.728084	-0.219964	0.649237
-0.235337	0.312877	-0.920176
0.0442146	-0.0328017	-0.998483
0.886388	0.336017	-0.318447
-0.031946	-0.363874	0.9309
0.204002	0.734464	0.64726
-0.425133	-0.832607	-0.355005
0.255246	0.498231	-0.828623
-0.720755	-0.291785	0.628787
0.727194	-0.561377	0.395025
0.235719	-0.943717	-0.232025
-0.978988	-0.0447882	0.198941
-0.0274402	0.507594	0.861159
-0.677691	-0.2124	0.704004
0.854366	0.212719	0.474141
-0.597274	0.782008	0.178123
0.991786	-0.125383	-0.0252853
0.809773	-0.456252	-0.368918
-0.147846	-0.645588	0.749238
-0.10314	0.711669	0.694902
-0.0171794	-0.914178	0.404948
-0.137394	0.257765	-0.956389
0.284349	-0.0894214	0.954542
0.369918	0.869366	-0.327664
-0.11389	-0.931932	0.344284
-0.628368	0.461451	0.626272
0.611575	0.462471	-0.641948
-0.837295	-0.242048	-0.490255
0.438418	-0.888779	0.133649
-0.1161	0.953238	-0.279032
0.38764	-0.865858	-0.316267
-0.543479	0.344233	0.765594
0.15285	-0.0812748	0.984902
-0.523727	0.833949	-0.173896
-0.984716	-0.171099	0.0325508
0.163633	-0.419835	-0.892728
-0.360846	0.00221676	-0.932623
0.490285	0.311431	0.814022
0.194823	-0.833545	0.51696
0.977764	0.175961	0.114088
0.0979199	0.779506	0.618694
0.796529	0.500595	-0.339038
-0.0978858	-0.773058	-0.626738
-0.170864	0.889443	0.423907
0.255449	0.820092	0.512049
-0.646985	0.634773	-0.422462
0.236397	0.112296	0.965146
-0.781356	-0.529398	0.330486
0.552459	0.362579	0.75055
-0.863778	-0.44494	-0.236467
0.249647	0.251704	0.935052
0.70091	0.705947	-0.101803
0.362766	-0.923225	-0.126713
0.455628	-0.511291	0.728687
-0.81353	0.53189	0.23508
0.711459	0.665056	-0.226995
0.420099	0.890186	0.176313
-0.835591	-0.0676663	-0.545169
-0.212658	-0.566358	-0.796251
-0.862457	0.48756	0.135844
-0.841264	0.479159	-0.250361
-0.19126	-0.973825	-0.122819
0.255719	-0.713231	0.652617
-0.346194	0.842892	-0.411926
0.14195	-0.822701	-0.550467
0.5891	0.516347	0.621568
-0.709674	0.614638	0.344358
0.361802	-0.348779	0.864553
-0.304498	-0.260686	0.916146
-0.0219	-0.831465	0.555145
-0.246274	0.469321	-0.84799
0.704552	-0.560432	-0.43534
-0.358421	-0.229561	0.904896
-0.928527	-0.206655	0.308433
0.469476	-0.724733	-0.504336
0.158313	-0.986445	0.0431723
0.469666	0.448382	-0.760504
-0.988017	0.0707909	0.137151
0.902278	-0.428445	-0.0482678
-0.533976	-0.704628	-0.4673
0.145362	0.755319	-0.639033
-0.794874	0.438285	0.419621
-0.421514	-0.733274	0.533513
-0.859978	0.483102	0.164473
-0.510807	0.343577	0.788055
0.0636035	-0.265523	0.962004
0.0142925	-0.964003	-0.265507
0.426712	0.584175	-0.690403
-0.789988	-0.388804	0.474078
0.723987	0.643277	0.249074
0.266199	-0.963134	-0.0388633
0.606117	-0.68836	0.398476
0.083201	-0.979499	0.183467
0.198242	0.34913	0.915865
0.182871	-0.444071	0.877131
0.818113	0.418793	-0.394085
-0.119304	-0.986075	-0.115855
-0.47906	-0.847062	0.230189
0.0662657	0.899663	-0.431527
-0.565604	0.474476	-0.674511
0.451976	-0.682243	-0.574685
-0.810676	0.454696	0.368857
-0.52758	-0.604882	0.59647
0.377523	-0.103448	-0.920204
0.774606	-0.318484	-0.5464
0.0487021	0.76252	0.645129
0.59063	-0.331635	-0.735645
0.512137	0.0507766	-0.857402
-0.517319	0.167084	-0.839324
-0.404757	-0.577911	-0.708654
0.257868	-0.937509	0.233625
0.840397	0.500491	0.207946
0.869307	0.484	0.100241
-0.475546	-0.71742	-0.509083
0.539695	0.381857	-0.750276
0.230359	-0.917781	0.32344
-0.666956	-0.314521	-0.67546
-0.991116	0.128878	0.032847
-0.9913	0.111894	-0.0693099
-0.817143	-0.44208	-0.369923
-0.432152	-0.8921	0.131919
-0.71516	-0.193971	0.671507
0.618489	0.323779	-0.715988
0.420919	0.768366	-0.482121
0.628001	0.0264181	-0.777764
-0.819602	0.363501	0.442855
0.938814	-0.180017	0.293636
-0.107058	-0.71592	0.689926
0.220173	0.917155	0.332191
-0.171616	-0.52749	0.832047
-0.649242	0.760112	0.0267262
-0.154887	0.889023	-0.430868
-0.0303783	-0.981614	-0.188446
-0.832181	0.0125794	-0.554362
-0.656673	0.752553	0.0494384
0.00960397	-0.709679	-0.704459
0.309546	0.68575	0.658733
-0.445505	-0.731967	0.515509
0.469048	-0.754015	0.459844
-0.653512	-0.560206	-0.509011
-0.792564	-0.177427	-0.583405
0.241169	-0.867127	-0.435807
0.81172	-0.477357	0.336513
-0.0192367	-0.428861	-0.903165
0.223494	-0.896597	-0.382314
-0.785515	-0.600137	-0.151001
0.869897	-0.110876	-0.48061
-0.287318	0.893573	-0.344928
0.80826	-0.588151	0.0281731
-0.971267	-0.217313	-0.0970387
-0.976035	0.217178	0.0137546
0.786226	-0.611518	0.0888469
0.19306	0.977855	0.0807942
-0.358895	0.896396	0.26013
0.536281	-0.118482	-0.835682
0.899276	0.375385	-0.224474
0.462589	-0.865445	0.192397
-0.733894	0.612543	0.293583
0.935185	0.194601	0.295903
0.82596	-0.562308	-0.0399976
-0.606553	0.748366	0.268406
0.307403	0.382254	-0.871427
0.806277	-0.580128	-0.115626
0.767569	-0.404328	0.49735
-0.137067	-0.395847	-0.90803
0.864052	-0.4322	-0.258103
-0.145411	0.592476	0.792356
0.868766	-0.151795	-0.471385
0.531439	-0.802551	0.27108
-0.785925	-0.286216	0.54809
-0.461741	0.836692	-0.29452
0.587781	-0.661803	-0.465328
0.832775	0.553237	0.0203638
0.877567	-0.224449	-0.423674
-0.90588	-0.301055	0.297904
0.227102	0.957873	0.175793
0.416653	0.820066	-0.392291
0.488188	-0.517198	-0.702979
-0.856977	0.485501	-0.172855
0.645466	-0.418688	0.638806
-0.0446502	-0.996246	-0.0741678
0.061905	0.987578	-0.144423
-0.122883	0.213592	-0.969164
-0.396532	0.800369	0.449635
-0.310972	0.934034	-0.175718
0.842747	0.109539	0.527047
-0.124441	-0.901888	0.413657
0.441112	0.0400295	0.896559
-0.37829	-0.690556	-0.616465
-0.578849	-0.791744	-0.195127
0.0690089	0.0485156	-0.996436
-0.154834	0.251613	-0.955362
0.225482	0.323442	-0.91899
0.122659	0.901541	0.414944
0.740129	-0.666344	-0.0905279
0.413253	0.908982	0.0545371
-0.673029	0.446757	-0.58944
0.122886	0.380142	0.916729
0.368569	-0.779271	-0.506846
0.600875	-0.132194	-0.788336
-0.888169	0.364196	-0.280209
-0.978512	-0.130081	0.159981
0.933684	-0.34973	-0.0769646
0.818218	-0.0725987	0.570305
-0.232688	-0.286857	0.929284
0.161783	-0.979463	0.12033
0.418138	-0.305263	-0.855555
-0.551858	-0.813709	0.182567
0.433522	0.0730814	-0.898175
-0.588912	-0.790983	-0.165916
0.496248	0.849822	0.177598
0.894721	-0.0784962	-0.439673
-0.928176	0.0592579	-0.367394
0.440877	-0.565715	0.696845
-0.6893	0.222062	-0.689604
0.295033	0.953164	0.0665869
0.274582	0.833373	0.479681
-0.948764	0.120511	0.292102
-0.217417	-0.975515	0.0331797
0.192432	-0.777548	-0.598657
-0.381814	-0.860421	-0.337481
0.74073	-0.503394	-0.444874
-0.0952513	-0.912136	-0.398666
-0.791004	0.33036	0.514951
-0.413176	-0.494063	0.764975
-0.617008	-0.747653	-0.245593
0.141256	-0.862427	-0.486073
0.150001	-0.648721	0.746097
0.783367	0.620674	-0.0331795
0.850388	-0.426047	0.308746
0.2142	-0.414057	-0.884689
-0.926117	0.221237	-0.30555
0.607501	0.236939	-0.758158
0.698987	-0.509495	-0.501828
-0.687172	-0.12164	0.716239
0.0872643	-0.54343	-0.834906
0.151667	0.914009	0.376277
0.49027	-0.0526525	0.869979
-0.20632	0.824909	0.526267
0.0577371	-0.889528	0.453218
-0.896337	0.368914	0.245934
-0.233631	0.118699	0.965053
-0.462838	0.0402417	-0.885529
-0.373825	0.496918	0.783152
-0.166978	-0.214361	0.962376
0.97666	0.194074	-0.0920321
-0.736604	-0.604945	0.302418
0.803066	-0.456261	0.383289
0.898669	0.0910369	-0.429077
-0.54561	0.425506	0.721979
-0.0636329	0.0572298	-0.996331
0.992877	-0.117574	0.0192547
-0.464168	0.13512	0.87538
0.864474	0.496701	-0.0772832
0.736828	-0.673401	0.0601388
0.433095	0.888053	-0.15424
0.705705	-0.61185	-0.357239
0.305799	-0.842563	0.443367
-0.645053	-0.66239	-0.380981
-0.32112	-0.586147	0.743851
0.680544	-0.540319	0.494889
0.690686	-0.255412	0.676549
-0.613464	-0.78921	-0.0284603
0.292475	-0.836453	0.463471
-0.725262	0.0207775	0.68816
-0.0452962	-0.489564	0.87079
-0.90153	-0.18847	-0.389515
-0.508941	0.768383	-0.388029
0.10985	-0.667002	0.736913
-0.289247	0.906239	0.308329
0.0481172	-0.874613	0.482429
0.692526	-0.137423	0.708183
0.380836	-0.846032	-0.373086
0.863791	-0.469119	0.183829
-0.661389	-0.242087	-0.7099
0.0543041	-0.370653	-0.927183
-0.88679	0.0941684	0.452477
0.740931	0.438706	0.508487
-0.112342	-0.981393	0.155717
-0.411334	0.558651	0.720217
0.991056	0.133438	-0.00160419
0.941055	-0.335179	0.0455101
-0.933734	0.115595	0.338791
-0.125817	-0.742339	0.658106
0.822518	0.557963	0.110191
-0.00686304	-0.718692	0.695295
-0.463385	0.670317	0.579612
0.716337	0.599422	-0.357148
0.716581	-0.620856	0.317884
0.452176	0.826837	0.334481
-0.0505658	0.684636	-0.727129
0.765502	0.634969	0.104021
-0.0982379	-0.990672	-0.0944331
0.56456	0.469362	-0.678949
-0.415747	0.394862	0.819291
-0.0314529	0.646205	-0.762515
0.0726924	-0.780447	-0.620982
0.489096	0.393818	0.778263
-0.557428	-0.571526	-0.60219
-0.00790658	0.549112	-0.835711
-0.133088	0.727084	-0.673525
0.775373	0.121101	-0.619783
0.303854	-0.920159	-0.24694
0.652463	0.15839	-0.741083
-0.664419	0.607926	-0.434711
-0.316792	0.913305	0.255963
0.294611	-0.954786	0.0398536
0.116303	-0.340807	-0.932912
-0.0164479	-0.797983	0.602455
-0.0108697	0.974568	0.22383
-0.340378	-0.831182	0.439635
0.840762	-0.0761999	-0.536016
-0.0129826	-0.198501	-0.980015
0.358256	0.932597	-0.0437615
0.523307	-0.00354185	-0.852137
-0.349658	0.349537	-0.869231
0.441452	-0.630879	0.638053
0.226873	0.961977	-0.152084
-0.392753	-0.1556	-0.906385
-0.594303	0.326896	0.734808
0.149584	0.988569	0.0188924
-0.751819	0.606601	0.258465
-0.850822	0.0788692	0.519502
0.253178	-0.356166	0.89947
-0.624131	-0.646047	-0.439412
-0.660058	-0.238054	0.712498
-0.68439	-0.657258	0.315629
0.0575174	-0.869121	0.491244
-0.921061	0.0054426	0.389381
0.378871	-0.365146	0.850368
-0.0399603	-0.465113	-0.884349
-0.753757	-0.628572	-0.191696
0.137521	0.947525	-0.288591
0.842428	0.529268	-0.100952
-0.173362	-0.984688	0.0182976
-0.389296	0.0222499	-0.920844
0.333818	-0.638761	0.693217
-0.872361	-0.434332	0.22437
-0.882111	0.0562469	-0.467671
0.0603458	-0.80226	-0.593917
0.831754	0.418589	0.364649
0.561742	0.263611	-0.78419
-0.212686	-0.678076	0.703546
-0.355975	-0.767322	-0.533385
-0.974971	0.222331	0.00111835
0.782628	0.56131	0.269117
0.357373	0.248261	0.900361
-0.135825	-0.957904	0.252928
-0.444836	0.824417	-0.349939
0.972235	0.0161375	-0.23345
-0.568791	0.793025	-0.218147
0.893467	-0.22442	-0.389041
0.309136	-0.184888	0.932873
0.331984	0.87892	-0.342472
-0.385747	0.2547	-0.886751
-0.279765	0.872853	0.399823
-0.842772	0.407961	0.351145
0.560253	0.693652	-0.452728
-0.984545	-0.017164	-0.174287
0.33036	-0.784393	-0.524967
-0.192747	8.9733e-05	0.981248
-0.653852	-0.704862	-0.27504
-0.28894	-0.429642	0.855524
0.077515	-0.636805	0.767119
-0.501919	0.739061	0.449295
0.581032	-0.020584	-0.81362
-0.484563	0.382008	0.786936
-0.68462	0.724245	0.0822537
0.940995	-0.267998	0.206651
-0.697027	0.0757138	-0.713037
0.0594251	-0.226367	0.972228
0.414438	-0.612023	-0.673549
-0.421797	-0.865412	0.270459
0.323468	0.523875	-0.787987
0.0959461	0.975341	0.198754
0.531541	0.707217	0.466164
-0.221704	0.965427	-0.137107
-0.908029	0.333855	-0.253028
0.523805	-0.655932	0.543491
-0.896097	0.433109	0.0970947
-0.1285	0.18712	-0.973896
-0.832286	-0.282914	-0.476718
0.889864	0.446383	0.0942566
0.266361	-0.936373	0.228598
0.315038	0.647167	0.694209
0.441082	-0.896869	-0.0327618
0.671939	0.506073	0.54073
-0.660956	-0.45676	-0.595406
-0.655959	-0.599126	0.459092
0.748115	-0.534542	0.393179
0.587936	0.363116	0.722826
0.136854	0.832206	0.537311
0.368783	0.809629	-0.456618
0.627309	0.771369	-0.107114
-0.669327	-0.222428	0.708891
0.0631736	-0.0745828	0.995212
0.136083	0.954971	0.26365
-0.0610162	0.311897	-0.948155
0.992609	-0.0776401	-0.0932679
0.748021	0.616775	-0.245059
-0.844958	0.530853	0.0651233
-0.24702	0.618725	0.745762
-0.576943	-0.116621	0.808416
0.97559	-0.133809	0.174124
-0.633798	0.0583952	-0.771291
-0.102894	0.964187	0.244452
0.373537	-0.660673	-0.651139
0.393217	0.205462	0.896195
-0.807062	0.104407	-0.581162
0.902277	0.270344	0.335872
-0.030795	-0.78288	0.62141
-0.344568	0.246757	-0.90575
-0.529176	-0.420819	0.736807
0.0238742	-0.141843	0.989601
-0.873423	0.0120637	0.486812
-0.215552	0.360008	0.907707
-0.589186	0.548689	0.593127
-0.636891	0.723985	-0.264981
0.411053	-0.90456	0.113164
-0.658392	-0.707091	-0.257956
0.599845	0.28616	0.747194
0.062342	-0.45539	0.888107
0.843324	-0.532942	0.069121
0.907119	-0.195263	-0.372836
0.683149	-0.676614	-0.274774
0.810758	0.42513	0.402412
-0.115031	-0.984096	-0.135362
-0.595681	-0.799241	-0.0798685
-0.563435	-0.689474	-0.455156
0.305733	0.168773	0.937039
-0.134956	0.867399	0.478963
-0.480025	0.627605	-0.612934
0.421303	0.555273	0.71706
0.947167	-0.212233	0.240481
-0.0499352	0.756757	0.651786
-0.855497	0.255288	0.450503
0.241382	-0.970348	0.0126071
0.681973	-0.642144	0.350093
-0.899741	0.313837	-0.303269
-0.567201	0.290855	0.77051
0.528585	0.40678	0.745069
-0.260934	-0.874242	-0.409408
0.235034	-0.275144	0.932231
0.618531	0.716612	0.322314
0.99663	0.0700646	-0.0426577
0.819913	0.54026	-0.189374
-0.884457	0.436592	-0.164694
0.294478	0.534152	-0.792442
-0.0273875	-0.985731	0.166083
-0.882591	-0.407507	0.23446
0.418165	0.157206	0.894664
0.00756521	0.999956	-0.00558744
-0.742853	-0.380137	-0.551058
-0.0654272	0.535509	-0.841991
-0.917562	-0.165993	-0.361285
0.00393329	-0.556159	-0.831067
0.880463	-0.334664	-0.335836
0.126352	0.956242	-0.263886
0.576841	0.803863	0.145113
0.497562	0.72348	-0.478549
-0.756768	-0.627897	-0.18179
0.290455	0.905396	0.309668
0.578224	0.61051	-0.541235
0.217697	0.0675357	0.973677
-0.738519	-0.554305	0.383844
-0.770912	0.124121	0.624731
-0.817942	0.574901	-0.0214474
-0.851559	0.390658	0.34962
0.257804	0.764541	-0.590774
-0.244536	0.82826	0.504169
0.952801	-0.0690436	0.295642
-0.952126	-0.162984	-0.258634
0.327154	-0.872389	-0.363191
0.417404	-0.455792	0.786148
0.520765	0.292938	0.801867
0.455176	0.751539	-0.477498
0.0363265	0.716467	0.696674
0.103395	-0.228554	0.968025
-0.107051	0.19779	0.974382
-0.765644	0.0268791	-0.642702
-0.142014	-0.989854	0.00458939
0.772746	0.439272	0.458152
-0.670125	-0.151783	-0.726564
0.839192	0.214029	0.499948
0.391088	0.363261	-0.845631
-0.752245	0.504976	0.423235
-0.369501	0.915934	0.156636
-0.344014	-0.590275	0.730226
0.804509	-0.015059	-0.59375
-0.986407	0.0447183	-0.15812
-0.0885575	0.0939355	0.991632
0.240933	0.0829305	0.966992
0.0214265	0.146301	-0.989008
0.541901	0.573403	-0.614453
0.74409	-0.0136516	0.667939
-0.316212	0.600535	-0.734416
-0.740593	-0.664032	0.102881
-0.386344	-0.852415	-0.352316
-0.472067	0.280899	0.835612
0.265661	-0.781584	-0.564403
0.906869	-0.39754	-0.139825
0.420083	-0.822957	0.382456
-0.0499276	0.881162	0.47017
-0.173826	-0.890675	0.420098
-0.615288	-0.516816	-0.595249
-0.925695	-0.316691	-0.20687
-0.284264	0.325139	0.90193
-0.195056	-0.911555	-0.361967
-0.241595	-0.796403	0.554413
0.904602	0.425231	-0.029553
0.4743	-0.526924	0.705259
-0.682369	-0.151032	0.715236
-0.247201	-0.754626	-0.607809
0.993652	-0.0973517	-0.0563796
-0.634512	0.476568	0.608504
-0.441336	-0.749946	-0.492751
0.532153	0.588448	0.608722
0.950909	0.217102	-0.220542
-0.686984	-0.175794	0.705088
0.395223	-0.457187	0.79673
0.492387	-0.866439	-0.0826948
0.992662	0.120851	-0.00418159
-0.496965	0.854314	-0.152231
-0.290953	0.409854	0.864503
-0.19777	-0.223407	-0.954451
0.321935	-0.613893	-0.720759
-0.172538	0.372472	0.911863
0.430278	0.377712	-0.819875
-0.151299	0.304855	0.940304
-0.0919079	-0.145902	-0.985021
0.0958372	-0.591781	0.800381
-0.315657	0.756126	-0.573266
-0.157664	0.595566	-0.787683
0.837528	0.406827	0.364745
0.176219	-0.0961752	0.979641
0.284276	0.958575	-0.0179042
0.849401	0.0194363	0.52739
0.648606	-0.0347028	0.760333
0.271447	-0.246703	0.930298
0.248844	0.460852	0.851876
-0.710223	0.635165	0.30356
0.707236	0.476031	-0.522696
-0.16875	-0.649629	0.741287
-0.214018	0.242151	-0.94634
-0.919487	0.329846	0.213879
0.826404	-0.546844	0.134235
0.620361	0.188636	0.761294
-0.88994	-0.1934	0.413041
-0.741503	-0.602336	-0.295575
0.346244	0.888406	0.301413
-0.92512	-0.16964	0.339669
-0.0209965	-0.371226	-0.928305
0.0167553	0.478896	0.877712
-0.023313	-0.999503	-0.0212319
-0.85795	0.449342	0.249025
-0.766036	0.624105	0.153889
-0.887177	0.288325	-0.360258
-0.970895	0.0869282	0.223173
-0.10309	-0.644315	-0.75778
0.132528	-0.991116	-0.0112315
0.588813	0.762216	0.268935
-0.135147	-0.754846	-0.641828
0.360229	0.800595	-0.478835
-0.57994	0.694391	0.426017
0.593301	-0.756934	0.273942
0.280263	0.580961	-0.764158
0.152141	-0.837619	0.52464
-0.821381	0.449286	-0.351392
0.123431	0.351488	-0.92802
0.553172	0.756419	-0.349044
-0.707753	-0.675109	-0.20812
0.505731	-0.81878	0.271728
0.154849	0.337963	0.928333
-0.479464	-0.0669752	0.875002
0.543255	-0.751008	-0.375313
0.814887	-0.559665	-0.150782
0.483408	-0.554673	0.67724
0.831272	0.326076	0.45018
-0.366869	0.0978961	-0.925107
-0.637163	-0.767773	-0.0674384
0.783458	0.387529	0.485814
0.121612	0.38451	-0.915075
0.321066	-0.831867	0.452674
0.929547	0.0803693	-0.359838
0.402	-0.473189	-0.783893
-0.405995	0.893165	0.193456
0.875341	0.192336	-0.443605
-0.572624	-0.819631	0.0175455
-0.130923	-0.986661	0.0967418
0.523501	-0.306912	-0.794828
0.490855	0.0162589	0.871089
0.125505	0.206101	0.970449
-0.0394071	0.96518	-0.258603
-0.249287	0.0556326	-0.96683
0.282784	-0.761636	0.583048
0.836081	-0.413049	0.361053
0.968251	0.0237199	0.248852
-0.679649	0.232415	-0.695745
0.202289	-0.960627	0.190461
0.796467	0.211188	-0.566604
0.048939	0.0436572	-0.997847
0.721645	-0.23452	-0.651329
-0.553151	-0.800362	-0.231183
-0.942779	0.279453	0.181861
-0.701449	0.575678	-0.420196
-0.68716	0.533362	-0.493291
0.374628	0.552331	0.744704
-0.510207	0.634426	-0.580683
0.894485	0.407987	0.182874
-0.444125	0.618697	-0.648049
0.629156	0.714572	0.30586
-0.296468	0.0694797	0.952512
-0.151271	-0.960384	0.234051
-0.472618	0.783433	-0.403566
0.742097	-0.66192	0.105617
-0.397276	-0.596375	0.697502
0.945592	-0.228741	-0.231374
-0.242192	0.223192	-0.944208
-0.53319	-0.821502	0.202097
-0.909473	0.0859306	0.406786
-0.738154	0.387591	0.552179
-0.7352	0.675902	0.0513683
-0.805981	-0.149526	0.572745
0.974834	-0.0185421	-0.222161
0.628695	-0.514806	-0.582852
-0.606837	0.765237	-0.214853
-0.457558	-0.318314	0.830251
-0.0938572	-0.488109	-0.867721
0.820327	-0.505033	0.268337
0.475036	-0.459429	-0.750511
-0.698643	-0.626421	-0.345679
0.434166	0.884607	0.170209
0.0925302	0.854772	-0.510689
-0.983019	0.179037	-0.0402547
0.714384	-0.476959	0.512021
0.0839372	-0.871209	0.483683
0.960314	-0.119469	0.252039
0.471351	0.881471	0.0289344
0.865908	0.157827	0.474652
-0.200336	0.0962317	-0.97499
-0.102018	0.518295	0.849095
-0.823555	0.545726	0.154725
0.522647	-0.624212	0.580689
-0.303291	0.196398	-0.932439
0.401068	0.907914	0.121802
0.611468	-0.0610502	-0.78891
0.636211	-0.483502	-0.601216
0.170693	0.149915	-0.973853
0.408237	-0.912665	0.0196064
-0.184679	0.314764	-0.93103
0.241515	-0.859206	-0.451039
-0.428291	-0.903629	-0.00457395
0.506005	0.855187	-0.112311
0.770077	0.605156	0.20191
0.379842	-0.398553	-0.834791
-0.766489	0.29339	0.571329
0.624233	0.765089	-0.158022
0.332655	0.937499	-0.102162
0.259758	-0.209831	-0.942601
-0.59297	0.706117	-0.387022
0.375919	0.906329	-0.19301
-0.91962	-0.160513	0.358518
0.895878	0.43396	0.0952975
-0.416934	-0.261698	-0.870448
0.360794	-0.918681	0.160791
0.699463	0.714523	-0.0144307
0.406272	-0.912185	0.0534869
0.341518	0.500297	0.795656
0.647628	0.562768	0.513683
0.120888	0.952262	0.280327
-0.9097	-0.262463	-0.321806
-0.588657	0.778882	-0.216391
-0.116871	-0.974563	-0.191227
0.318659	0.897166	-0.30586
-0.540735	-0.784602	-0.303324
-0.146205	0.91315	0.380502
-0.818011	-0.149576	-0.555415
-0.322943	0.943065	0.0795957
0.616356	-0.770087	-0.16453
0.370319	-0.708829	0.600354
0.500077	-0.0510749	-0.864474
0.0640618	-0.0209927	-0.997725
0.664204	-0.114854	0.738676
-0.440766	-0.84648	0.298658
0.680175	-0.583526	-0.443689
0.424592	0.261693	0.86674
-0.322646	-0.689749	-0.648187
0.780876	0.0666359	-0.621122
0.874003	0.325884	-0.360442
-0.650033	0.666714	-0.364624
-0.193354	0.484913	0.852921
0.232075	0.474863	-0.848909
0.418628	0.365122	-0.831526
0.650823	-0.380017	0.65728
-0.894039	0.296829	-0.335541
0.244006	0.0331185	-0.969208
0.257598	0.824121	-0.504448
-0.625038	-0.756208	-0.193589
0.736226	0.106882	-0.668242
0.359973	0.284751	-0.888446
0.00840754	0.190079	0.981733
0.743151	0.419486	-0.521305
0.398985	-0.814622	0.420954
-0.840158	0.513943	-0.173196
0.103429	-0.913444	-0.393602
0.205301	-0.822023	0.531158
0.779648	-0.0373563	0.625102
-0.235549	-0.00605376	0.971844
0.351523	0.617426	-0.703717
-0.113361	-0.515062	0.849624
0.463658	0.874354	0.143267
-0.592887	-0.168594	-0.787439
-0.695229	0.649365	-0.308191
0.511944	-0.142844	-0.847059
0.538903	0.201102	0.818011
-0.986115	-0.114005	-0.120745
-0.230553	-0.224997	0.94669
0.600932	-0.394553	-0.695132
-0.659834	-0.439921	-0.609171
0.365412	0.344579	-0.864719
-0.132798	-0.535873	0.833789
0.632021	0.732623	0.252612
-0.637029	0.0284111	-0.770316
0.761062	0.163977	0.627612
-0.014773	-0.162426	-0.98661
0.484032	0.79202	0.372044
-0.894579	0.108663	0.433498
0.115485	0.124641	-0.985458
0.993571	0.112088	0.0158905
0.101386	-0.70762	-0.699282
0.454085	0.317934	0.832301
-0.113424	-0.0925289	0.989229
0.0383268	-0.525197	0.850117
0.334651	0.399767	-0.853343
-0.137474	0.960851	0.240552
-0.65306	0.680781	0.331738
-0.603585	-0.252865	0.756138
0.925587	-0.184075	-0.330764
-0.591433	0.802182	0.081915
0.574912	0.0875073	0.813523
0.709429	-0.559435	-0.428652
0.899245	0.0250115	0.43673
-0.967668	-0.236633	-0.0873159
-0.690825	0.66993	-0.271946
0.275583	0.868292	0.412459
-0.156499	-0.982885	-0.0971893
0.050417	0.135156	0.989541
-0.455292	-0.631969	0.627156
-0.987399	0.14696	0.0586937
0.759161	0.261988	-0.59585
0.521384	0.852404	-0.0395785
0.438205	-0.0859601	0.894756
0.760611	-0.383565	0.523783
0.800936	-0.47938	0.358744
0.164445	0.899114	0.40565
-0.9256	-0.154342	0.345606
0.629892	0.0100734	0.776618
-0.232037	-0.402933	0.885327
-0.70224	0.512865	0.49379
0.0256355	0.99946	-0.0205768
0.20798	-0.969439	-0.130123
-0.452685	-0.347395	-0.821214
-0.76098	-0.526705	0.378802
0.962007	0.0462708	-0.269075
-0.689468	-0.514458	0.509869
0.711445	0.215738	0.668807
0.333903	-0.637323	-0.694499
-0.580339	0.804671	0.125344
0.615027	0.0862878	-0.783771
0.63039	0.693898	0.348014
-0.0548611	-0.177242	-0.982637
-0.707503	0.699723	0.0991327
-0.981972	-0.0918486	-0.165211
0.949944	-0.292335	0.110215
0.0871404	-0.511091	-0.855098
0.800052	0.571918	-0.181182
-0.431201	-0.890244	0.146734
0.21988	0.45023	-0.865417
-0.178149	0.497721	0.848844
0.641781	-0.763278	0.0743155
0.930554	0.0338569	0.364587
0.269597	-0.848693	-0.455014
-0.642374	0.158301	0.749864
0.0634028	0.183852	-0.980907
0.918682	-0.152461	0.364389
-0.759842	0.650077	0.00625533
0.0385753	0.715704	0.697337
0.672431	-0.513224	-0.533327
-0.177686	-0.210848	0.961234
-0.701215	-0.083688	-0.708021
-0.109503	0.534534	0.838023
0.575285	-0.544885	0.61004
-0.584286	-0.610862	0.534282
-0.0222093	-0.546469	-0.837185
0.997438	0.0577601	-0.0422147
-0.951995	-0.272708	0.139051
0.43863	0.0466564	0.897456
0.952241	-0.151239	-0.265262
-0.617059	0.781863	-0.0890451
-0.979911	-0.189329	-0.0626807
-0.637484	-0.770319	-0.0149083
0.0957263	-0.767172	-0.634258
-0.479611	0.621389	-0.619556
0.98301	-0.118375	-0.140282
-0.959016	0.0391526	-0.280633
0.306581	0.704417	-0.64016
-0.927051	0.344919	0.146992
0.710673	0.403278	0.576464
-0.00511821	0.956154	0.292818
-0.432588	0.859956	0.270821
-0.0229972	0.997178	-0.071468
0.21359	-0.277973	0.936542
-0.936731	0.348187	-0.0360733
0.84506	-0.443092	0.299237
-0.80621	-0.326691	-0.493254
-0.847875	0.528027	-0.047899
-0.108269	0.958225	0.264732
-0.271951	0.390592	0.879478
-0.333709	-0.79702	-0.503386
0.206864	-0.275857	-0.938675
-0.27449	0.0510433	0.960234
0.601815	0.634475	-0.485037
-0.326206	-0.574849	-0.750425
0.892491	-0.142571	0.427941
-0.678204	-0.493019	-0.544952
-0.0324603	-0.771325	0.635613
0.117634	0.948898	-0.292838
0.347531	-0.935162	-0.0685081
0.569296	-0.20088	0.797214
0.771814	0.60088	0.207957
0.425415	-0.801132	-0.420962
-0.848477	-0.158597	-0.504909
-0.593461	0.315428	0.740479
-0.234892	0.409979	-0.88133
-0.893453	0.240996	0.37903
0.529324	0.694646	-0.487117
0.673412	-0.716746	0.181085
0.981711	0.0566167	0.181765
-0.822525	-0.559462	0.102248
-0.343699	0.0197845	0.938871
0.275087	-0.542651	-0.793635
-0.700298	-0.365319	0.61329
0.661358	0.748338	-0.050942
-0.366124	0.884422	-0.289398
0.161485	0.948032	-0.274151
0.538903	0.533584	-0.651821
-0.394577	0.881622	-0.258944
-0.057935	-0.845379	0.531016
-0.776848	-0.627122	0.0567977
0.118354	-0.085011	-0.989326
-0.474778	-0.0392686	0.879229
0.76982	-0.29568	0.565642
-0.213053	0.402944	0.890081
0.674378	-0.734177	-0.0787295
0.0708773	-0.669702	0.73924
-0.597389	-0.423879	0.680774
0.151713	-0.42736	-0.891261
-0.622677	0.0873576	0.777587
-0.584515	0.558888	-0.588206
-0.108458	-0.987629	0.113249
0.288831	-0.957259	-0.0151926
0.248136	-0.763361	-0.596413
-0.927688	0.328492	0.17745
-0.862074	0.505862	0.0305303
0.308898	0.8752	0.372301
-0.257258	0.909152	-0.327506
0.689073	-0.166353	0.705341
0.14278	-0.605065	0.783269
-0.72569	-0.254069	-0.639393
0.499182	-0.749444	0.434915
-0.4396	0.421147	-0.793339
0.0431249	-0.903001	-0.427468
0.322334	0.122312	-0.938691
0.96594	0.0750442	-0.247646
0.57887	0.339876	-0.741211
0.17065	-0.409855	0.896045
-0.471537	0.0283692	0.88139
0.396887	0.649616	-0.648444
-0.268355	-0.958895	0.0922283
-0.361782	0.190519	-0.912588
0.732367	-0.587055	-0.34497
-0.872199	0.481155	0.088083
0.139853	0.760589	-0.633992
-0.482277	0.848696	0.21708
0.054754	-0.950339	0.306361
0.783687	0.147166	-0.603471
-0.588079	0.591975	0.551116
0.289549	-0.192533	0.937599
-0.461965	0.858395	-0.223038
-0.704405	-0.346211	0.619638
0.537096	0.480181	0.693508
-0.599112	-0.720635	-0.348928
0.508224	0.150047	-0.848053
0.0694505	0.316605	-0.946011
0.00738381	-0.951387	0.307909
-0.660272	-0.750772	0.0195434
0.0417709	0.804377	-0.592649
-0.573001	-0.815647	0.0799365
-0.993871	0.0150433	-0.109514
-0.263635	-0.0607784	0.962706
0.889363	-0.429702	0.156174
-0.546857	0.0731071	-0.834028
-0.0141442	0.692304	0.721467
-0.905492	-0.418328	0.0713178
-0.0163981	0.0389555	0.999106
-0.680899	-0.709838	0.180297
0.758376	-0.613295	0.220763
-0.199312	-0.475719	0.856718
-0.568997	0.610185	0.551287
-0.650744	-0.360229	0.668407
-0.0865513	-0.971237	0.221829
0.676437	-0.594097	0.435294
0.707395	0.664955	-0.23964
-0.739473	-0.663003	0.116642
0.618482	0.570582	-0.540293
-0.833132	-0.553068	0.00250681
-0.15829	0.744528	-0.648554
-0.995156	-0.0811329	-0.0555225
0.166669	-0.474646	-0.864253
0.0258466	0.0358881	0.999022
-0.639653	0.0916248	0.763183
0.612669	0.455577	0.645822
-0.575332	0.307462	0.757932
0.657099	0.0224398	0.75347
-0.894152	0.235837	0.380621
-0.835076	0.216495	0.505744
-0.836377	-0.476748	-0.270528
-0.0461621	-0.964488	-0.26006
-0.474566	0.781422	-0.405175
-0.489133	0.837529	-0.243503
0.603186	0.415958	0.680548
-0.784642	-0.452982	0.423255
0.315303	0.691236	-0.650213
-0.880212	0.457467	-0.126297
0.305797	0.16063	0.938449
0.899124	0.437677	-0.0038876
-0.8075	0.0343155	0.588869
0.970905	0.239086	0.0134437
-0.7282	-0.196009	-0.656738
0.497137	0.299978	0.814167
0.853885	0.509102	0.108149
-0.740308	0.547581	-0.389999
0.526481	-0.201717	0.82591
-0.390632	0.529173	-0.753248
0.450458	0.641384	-0.621059
-0.381621	0.633755	-0.672845
0.218373	-0.830974	-0.51166
-0.947897	0.302496	0.09994
-0.603904	-0.330068	-0.725503
-0.640035	0.495126	0.587542
0.68598	-0.727467	-0.0149505
0.349238	0.932321	-0.0938619
0.626913	0.734759	0.259054
0.511891	-0.290619	-0.808398
-0.130493	0.117926	-0.984411
-0.975737	0.057118	0.211366
-0.66952	0.416658	-0.614931
0.0243642	-0.335149	0.94185
0.220616	-0.92959	0.29528
0.885344	0.32996	0.327555
0.413843	-0.71254	-0.566587
0.0646232	-0.869026	0.490528
-0.478193	-0.389574	-0.787124
-0.119544	0.4906	-0.863146
0.308178	-0.776819	0.549161
-0.997644	0.00569953	0.0683725
0.417557	-0.192028	-0.888128
-0.119147	0.943175	0.3102
-0.727124	-0.37533	-0.57482
0.0472252	-0.993409	-0.104446
0.215168	0.586574	0.78079
-0.620626	-0.224136	0.75139
0.966864	-0.245702	0.0693176
0.624638	-0.395639	0.673273
-0.181873	0.433194	-0.88276
-0.865891	-0.463754	-0.18752
-0.0727878	0.494613	0.86606
-0.573374	0.269738	-0.773617
0.601689	0.536219	-0.59198
-0.763252	-0.604587	-0.227863
0.802171	0.570769	-0.175342
-0.688346	-0.706474	-0.164542
-0.163955	0.933489	0.318932
0.368916	-0.102098	-0.923838
-0.653559	-0.751399	0.0908915
0.457249	0.166598	-0.873595
-0.95151	-0.0894797	-0.294315
0.578843	0.673595	0.459577
0.0463869	0.331601	-0.942279
-0.120479	0.947184	-0.2972
-0.752571	-0.639935	0.155308
-0.429684	-0.677144	-0.597368
-0.666643	-0.725005	0.173074
0.897076	0.423574	-0.125855
-0.939234	-0.341533	0.0345627
0.0710647	0.737341	-0.671773
-0.0841347	-0.759517	0.645024
-0.704197	0.25142	0.663999
-0.788555	0.612518	-0.054791
-0.595245	-0.524048	0.609144
-0.114955	0.291041	-0.949779
-0.311212	0.904983	0.29009
-0.885502	0.00387595	-0.46462
0.458252	0.888819	-0.00262983
-0.860773	0.0912566	-0.500741
-0.991578	-0.0201985	0.127929
0.0762624	0.270832	-0.959601
0.319878	0.612557	-0.722808
-0.0488634	0.563927	-0.824378
0.900671	-0.414733	0.129568
0.388432	0.919775	-0.0559911
0.07896	0.800556	0.594033
0.0953364	0.612132	0.784988
-0.921169	-0.262307	0.287476
-0.359639	0.185472	-0.914473
-0.209077	-0.931286	-0.298316
-0.640458	0.76779	0.0176843
-0.720334	-0.503434	-0.47715
0.0314719	-0.0655111	-0.997355
-0.414403	-0.561736	0.716047
0.692592	-0.463633	-0.552594
0.148654	-0.964656	0.217581
-0.612333	0.3092	-0.727629
-0.699183	0.256023	0.667529
-0.961272	-0.206048	0.18303
0.160939	-0.951714	-0.261419
0.0572164	-0.57219	0.818123
-0.798726	-0.548999	0.246245
-0.540902	0.834906	0.10177
-0.0130429	0.984253	-0.176286
-0.876544	-0.256515	-0.407272
-0.390971	-0.536439	0.747914
-0.416183	-0.805144	0.422534
0.868856	-0.489606	-0.0733217
-0.45701	0.888912	0.0312616
-0.254531	-0.116036	-0.960078
-0.837778	-0.292834	-0.460844
0.440788	-0.577278	0.687354
-0.989317	-0.144068	0.02227
-0.905628	-0.279541	-0.318895
0.622195	0.414155	-0.664341
0.453592	-0.838723	0.301328
0.689053	-0.0154972	-0.724545
0.877179	0.169693	-0.449179
0.573472	0.817934	-0.0459733
-0.267928	-0.352928	-0.896469
-0.778548	-0.625991	-0.0446916
0.390674	0.435547	0.81097
-0.498818	0.850815	-0.165207
0.249359	0.157157	0.955574
-0.280805	-0.903415	-0.32402
-0.679474	0.657105	0.326386
-0.804552	0.253751	0.536942
-0.126736	0.84278	-0.523125
-0.0114887	-0.583536	0.812006
0.246989	0.883328	0.398407
0.944088	-0.239861	-0.226196
-0.301121	0.83077	0.468131
-0.771555	0.249883	-0.58503
-0.644416	0.764531	0.0148489
0.0478396	0.21369	-0.975729
0.315847	0.0169928	0.948658
0.413827	-0.793705	0.445848
0.472856	-0.128089	0.87178
-0.55449	0.831001	-0.0444849
0.800218	-0.131966	0.58501
-0.683296	-0.434093	-0.587086
0.373014	0.883626	-0.282959
-0.108967	0.99401	-0.00840143
-0.689315	-0.49857	-0.525616
0.13947	0.960349	-0.241408
0.138399	0.722316	-0.677573
-0.289711	-0.436084	0.851997
0.871378	-0.481995	0.0915487
0.813124	-0.291659	0.50375
-0.396125	0.775301	-0.491928
-0.455363	-0.467855	0.757467
0.176047	0.05751	0.9827
-0.323031	-0.730929	-0.60116
0.257552	0.109997	0.959983
-0.799512	0.598679	0.0486143
0.207532	0.0148666	0.978115
-0.424914	0.241838	-0.872332
0.874909	-0.484269	-0.00425812
0.230444	-0.362033	0.903232
0.387297	-0.910378	-0.145647
0.893262	0.3984	0.208234
-0.0999415	0.473242	0.875245
0.987032	-0.0331834	0.157056
-0.599473	-0.568298	-0.563621
-0.342809	0.645674	0.682339
0.686315	0.725757	0.0474231
-0.915399	-0.383605	-0.122032
0.256716	0.328499	-0.908947
0.0237461	-0.245541	0.969095
0.676241	-0.523754	0.518054
0.591287	0.792228	0.150847
-0.629894	0.119327	-0.76746
0.318088	-0.938807	0.132144
0.558926	0.812602	0.165163
0.841138	0.325231	0.432101
-0.10519	0.640663	0.760583
-0.0458432	-0.910782	0.410334
0.267645	-0.940041	0.211397
-0.858147	-0.291532	-0.422602
0.77922	0.363104	0.510854
-0.0617273	-0.626314	-0.777123
0.874862	-0.456046	-0.163212
0.861135	0.507966	-0.0204315
0.836845	0.53001	0.137039
-0.796039	-0.604662	0.0265746
0.636435	-0.0470524	-0.769894
0.126242	0.991761	0.0217532
0.0991476	0.595018	-0.797573
-0.411615	-0.483301	-0.772653
-0.600488	-0.794492	-0.0905373
-0.720251	-0.234763	-0.652782
-0.193723	-0.534412	-0.822724
-0.124814	-0.436001	0.891249
-0.0692985	-0.877309	0.474897
-0.881209	0.00290366	0.472719
-0.992269	0.0395121	-0.117647
0.59125	0.448231	0.670457
-0.73652	0.105517	-0.668135
0.889703	-0.310612	-0.334588
-0.557492	0.203372	0.804886
0.265182	-0.961529	-0.0716915
-0.156051	0.985335	0.0690194
-0.945678	0.283528	-0.159074
-0.257012	0.958356	-0.124495
-0.216516	-0.773837	-0.595229
0.682404	0.200167	-0.703035
-0.167013	-0.510552	-0.843471
-0.776386	-0.621887	-0.102381
0.750415	-0.645592	0.141735
-0.897719	-0.440338	-0.014223
-0.0742535	-0.925995	0.370161
-0.834671	0.251593	-0.489924
-0.1496	0.904028	0.400441
-0.90196	0.0655521	0.426815
0.994294	-0.0090993	0.106288
0.880479	-0.0225998	0.473546
-0.0944588	0.809616	-0.579309
0.783734	0.311504	0.537333
0.765026	-0.0285986	-0.643364
-0.349612	0.932059	-0.0950679
0.159922	0.964337	-0.210901
-0.734157	-0.144401	-0.663447
0.221428	0.971888	0.0800265
0.614342	0.497969	0.612054
0.857365	-0.49195	0.151364
-0.769067	0.33952	-0.541537
0.750652	-0.143065	0.645023
0.300839	-0.251149	-0.920011
0.89917	0.263796	-0.349148
-0.658288	0.0374536	-0.751833
0.604761	-0.716345	0.348014
-0.668999	0.723888	0.168601
-0.121833	0.328221	-0.936711
-0.451086	0.451345	0.769941
-0.766773	0.244638	-0.593474
0.342422	-0.913137	0.221196
-0.744282	0.606739	0.279127
-0.900994	0.103588	-0.421283
0.596359	-0.553759	0.581126
0.332538	-0.194123	-0.922895
-0.185292	-0.904177	-0.384879
0.930635	-0.343985	0.124874
0.0593126	0.11877	0.991149
-0.400577	0.915907	0.025544
0.380855	0.763263	0.521899
0.677336	-0.679583	-0.281748
0.322274	0.261758	0.909737
0.466105	0.859446	0.209996
0.916344	0.31272	0.25004
0.648071	0.531106	0.54583
-0.014156	0.580072	0.814442
0.671116	-0.59186	-0.446436
-0.639033	0.47373	-0.605985
0.912658	-0.350563	-0.210146
0.986931	-0.036938	0.156855
0.478073	0.334419	-0.812164
-0.539799	-0.829309	-0.144443
0.444051	0.398112	-0.802698
-0.930173	-0.342211	0.132925
0.613705	-0.734101	-0.290623
-0.09192	0.582687	0.807481
-0.91459	0.387793	-0.114636
0.246266	0.398691	0.883402
-0.980322	0.00167588	0.1974
0.527423	-0.686256	0.500878
0.692948	0.596456	0.405046
-0.373388	0.742384	-0.55628
0.652202	0.743854	-0.145995
-0.404377	0.89731	0.176958
-0.506874	-0.777725	0.371783
0.0644139	0.9895	0.129383
-0.826667	0.330956	-0.45507
0.166832	-0.305098	0.937594
0.0514065	-0.527139	0.848223
0.389467	-0.121426	-0.913001
0.38759	0.806929	0.44569
-0.0442821	0.988805	0.142489
-0.370911	0.859372	0.352
0.113971	0.479077	0.870342
0.045508	0.92516	-0.376839
0.825093	0.492884	0.276202
-0.0413304	0.851319	-0.523017
-0.560284	-0.657087	-0.504299
-0.305684	0.938102	-0.162858
-0.933362	-0.355062	0.0525907
0.805159	-0.455667	-0.379588
-0.310329	-0.580127	0.753092
0.465001	0.815502	-0.344574
-0.370541	-0.925137	0.0825866
0.386639	-0.838587	0.383774
-0.285699	0.0536449	-0.956817
-0.584837	-0.572774	0.574365
-0.188487	-0.979122	-0.0761091
-0.112157	-0.984737	-0.13309
-0.3801	-0.917292	-0.118738
0.189258	0.968705	-0.160599
0.433808	0.11749	-0.893312
0.0764858	0.995176	-0.0614422
-0.304522	0.909253	0.28377
-0.856901	-0.487117	0.168635
0.128457	0.969913	0.206803
-0.521184	-0.831944	-0.190357
-0.373054	0.383927	-0.844648
-0.687057	-0.306038	0.65901
0.369998	0.391213	0.842647
0.140927	-0.946349	-0.290797
0.856934	0.502263	-0.115741
-0.696427	-0.717236	0.023696
0.537243	-0.457083	-0.708834
0.839507	0.534695	-0.0965842
-0.152765	0.227205	-0.96179
-0.432119	0.52573	-0.732722
0.143702	-0.00281086	0.989617
0.847763	0.19974	0.491327
0.0190826	-0.724112	0.689419
0.805748	0.578669	0.126143
-0.0344557	0.525823	0.849896
-0.121233	-0.834574	-0.53739
0.759566	-0.650425	-0.00265749
-0.701779	0.694273	-0.159658
0.829824	-0.513179	0.21918
-0.362633	0.925109	0.112561
0.327324	-0.937772	0.115942
-0.490796	0.79182	0.363512
0.223439	0.812451	-0.538516
-0.450227	0.137276	0.882299
0.45365	0.779988	0.431068
0.853854	-0.00394329	0.520497
-0.805901	-0.591267	0.030445
-0.763972	-0.60485	0.224729
-0.780999	-0.571316	0.252266
-0.428929	0.772646	-0.468015
-0.864668	0.415299	0.282624
0.190498	0.824945	-0.532143
0.579188	0.812067	0.0713308
-0.582404	-0.113348	-0.804958
0.140422	-0.573362	0.807179
0.495652	0.132285	0.858388
0.820554	0.0532905	0.569079
-0.10589	0.585486	-0.803737
-0.782588	-0.524659	0.335096
0.697297	0.504906	-0.50877
0.740066	0.566955	-0.361751
0.22702	0.660898	-0.715315
0.575815	-0.815717	0.0551579
-0.745374	-0.643037	-0.175845
0.333007	0.353924	-0.873982
0.842283	0.271236	-0.465822
-0.8648	-0.436904	-0.24746
-0.874248	-0.425097	0.234485
0.13866	-0.955832	-0.259149
0.755228	-0.251209	0.605413
-0.992872	0.110957	0.0435093
-0.091249	0.995826	-0.00179031
-0.777124	-0.217804	0.590457
-0.302402	-0.283439	0.910063
-0.0579399	-0.728646	-0.682435
0.330389	-0.715832	-0.615165
0.683909	0.389444	0.61693
-0.753989	0.357701	-0.550954
0.513443	0.854525	0.0785065
0.461592	0.222748	0.858671
0.763293	0.075436	0.641633
0.878579	0.299177	0.372281
-0.92285	0.342401	0.176379
0.337134	0.497176	-0.799473
0.512447	0.739576	0.436378
-0.808613	-0.132606	0.573202
0.122902	-0.309298	0.94299
-0.31395	-0.334531	0.888552
-0.190874	-0.981283	-0.0255165
0.782108	0.610239	-0.126155
-0.216912	-0.916652	-0.335704
-0.195046	-0.481771	-0.854315
-0.668947	0.141819	-0.729655
-0.0964402	-0.733927	0.672347
-0.472223	0.69653	-0.540233
-0.556109	-0.778909	-0.289903
0.169217	-0.180784	0.968856
0.334555	0.904844	-0.263307
-0.563801	0.431208	0.704406
0.400188	-0.81657	0.416008
0.852002	0.276391	0.444636
-0.128446	-0.9845	-0.119418
-0.233798	0.913316	0.333455
-0.161758	0.281867	0.945719
-0.370335	-0.672084	0.641214
0.0510115	-0.627589	-0.776872
-0.774646	-0.0335327	-0.631505
0.770326	0.465583	0.435695
-0.00912113	-0.918838	-0.394531
0.566766	-0.564464	-0.60013
-0.915925	-0.25516	0.309799
0.393829	-0.736772	-0.549605
-0.548057	-0.00832155	0.836399
0.854087	-0.486651	0.183592
-0.757606	-0.0318881	0.651932
0.823844	0.44563	0.350277
0.134953	0.481471	-0.86601
0.297252	0.100106	0.949537
-0.428537	0.709506	-0.559426
0.38916	-0.919276	0.0590385
0.618292	-0.754354	0.220599
-0.364836	0.42812	0.826806
0.25752	-0.592386	-0.763389
-0.791158	0.432451	-0.432498
-0.94107	-0.338128	-0.00758097
-0.28481	0.0601384	0.956696
-0.0591236	0.993976	-0.0922867
0.0365936	-0.964188	0.262684
0.888264	0.400484	-0.224944
-0.0607161	-0.0650671	-0.996032
-0.579502	0.689447	0.434557
0.970715	0.147292	0.189782
0.362218	0.862995	-0.352191
-0.752897	-0.115632	-0.647901
0.553456	0.496104	0.669004
0.858424	0.407081	0.31208
0.951645	-0.0813139	-0.296244
-0.463491	-0.329314	0.822635
0.451929	0.794375	0.405868
-0.511852	0.552604	0.657751
-0.330319	-0.57443	-0.748946
0.0144021	0.556642	0.830628
0.293654	0.936336	0.192463
-0.329004	-0.279832	0.901915
-0.327065	0.891562	0.313283
-0.00106577	0.334062	-0.942551
-0.574918	0.322037	0.752171
0.348854	-0.794728	-0.496697
-0.654239	-0.398088	-0.643038
-0.672041	-0.705312	-0.225601
0.788792	0.244807	-0.563806
-0.869431	-0.159751	0.467515
-0.405218	0.896117	-0.18103
-0.0849772	-0.98839	0.125953
0.221526	0.908036	-0.355523
0.12272	0.976868	0.175125
-0.845668	0.162176	-0.508473
-0.98208	-0.020826	0.187311
0.554864	0.613062	-0.562388
0.498945	-0.820201	0.279864
-0.604858	-0.450764	0.656474
-0.347446	0.423174	-0.836783
-0.942269	0.332212	-0.0419996
-0.556661	0.264342	-0.78756
-0.605904	-0.495911	-0.622055
-0.856162	-0.172304	0.487132
-0.0130078	0.919102	0.393805
-0.971439	0.205963	-0.117836
0.383139	0.92118	-0.0680554
-0.422815	-0.0300265	0.905718
0.958952	-0.13309	0.250394
0.0536215	-0.932464	-0.35726
0.466588	0.872099	0.147439
0.891038	0.11069	0.440227
0.519089	-0.667542	0.533792
0.17281	-0.984588	0.0268884
0.271443	-0.790425	0.549133
0.626312	0.565384	0.536725
-0.304902	-0.202988	-0.9305
-0.531409	-0.645176	-0.548955
-0.0923207	-0.510758	-0.854753
0.209884	0.646449	0.73352
-0.197386	-0.388147	-0.900211
-0.66057	0.530803	0.530938
-0.409832	-0.0923078	-0.907478
0.915192	-0.0541405	0.399364
0.639582	0.454401	-0.620044
0.766837	-0.397669	-0.503806
-0.168418	-0.0715037	0.983119
0.362508	0.107926	0.92571
-0.185774	-0.749218	-0.635736
0.567041	-0.652348	0.502898
0.954468	-0.245811	0.169019
0.223568	0.908403	-0.353302
-0.981625	0.14914	-0.119032
0.68785	0.236013	-0.686412
0.7439	-0.598517	-0.297305
0.893375	0.316995	0.318425
0.637151	-0.737845	-0.222762
0.53913	-0.711357	0.450898
-0.923832	-0.364574	0.116706
-0.163251	0.926336	-0.339487
-0.836295	-0.377566	0.397561
-0.821467	0.211277	-0.529674
-0.446215	0.334181	-0.83019
0.941933	0.324924	-0.0847765
-0.856028	-0.516742	-0.0139473
0.202076	0.381117	-0.902173
-0.97471	-0.198769	-0.102138
0.39334	-0.0889195	-0.915083
-0.317799	-0.89658	0.308461
0.0188206	-0.957964	0.28627
0.448542	-0.705877	-0.548223
0.962225	0.165127	-0.216463
-0.712008	0.123448	0.691235
0.914563	-0.210962	0.345065
-0.950995	-0.0794187	0.298834
0.593613	0.677318	-0.434585
0.291348	0.522617	0.801242
0.776461	-0.448769	0.442397
0.324491	-0.515045	0.793369
0.544172	0.838962	-0.00438302
-0.742224	-0.614272	-0.267906
-0.350499	0.323933	0.878759
-0.131421	0.703113	-0.698828
0.138098	0.669228	0.730111
0.646469	-0.753969	0.116652
-0.721299	0.587108	0.367467
-0.448063	0.0861142	0.889845
0.474978	0.686107	-0.551048
-0.79713	-0.59313	0.113056
0.618231	0.738925	-0.267917
-0.579403	0.44794	-0.680913
-0.100829	0.982645	0.155698
0.215413	-0.793504	0.569165
0.33126	0.438836	-0.835278
0.727107	-0.686313	0.0170383
0.365277	0.193465	-0.910573
0.334052	-0.103695	-0.936833
0.139073	-0.665918	-0.732948
0.89529	0.0844845	0.4374
0.956886	0.000320394	0.290464
-0.650405	-0.550458	0.52342
0.854318	0.0822855	-0.513196
0.91002	0.414563	-0.000992535
-0.456955	0.705377	-0.541881
-0.999726	-0.018112	0.0148605
-0.371838	-0.701528	-0.607942
-0.797637	-0.410147	0.442216
0.169192	0.824323	-0.540247
0.272601	-0.899205	0.342228
-0.800912	0.435086	0.411387
0.488432	-0.340035	0.803623
0.70643	0.288908	-0.646134
-0.729298	0.133367	0.671073
-0.805255	0.447333	-0.389175
0.262758	0.926687	-0.268718
0.516684	-0.788886	-0.332711
-0.831143	0.204894	-0.516933
0.176659	-0.335486	0.925333
0.27534	-0.562752	0.779422
-0.00769617	-0.809454	-0.587133
-0.444508	0.501317	-0.742357
-0.0848307	0.932879	0.350058
-0.43817	-0.75218	-0.49217
0.83785	-0.415477	-0.354099
0.363845	-0.159093	-0.917772
-0.801925	-0.555859	0.218945
-0.0107506	-0.95289	0.303125
0.981349	-0.192203	0.00357873
-0.86493	0.386582	0.32008
-0.592015	-0.692756	-0.411834
-0.179405	0.056575	-0.982147
0.715118	0.687808	0.124602
0.856172	-0.149881	0.494474
0.9802	-0.0355817	-0.194786
-0.216377	-0.832086	0.510699
-0.428382	0.882254	-0.195234
0.0766325	0.681786	-0.727527
0.940552	-0.27279	0.202354
0.30303	-0.20121	0.931497
0.828619	-0.39557	0.396126
-0.0494837	0.30608	-0.950719
0.621537	-0.761477	-0.18397
0.33476	-0.63375	-0.69735
-0.368326	0.917594	-0.14952
0.243469	-0.0738801	-0.967091
0.903534	-0.383399	-0.191392
-0.828976	-0.55331	0.0815274
0.144191	0.159862	0.976552
-0.581698	0.719156	-0.380056
0.886805	-0.176091	-0.427281
-0.513571	0.744868	-0.425929
0.546618	-0.61248	-0.571032
-0.502554	0.46316	-0.730016
-0.434309	-0.768382	-0.470068
-0.882673	-0.379655	-0.27704
-0.589384	0.468268	0.658294
0.220025	0.743085	-0.631992
0.0934566	-0.130656	0.987013
0.284841	0.778733	0.558963
-0.0537694	0.32577	-0.943919
0.688579	0.718805	-0.0958058
0.483244	-0.682338	-0.548535
0.919314	-0.366102	-0.144329
-0.159241	-0.905909	0.392393
-0.614617	-0.169292	-0.770445
0.908865	0.175507	0.378366
-0.984126	-0.061471	-0.166484
-0.707294	-0.57584	0.410054
0.0979096	0.0353195	-0.994568
0.407242	0.0715741	0.910511
0.440813	0.184582	0.878415
-0.53362	0.265394	0.803004
0.782235	0.443418	-0.437594
-0.10345	0.755105	0.647391
-0.104737	-0.606799	0.787925
-0.884135	-0.349601	0.309975
0.90606	-0.371264	-0.203025
-0.918164	-0.383756	-0.0985229
0.089796	-0.441653	-0.892681
0.416865	-0.464632	0.781243
-0.674396	0.611934	0.413191
-0.0820041	0.172257	0.981633
-0.549369	-0.664674	-0.506362
-0.675294	-0.31949	0.664759
0.825348	0.281527	0.489432
-0.79866	-0.4673	0.379174
-0.0761912	0.593075	0.801534
0.158428	-0.500568	0.851077
0.940842	0.200735	0.272985
-0.142359	0.939384	0.311917
-0.00669429	0.985486	0.169622
0.107524	-0.89587	-0.43111
-0.29448	0.809048	0.508648
-0.269068	-0.962983	0.0162914
0.329985	0.806938	0.489858
0.441397	-0.321905	0.837583
-0.2834	0.194833	0.939002
0.847014	0.0112322	0.531452
-0.750588	0.0497339	-0.658896
-0.522511	0.46814	-0.71262
-0.19018	0.118352	-0.974589
-0.527413	-0.834793	-0.157977
-0.209509	0.160613	-0.964525
-0.31611	0.825108	-0.468264
0.641358	0.341564	-0.687019
-0.393426	0.919315	0.00871536
-0.546733	-0.118108	0.828935
-0.561116	0.0692652	-0.824834
-0.723978	-0.552667	0.412814
-0.00825949	-0.999089	-0.0418737
0.449985	0.887012	0.103552
0.172652	0.0362742	-0.984315
-0.609125	0.426513	-0.668621
-0.0657367	-0.852841	-0.518016
-0.57189	-0.733397	0.367521
0.469863	-0.372377	-0.800353
-0.807232	0.257804	0.530955
0.657265	-0.373866	0.65439
-0.307257	-0.118135	-0.944265
-0.0287245	0.61705	0.7864
-0.116448	-0.135674	-0.983886
-0.455877	-0.742113	0.49137
0.161946	0.806948	-0.567986
0.509346	0.824314	0.247131
0.036312	-0.989416	-0.140493
0.00907394	-0.197468	0.980267
-0.182476	-0.29748	0.937127
0.664626	0.376402	0.64544
0.293403	0.526843	0.797716
-0.2797	-0.332433	-0.900698
-0.367733	-0.76185	-0.533251
-0.126927	0.965066	0.229209
-0.27886	-0.938121	-0.205342
0.459616	0.872027	-0.168291
-0.37385	-0.890679	-0.258704
-0.914432	-0.0584168	0.400501
0.827889	-0.507992	-0.237788
0.120572	-0.0165138	-0.992567
0.335194	-0.140695	0.931585
-0.575819	0.0298292	0.817033
-0.663746	-0.460595	-0.589316
0.739098	-0.442287	-0.508052
0.0144067	-0.797371	0.603318
0.438632	-0.365357	-0.821046
-0.565529	-0.0867927	0.820149
0.602791	-0.044814	0.79664
-0.685997	0.589009	-0.427174
-0.806557	0.22812	-0.545369
0.942288	-0.275695	0.189961
-0.394488	-0.904505	0.162021
-0.120252	0.289479	-0.949601
-0.221769	-0.969274	0.106427
-0.122455	0.884086	0.450996
0.630193	-0.769572	-0.103036
-0.399351	0.897248	0.188322
-0.68656	0.122984	0.716596
-0.75453	-0.59362	0.279821
-0.358183	-0.915362	-0.183895
0.604902	0.450463	-0.656641
0.0248861	0.713053	-0.700669
0.30219	-0.000772939	0.953248
-0.573814	0.227634	0.786714
-0.17982	0.96045	-0.212603
-0.147619	0.0174572	0.98889
-0.876685	-0.455867	0.153653
0.419189	-0.0585849	-0.906007
-0.195321	0.0237405	-0.980452
0.792255	0.425746	-0.437119
0.00939316	0.12637	0.991939
-0.371112	-0.538547	-0.756468
-0.609182	-0.464881	0.642482
-0.58064	0.75677	0.300259
-0.956648	-0.0818704	-0.279503
0.834935	0.535463	-0.127137
-0.647443	-0.376703	-0.662505
0.510189	0.592066	-0.623831
0.621946	0.535771	-0.57108
0.705782	0.200219	-0.679547
0.256239	-0.96274	0.0864485
-0.348936	0.937038	0.0142735
-0.339348	-0.746605	-0.57221
0.855538	0.441386	-0.270617
-0.447199	0.802832	-0.394301
0.377351	-0.622432	0.6857
-0.434187	-0.233108	-0.870139
-0.576275	-0.680657	0.452342
0.81898	0.211564	0.533397
-0.0837572	-0.842223	0.532583
0.292925	-0.565908	0.770677
0.965405	0.133482	-0.224
-0.0515745	0.206113	0.977168
0.93966	0.237201	-0.246526
-0.794825	-0.571083	-0.205224
-0.266896	-0.698338	0.664146
0.579104	0.730037	0.362884
-0.118688	0.752529	-0.647775
0.247744	-0.847862	-0.468777
0.618771	0.565692	-0.545082
0.100107	0.793393	-0.600422
0.407959	-0.897867	-0.165541
-0.0719057	-0.290788	0.954082
0.841411	0.534965	-0.0764178
-0.0703796	0.903152	-0.423512
-0.217216	-0.970621	0.103498
0.319128	-0.892341	0.319193
-0.673215	-0.19651	0.712857
0.697016	0.369951	-0.614252
0.303702	-0.399822	-0.864817
-0.677462	0.380091	0.629743
0.656639	-0.101784	0.747306
-0.276401	0.934842	-0.222874
0.302884	0.944694	-0.125756
-0.538526	-0.638881	-0.549382
-0.932426	0.123533	-0.33959
0.0551741	-0.071862	-0.995887
0.906078	-0.354759	-0.230582
-0.715832	0.685987	-0.130406
-0.557693	0.575298	0.598341
-0.538213	-0.815367	-0.213314
-0.0289697	0.891826	0.451451
0.599247	-0.248875	-0.760897
0.544479	0.144861	-0.826171
-0.264579	-0.938116	-0.223464
0.329617	0.204281	-0.921749
-0.196338	-0.726303	-0.658737
0.746988	0.170516	0.642598
0.652449	0.130519	-0.746509
0.453214	0.755622	0.472897
-0.867251	0.190883	0.459825
0.603531	-0.538613	-0.587917
0.0630259	0.621563	0.780825
0.360009	0.893147	0.269596
-0.380419	-0.506384	-0.773859
0.0668613	-0.199601	-0.977593
-0.0959156	0.995268	-0.0155257
-0.769218	0.172163	0.615357
0.790107	-0.413547	-0.45245
0.125304	0.990603	0.0548145
-0.988301	-0.106725	-0.10895
0.234478	0.856309	0.460169
0.239834	-0.950407	-0.198004
-0.402883	-0.912374	0.0725227
0.821591	0.161971	0.546583
0.669619	-0.740124	-0.0618553
0.855858	-0.0231642	0.516692
0.0793465	0.781417	0.618944
0.485377	0.810626	0.327559
-0.21837	-0.102822	0.970434
0.567846	0.382047	-0.729103
-0.229678	0.225049	-0.94689
0.0268609	-0.639269	-0.768514
-0.862246	0.490987	0.124351
0.840456	0.458977	0.288051
0.00796842	0.954741	0.29733
0.797497	-0.135483	0.587914
-0.836638	0.466217	0.287539
-0.702985	-0.694455	-0.153444
-0.384571	0.738668	0.553601
0.941222	-0.104584	-0.321192
-0.220035	0.903175	0.368591
0.29148	0.635049	-0.715368
-0.36456	-0.931028	-0.0168152
-0.232719	-0.947278	-0.220241
0.978057	-0.196015	-0.0705889
-0.873273	0.426774	0.235072
0.91579	0.367585	0.161892
-0.479904	0.780511	-0.400617
-0.860639	-0.350209	0.369668
0.422214	-0.888248	0.180973
0.51202	0.270012	0.815432
-0.489012	0.651511	-0.580001
0.200883	0.973168	0.112207
-0.930867	-0.00404036	-0.365335
-0.688069	-0.645685	0.331137
0.963164	0.0730498	0.258804
0.717832	-0.657575	-0.228719
-0.353461	0.323531	-0.87772
-0.0915959	0.995772	0.00698522
-0.992717	-0.0223925	-0.118367
-0.112585	0.949371	-0.293289
-0.700615	0.187188	-0.688548
0.834269	0.465802	0.294999
-0.0737403	0.893161	0.443651
-0.840337	0.393263	0.373066
-0.266916	0.219764	0.938328
0.405138	-0.627175	0.665217
-0.891221	-0.242699	-0.383173
0.98525	0.0894586	-0.145874
-0.910992	-0.38324	-0.152381
0.566906	-0.299166	0.76754
-0.289623	-0.699333	0.653492
-0.270149	0.937671	0.218614
-0.235246	0.162797	-0.958205
0.354508	0.632121	-0.689019
0.681913	0.233367	0.693206
0.881859	-0.158706	-0.444
-0.162642	0.899908	-0.404615
-0.173866	-0.960383	0.217797
0.538573	0.838936	0.078267
0.608962	0.791903	-0.0453386
-0.94325	-0.29255	0.157146
0.393659	0.656692	-0.643264
0.719555	-0.228528	0.655756
0.800566	0.591977	-0.0930459
-0.0216359	-0.56916	0.821942
0.0857847	-0.476991	0.874712
-0.0974589	0.929295	-0.356249
0.889017	0.373276	-0.265169
-0.747192	0.341535	-0.570139
-0.318193	-0.319562	0.892543
0.370384	0.882035	0.291257
-0.347878	0.552155	-0.757698
-0.472199	0.187812	-0.861252
0.789986	-0.0584065	0.610337
-0.831323	-0.453503	0.321306
0.261631	-0.242872	-0.934111
-0.773881	-0.345375	-0.530871
-0.877597	0.188457	-0.440804
-0.445208	-0.212669	0.869806
0.338438	-0.387918	0.857309
-0.0702028	0.897303	-0.435797
0.847909	-0.511395	0.139733
0.606044	0.7721	-0.191238
-0.508232	-0.159018	-0.846412
0.264697	0.838545	-0.476211
0.360135	-0.520955	-0.773892
0.669012	-0.292379	-0.683328
-0.00406339	-0.994215	-0.107335
-0.631655	0.77491	0.0229475
0.486534	0.799895	-0.351358
-0.729456	-0.562544	-0.389151
-0.419933	-0.596946	-0.683602
0.866366	0.394058	0.306804
-0.515589	-0.351073	-0.781611
0.0997117	-0.883102	-0.458463
-0.178588	-0.982596	-0.0511028
-0.192287	0.901402	-0.387944
0.381953	-0.479212	-0.790233
-0.674151	-0.733298	0.0882881
0.384737	-0.805266	0.451136
-0.791252	-0.324189	0.51848
0.55843	0.41636	-0.717495
-0.186352	-0.153096	0.970482
-0.281295	-0.923842	-0.259593
-0.656721	0.671405	0.343414
-0.275484	0.940784	0.19757
0.597295	-0.592568	0.540464
0.768987	-0.553228	0.32031
-0.0398221	0.940013	0.338806
-0.940397	0.322229	-0.108726
-0.514235	0.51485	-0.685924
0.568019	-0.240419	-0.787117
-0.982701	0.0738361	0.169842
0.670112	-0.685579	0.284484
-0.922596	-0.0112315	0.385604
0.925836	0.191217	-0.325981
0.768446	0.58177	0.266524
-0.780041	-0.437097	-0.447753
0.233085	-0.772188	-0.591099
-0.20285	-0.078326	0.976072
-0.198938	-0.813706	-0.546174
-0.158365	-0.638925	-0.752791
-0.522661	-0.545718	-0.654994
0.101932	-0.767322	-0.633109
-0.903443	0.392971	0.17136
0.384631	0.881734	-0.273139
0.955444	-0.268663	-0.12226
-0.49993	-0.691178	-0.521865
0.277527	0.937419	-0.210295
0.558088	-0.424231	-0.713139
0.713359	0.550704	0.43341
0.723106	0.690665	-0.0100204
-0.230917	-0.256018	0.938686
-0.000772037	-0.863657	-0.504079
0.223964	-0.909718	-0.349647
0.187689	-0.423339	0.886317
-0.862189	0.460442	0.211242
0.450109	0.367123	0.814016
0.0643211	0.0277291	0.997544
-0.811779	-0.580926	0.0595006
0.973961	-0.190002	-0.123692
0.0339259	-0.950234	0.309684
-0.890623	-0.130069	-0.435744
0.978718	-0.199407	0.0484479
-0.339194	-0.759407	-0.555201
0.274842	0.456355	-0.846287
0.962767	-0.267353	0.0400316
-0.924552	-0.373549	0.0752579
0.197458	0.855094	0.479401
-0.501424	0.859573	-0.098535
-0.936072	0.193292	-0.29395
-0.421094	-0.902728	0.0881073
0.931328	0.327359	-0.159573
0.0363743	0.321877	-0.946083
0.287348	0.925567	0.246489
-0.862154	-0.0989473	-0.49689
0.464195	0.677238	-0.570851
0.485996	0.742446	0.461067
0.997592	0.0607982	-0.0333749
0.451632	0.128143	-0.882954
-0.896375	-0.376934	0.233308
-0.118407	-0.773757	0.622319
-0.34063	0.939408	0.0385176
-0.874659	0.446427	-0.188878
0.0597857	0.881932	-0.46757
-0.821223	0.468261	0.326075
0.0365266	-0.84946	-0.526387
0.558489	0.0886126	0.824766
-0.838789	0.434636	-0.327909
-0.850576	0.51509	0.105842
-0.79371	-0.448783	-0.410632
-0.452856	0.621656	0.639113
0.520181	-0.0709541	-0.851104
0.486007	0.744269	0.458106
-0.606925	0.57168	-0.552108
0.41991	0.733064	0.535063
-0.61094	0.28834	0.737301
0.174655	-0.892743	0.415337
0.848653	0.497983	0.178329
0.824611	0.205597	0.527017
0.394861	0.873939	-0.2834
-0.00965226	-0.983214	0.182198
0.900083	-0.427849	-0.0824325
-0.132545	0.92871	0.346308
0.430342	-0.86875	-0.24511
0.461622	-0.882739	-0.0876211
-0.551026	-0.700407	0.453652
-0.982316	-0.172814	-0.0720482
-0.975085	-0.216413	-0.0487317
-0.384434	0.756649	-0.52886
-0.961944	0.212497	0.171779
-0.611656	-0.407231	-0.678262
-0.953204	0.29395	-0.0706739
-0.673698	-0.730528	-0.111622
0.0678767	-0.965682	0.2507
-0.822912	0.379361	0.422968
0.0230046	-0.867487	-0.496928
-0.188415	0.449352	-0.87326
-0.118397	0.132583	-0.984075
-0.561346	0.134855	0.81652
0.609424	-0.70616	-0.360474
-0.943451	-0.140925	0.300068
0.331374	0.637524	0.695524
-0.910116	-0.409149	-0.0654727
-0.0314121	0.200228	-0.979246
