2048
0.250157	0.941836	0.224424
0.993712	-0.111918	-0.00338956
0.0817339	0.65594	0.750375
0.262103	-0.610396	-0.747475
-0.861222	0.153727	-0.484422
0.388557	0.157628	-0.907842
0.479809	-0.770905	0.418914
0.640796	-0.191122	-0.743541
-0.534054	-0.819466	-0.207994
-0.619694	-0.610013	-0.493826
-0.831097	-0.520641	-0.195477
0.543268	-0.829092	0.132161
0.404944	-0.851647	0.332744
0.423816	-0.177855	0.888114
-0.310126	-0.822638	0.476539
0.533304	0.357623	-0.766611
-0.936796	0.254608	-0.239975
0.368889	0.860982	0.350186
-0.889955	0.310396	-0.334117
-0.00895302	0.0202612	0.999755
-0.909684	0.0809621	0.407334
0.432792	0.754419	-0.493501
-0.956612	-0.102739	0.27265
0.813333	-0.222456	-0.53759
0.570367	0.810828	0.131299
-0.29444	0.883288	-0.364839
0.11132	0.987558	0.111071
0.117896	-0.198307	-0.973024
0.10379	0.98367	0.147043
0.525969	-0.442732	0.726185
-0.37367	-0.481199	0.792981
-0.206484	-0.910154	-0.359143
0.00285144	-0.882561	-0.470189
0.650488	-0.653199	0.387552
-0.5563	0.809497	-0.187737
0.420599	-0.638724	0.644304
0.135857	-0.662213	-0.736897
-0.0234759	-0.321617	-0.946579
-0.0699788	-0.851015	-0.520459
0.0380264	0.892983	-0.448482
0.341389	-0.352085	0.871487
0.975196	0.0889558	0.202682
-0.453286	0.567928	0.687015
0.509435	-0.86049	0.00569156
0.460996	-0.742274	0.486326
-0.413379	0.750494	0.515633
0.196205	-0.903596	0.380812
0.748727	-0.630789	-0.203749
-0.732058	0.456985	0.505229
-0.538597	0.352548	0.76526
0.874969	0.105811	-0.472476
0.89127	0.272861	0.362195
0.501812	-0.426481	0.752528
0.376396	-0.926349	0.0142848
-0.679943	0.303888	-0.66733
-0.423301	-0.485573	0.764876
0.100484	-0.99452	0.0288546
0.164788	0.510586	-0.843888
-0.63088	0.767517	-0.113612
-0.700865	-0.136541	0.700104
0.76122	0.627164	0.164953
0.307791	0.501319	-0.808668
-0.772657	-0.353521	-0.52728
-0.210394	-0.0208141	0.977395
-0.979258	0.0189777	-0.201728
0.00155371	-0.301211	0.953556
0.722328	0.524319	0.450922
-0.838891	0.477751	-0.260797
0.489029	0.325451	0.809279
-0.864899	-0.0335236	-0.500825
-0.137383	0.567475	0.811848
-0.760702	0.386663	0.521369
0.835057	0.550017	-0.0127085
-0.471506	-0.62494	0.622199
0.463405	-0.693354	-0.55183
-0.993554	-0.0630892	-0.0941849
0.167064	-0.872817	-0.458563
0.488116	-0.694222	0.528961
-0.810951	0.293886	0.505955
-0.816702	0.276476	-0.506516
0.181515	-0.263873	0.947324
-0.120305	-0.810198	-0.573678
0.0714124	-0.597652	-0.798569
-0.894927	0.215063	-0.390966
0.0970761	-0.910444	0.402079
-0.8713	-0.486087	-0.0674934
-0.768211	0.465124	-0.4399
0.936855	0.320423	0.140112
-0.257638	-0.124982	-0.958124
0.690262	-0.723529	-0.00667301
-0.379939	-0.514492	0.768729
0.436794	-0.72033	-0.538828
-0.485458	0.601378	0.634567
-0.771747	-0.484531	0.41187
0.511548	-0.316097	0.799
0.212802	-0.688608	-0.693206
0.264067	-0.961019	-0.0819155
0.111072	-0.340479	0.933669
0.993887	0.0780431	-0.0780844
-0.852966	-0.09469	0.513305
-0.524176	0.844853	0.107067
-0.703012	-0.0277266	0.710637
0.946862	0.305258	0.101339
-0.52342	-0.684856	-0.506956
-0.231319	0.939566	-0.252402
0.842584	0.260796	0.471209
0.0969014	0.941356	0.323201
0.964737	-0.00797281	-0.263097
0.774315	0.494122	-0.395324
0.961527	-0.098528	0.256435
0.930231	0.355415	-0.0913772
-0.350542	0.0685262	-0.934037
0.431838	-0.877062	0.210423
-0.792329	-0.415858	0.446404
0.31305	0.054257	-0.948186
0.19956	0.0926848	0.975492
0.716675	0.696953	-0.0251653
0.388335	0.368003	-0.844849
0.264834	0.548287	0.793249
-0.571107	-0.175016	-0.802001
-0.464031	-0.412061	0.784144
-0.933791	-0.104568	-0.342198
-0.846478	-0.126727	0.517121
0.967938	0.0138395	0.250807
0.0383319	-0.925718	-0.376268
-0.872457	-0.311197	-0.376797
-0.000741262	-0.999527	0.0307328
-0.903211	0.222532	0.367001
0.587055	0.650326	-0.482123
-0.199817	0.418869	0.885789
0.862341	-0.483737	-0.149557
-0.834943	0.204794	-0.510813
0.79883	0.248274	-0.547933
-0.864049	0.503338	-0.00836381
-0.00102442	-0.819906	0.572498
-0.699184	0.452213	-0.553755
0.193116	0.838917	0.508846
-0.714183	-0.696856	0.0658336
-0.660751	-0.690998	0.293137
0.693173	0.713312	-0.103428
0.871764	0.0834172	0.482772
0.25344	0.314128	-0.914927
-0.0617404	-0.498089	0.864925
0.542368	0.788662	-0.289568
0.731678	0.386801	0.561278
-0.470831	0.685695	-0.555104
0.92749	-0.140695	0.346364
-0.0859877	0.804182	-0.58813
0.504592	0.0826092	-0.859397
-0.657862	-0.414935	-0.628527
-0.473725	0.0382137	-0.879843
0.127882	-0.949918	0.285135
0.664501	0.0129748	0.747175
-0.0424452	0.998202	0.0423239
0.710858	0.625368	0.321862
-0.465304	0.418421	-0.78001
0.903582	0.0533624	0.425078
-0.48192	0.43299	0.761757
0.36876	-0.598864	-0.7109
0.135884	-0.74467	-0.653454
-0.601719	-0.688804	-0.404331
-0.647816	0.666025	0.36979
0.476434	-0.0589823	0.877229
-0.590343	0.68836	-0.421491
-0.83433	0.441509	-0.330095
-0.588508	-0.417552	-0.692321
-0.279978	-0.509821	0.813447
0.783165	-0.590857	0.193754
0.96364	-0.211955	0.162706
0.459042	-0.814348	0.355132
0.773246	-0.264752	-0.576191
0.202149	-0.237918	-0.950016
0.794292	0.402621	-0.454969
-0.184594	0.455937	0.870659
-0.394468	-0.410085	0.822329
0.550372	-0.0284145	0.834436
-0.597483	-0.301904	0.742878
0.161071	0.772611	0.614108
-0.71327	0.0025884	-0.700885
0.942563	0.308845	0.127239
0.305288	-0.0480157	0.951049
0.315198	0.947398	-0.0555651
-0.353398	-0.718038	-0.599609
0.391806	0.218949	0.893616
-0.0443052	0.95024	-0.308351
-0.460498	0.45447	0.762495
-0.933908	-0.182667	0.307326
0.735699	0.0693078	-0.673753
-0.342971	-0.905119	-0.251257
-0.0796333	0.878291	-0.471448
0.509345	-0.80534	0.303306
0.100166	0.877564	-0.468879
-0.42001	-0.895073	0.149784
0.0415311	-0.38131	-0.923514
0.483346	0.762549	0.429995
-0.494197	-0.599752	-0.629339
-0.527029	0.668403	0.52486
0.746551	0.656057	-0.110686
0.941631	-0.195576	0.274009
-0.496619	-0.703865	0.507882
0.278151	-0.559392	0.780841
0.793966	0.59981	0.0992264
0.880507	-0.441034	0.17377
-0.696656	0.164767	-0.698228
0.488122	-0.489087	-0.722863
-0.84177	-0.0471534	0.537772
0.030541	0.811462	-0.583606
0.178296	0.963756	0.198457
-0.770385	-0.551872	-0.319288
-0.676699	0.484006	0.554812
0.866132	0.381446	0.322978
-0.473757	-0.318777	-0.820936
-0.127139	0.985081	0.115981
-0.68801	0.705546	0.169843
0.414899	0.839214	-0.351539
-0.321434	0.791038	0.520519
0.666783	0.24978	-0.702147
0.905159	-0.124478	0.406439
0.939052	0.294741	-0.176943
0.0381503	0.956784	0.288285
0.959939	-0.229498	-0.160772
0.636902	0.717587	0.281826
0.801483	-0.365289	-0.473486
0.15801	0.975911	0.150436
0.141026	0.974732	-0.17323
0.235068	-0.83341	0.500171
0.0378114	-0.962686	0.267965
0.854363	0.44197	-0.273362
0.280488	-0.563742	0.776866
0.172577	0.833771	-0.524446
0.0598618	-0.947585	0.313845
-0.155394	0.93569	0.316759
-0.423753	-0.853819	0.302368
0.339658	-0.112736	-0.933768
-0.629445	-0.751953	0.195873
0.486132	-0.297017	-0.821862
-0.559828	0.349899	0.751108
-0.289329	-0.0878066	0.953194
0.324033	0.923562	0.205025
-0.41745	0.440433	-0.79483
-0.512072	-0.213094	-0.83209
0.573637	-0.529776	-0.624722
-0.84691	0.522084	-0.100851
0.512113	0.106318	-0.852313
-0.277198	-0.314456	-0.907898
0.281678	0.415213	-0.865018
-0.425398	-0.517675	0.742327
0.736432	-0.648356	0.193138
0.0627142	0.0821223	-0.994647
-0.320176	0.923648	-0.210622
-0.731562	0.170206	0.660187
0.824057	0.17298	-0.539451
0.0426693	-0.969555	0.241127
0.197523	-0.306611	0.931115
0.0170703	-0.0499937	0.998604
0.539407	-0.0335322	-0.841377
-0.770432	0.633674	-0.0699395
0.0836571	-0.354231	0.931408
-0.201123	0.309299	-0.929453
-0.237768	-0.891601	-0.385375
0.952131	0.265536	-0.151453
0.0351789	0.554325	-0.831557
-0.625597	0.769063	0.131036
0.79616	0.513074	-0.320755
0.380107	-0.763886	-0.521533
0.692113	-0.189424	0.696489
0.877226	-0.143404	0.458159
0.931405	-0.333391	0.146065
-0.625224	-0.78007	0.0242011
0.716164	-0.697928	0.00236004
0.842396	0.136188	-0.521365
0.235919	0.741837	0.62771
-0.454661	-0.288009	0.842814
0.327169	-0.218061	0.919462
0.704085	0.406716	-0.582106
-0.755296	0.336536	-0.562381
-0.628061	-0.668618	-0.398107
0.531797	0.38832	0.752595
0.397161	0.37369	0.838224
-0.46545	-0.852341	-0.238478
-0.812983	-0.241242	0.529963
-0.837503	-0.313614	0.447476
-0.644581	0.34085	0.684351
0.130186	-0.151681	-0.979819
-0.416626	-0.879816	-0.228792
-0.378717	0.622774	0.684636
-0.635539	0.236187	0.735055
0.570552	-0.203555	0.795636
0.861531	0.105565	0.496608
0.63517	0.759821	0.138672
-0.420248	-0.858378	0.294243
0.517659	-0.517282	-0.681505
0.120565	0.431829	-0.893861
-0.667424	-0.160629	-0.727148
-0.424207	0.0422889	0.904577
0.590541	-0.605831	-0.533132
0.646114	0.750671	0.13795
-0.918421	-0.285167	-0.274196
-0.895227	-0.422995	-0.140158
0.189524	-0.304543	-0.933453
0.542294	-0.802273	-0.249548
0.546336	-0.448412	-0.70742
0.062019	0.997207	0.0416227
0.542758	0.261039	-0.798293
-0.17674	-0.31594	0.932172
0.271039	0.757684	-0.593677
-0.175596	0.796912	-0.578011
-0.24103	0.940383	-0.239969
-0.414282	-0.587975	-0.694735
-0.847356	0.393885	0.356151
0.228468	0.962389	-0.146999
-0.884182	0.0224925	0.466601
-0.738381	-0.668236	-0.0908516
-0.319233	0.926174	0.20073
0.000422118	-0.824333	-0.566105
-0.865562	-0.252526	0.432474
-0.385377	0.914348	0.124306
0.281744	0.177487	0.942931
0.325084	0.575465	-0.75044
-0.491864	-0.0865341	0.866361
0.33455	0.394408	0.855873
0.679366	-0.719491	0.144201
-0.735666	0.415345	-0.535055
0.0180332	0.389892	-0.920684
0.465404	-0.742045	0.482461
-0.384418	-0.10093	-0.917625
0.47733	-0.32705	-0.815595
-0.038436	-0.825294	-0.563394
0.358397	0.562207	0.745302
0.839505	0.473326	0.266821
-0.454812	-0.804176	-0.382683
0.444703	-0.795685	-0.411249
0.340391	0.185613	0.921782
0.366138	0.7265	-0.581499
-0.448792	-0.783117	-0.430481
0.0291546	-0.228914	0.97301
0.310855	0.881633	-0.355095
-0.992508	0.0433236	-0.114243
0.584888	0.771241	0.251185
-0.132104	0.938213	-0.319852
-0.280097	0.819415	-0.500104
0.355137	0.328267	-0.875282
0.352773	0.829174	-0.433615
-0.1795	-0.948797	0.259929
-0.274631	0.357504	-0.892619
0.739003	-0.447946	0.503209
-0.343925	-0.129921	-0.929966
0.00275538	0.335879	0.941901
-0.855851	0.240388	-0.457965
-0.0430131	-0.85686	-0.513752
-0.359727	-0.476169	-0.802409
-0.563424	-0.736066	0.375181
-0.565726	0.0137751	-0.824478
-0.716778	0.143538	-0.682368
0.71363	-0.438791	-0.546072
0.451791	0.348746	-0.821134
0.894313	-0.0801939	0.440198
0.0412954	0.261587	-0.964296
0.505325	0.812187	0.291545
-0.624793	-0.76398	0.161146
-0.764649	-0.581926	0.2769
-0.319506	-0.887886	0.33102
0.599448	-0.705025	-0.378948
-0.956988	0.117179	-0.265413
-0.161309	-0.6402	0.751081
-0.477422	-0.371377	-0.796333
-0.575649	-0.616	-0.537747
0.126736	0.235913	0.963474
0.628358	-0.776048	-0.0540006
0.146276	-0.946398	-0.287983
0.723924	0.689576	0.0204691
-0.79638	-0.431378	-0.423901
0.244575	0.284732	-0.926882
-0.440523	0.299715	0.846233
-0.05037	-0.0045765	-0.99872
-0.711104	0.459727	-0.53196
0.37978	-0.924174	-0.0408566
0.530058	-0.815703	-0.231661
0.937595	0.0517395	0.343857
-0.509741	-0.802783	-0.309358
-0.246792	-0.70246	-0.667565
-0.827282	0.483246	0.286494
0.387477	-0.240209	-0.890034
-0.563785	0.0845076	0.821587
-0.680276	-0.487827	0.547037
-0.255126	0.764894	0.591479
0.516508	0.840509	-0.163598
-0.649674	0.108165	0.752479
0.104083	-0.579328	0.808422
0.949919	-0.103803	0.294753
0.897256	-0.3195	0.304714
-0.555142	-0.640748	0.530339
0.0599448	0.027557	0.997821
0.193735	-0.850419	0.489137
-0.842122	0.537673	0.0416867
-0.632688	0.380614	0.674418
-0.366434	0.738501	0.565989
0.750563	-0.354295	0.557791
-0.96011	0.27883	0.0210192
-0.238479	-0.119302	0.963792
0.0652067	-0.996899	-0.0440468
0.532577	0.23512	-0.813069
-0.388096	0.889501	0.241185
-0.606314	0.55823	-0.566359
0.126143	0.216394	-0.968123
0.758551	-0.111231	-0.64205
0.963498	-0.265271	0.0360899
-0.760506	-0.147085	0.632453
0.695734	0.406952	0.5919
-0.219308	0.460869	0.859944
0.743442	0.331972	-0.580593
-0.975664	0.151375	0.158634
-0.525468	-0.743298	0.413995
-0.958244	0.283624	0.0363997
0.0338529	0.972355	-0.231041
-0.921421	-0.334092	-0.198406
0.717189	0.693659	0.0669044
0.427119	0.0418636	0.903226
0.867416	0.00283726	-0.497575
0.00534031	-0.716199	-0.697875
-0.630637	0.447349	0.634173
-0.0497843	-0.883003	0.466719
0.361813	0.856359	0.36843
0.0921016	0.978399	0.185073
0.473496	-0.464592	0.748302
0.13067	-0.71452	0.687304
-0.721337	-0.10627	-0.684382
0.742798	-0.5672	0.355719
0.819571	0.542513	-0.184343
0.162624	0.914629	-0.370145
-0.39917	0.828654	0.392424
-0.922748	0.147553	-0.35604
0.498093	0.709316	0.498773
0.924211	0.11062	-0.365509
0.120879	-0.171148	0.977802
0.177349	-0.212193	-0.961
0.771519	-0.318551	0.550712
0.675323	-0.737335	0.0166233
-0.292966	0.00848134	0.956085
0.619142	0.61567	0.487456
-0.51844	0.815828	0.256212
-0.338446	0.694429	0.634998
0.0133654	0.71005	0.704025
-0.347938	-0.547541	0.761011
-0.733508	-0.647988	-0.205129
0.506169	0.815603	-0.280328
-0.748162	0.397433	-0.53132
-0.936743	-0.29156	0.193664
0.913831	0.349667	-0.206509
0.0749642	0.553211	-0.829661
-0.0817346	0.0934469	0.992264
0.277769	0.194639	-0.940723
-0.653896	-0.571795	-0.495449
0.706089	0.340104	0.621102
-0.457847	-0.888729	-0.0231663
-0.901216	0.428244	0.0664558
-0.866321	-0.40609	0.290823
-0.499729	0.0309135	0.86563
0.527807	-0.276801	0.802995
-0.837778	0.451098	-0.307633
-0.215263	-0.849519	-0.481643
-0.185189	-0.967423	0.172619
-0.337367	0.567163	-0.751339
-0.733391	-0.380458	0.563373
-0.0629218	-0.212487	-0.975136
-0.135652	0.546886	0.826144
-0.748271	-0.134011	-0.649717
0.40497	0.285096	-0.868746
-0.538173	0.794003	-0.282718
-0.765153	0.621559	-0.167948
-0.0884356	-0.665757	-0.740909
0.929218	-0.0742759	0.36199
-0.561487	-0.728665	0.392147
-0.573203	-0.591081	-0.567504
0.600753	-0.796111	0.072817
-0.856622	0.374176	0.355234
-0.630914	-0.115678	-0.767181
-0.103693	-0.977002	0.186318
0.739126	0.470714	0.48179
-0.68586	-0.257439	0.680677
0.264413	-0.491608	0.829703
-0.334003	-0.885015	-0.324332
-0.0684242	0.518435	-0.852375
-0.815705	0.291617	-0.499584
-0.160037	-0.931503	0.326634
-0.802676	0.205318	0.559961
-0.363301	-0.351108	-0.86298
0.810618	0.580378	0.0778457
-0.588132	-0.796316	0.141357
-0.418318	0.729369	-0.541324
0.872396	-0.415014	-0.258241
-0.198013	0.544898	0.814786
0.153415	0.507489	0.847891
-0.560413	0.292343	-0.774902
-0.999	-0.0446963	0.000991049
-0.612088	-0.790628	0.0159929
0.0204585	-0.926807	-0.374982
0.501205	-0.424426	0.754093
0.56873	-0.602327	-0.560132
-0.037329	0.0444367	-0.998315
-0.250806	0.967793	-0.0217276
0.72322	-0.653348	-0.223806
0.341029	0.935079	-0.0965714
-0.896406	-0.366063	-0.249908
0.624374	0.535004	-0.569147
0.0316553	0.758989	0.650333
-0.0605775	0.99812	0.00929234
-0.219569	-0.0243554	0.975293
-0.894855	-0.422391	0.144289
0.185038	0.669398	-0.719491
-0.98803	-0.018078	-0.153196
-0.267027	-0.507835	0.819024
0.292125	-0.716852	-0.633077
0.465802	0.516823	0.718277
0.791378	0.346879	-0.503385
-0.0461493	-0.408329	-0.911667
-0.660866	0.0825799	-0.745947
0.356855	0.170198	-0.918524
-0.127043	0.896302	0.424856
0.410447	-0.911402	-0.0296541
0.199094	0.967604	-0.155253
0.670691	-0.089363	0.736334
-0.0356797	-0.376333	0.925797
0.374205	0.229751	-0.898435
-0.082311	0.381284	-0.920786
0.217092	0.376915	0.900448
-0.740529	0.663636	-0.105852
0.74911	0.50886	0.424141
0.55145	0.832089	0.0594174
0.587974	0.566935	0.57695
0.4758	0.862396	0.17288
-0.661865	-0.748943	0.0319261
0.640629	-0.353777	-0.681496
-0.491265	-0.850702	0.18699
0.99587	-0.0901632	0.0106692
0.184284	0.77648	-0.602594
-0.299084	0.459911	0.83608
0.546891	0.824537	0.145082
0.840141	0.205287	0.502016
-0.619482	-0.000836146	-0.785011
0.00417909	-0.151259	-0.988485
-0.621493	-0.757635	-0.199336
-0.503068	-0.860044	-0.0851281
-0.110453	0.842664	-0.52699
0.59004	0.519494	0.618045
-0.0262813	0.423914	-0.905321
0.0794161	0.258143	0.962837
0.131073	0.340121	-0.931202
0.47249	-0.460636	0.751377
-0.485101	0.869763	-0.0904955
0.134796	-0.944905	-0.298304
0.501468	0.861207	0.0827739
0.230946	-0.592796	0.771529
-0.518942	-0.73205	-0.441364
-0.0391277	-0.997194	0.0638247
0.237183	-0.969834	0.0562754
-0.707088	0.692824	0.141496
-0.725448	-0.650337	0.225359
-0.554251	-0.543116	-0.630738
-0.0161095	0.907172	0.420452
0.147665	-0.00968185	-0.98899
-0.117066	0.908879	0.400294
-0.983015	0.155942	-0.0967698
0.393942	-0.0855164	0.915148
-0.287094	-0.95369	-0.0897329
-0.929452	-0.352994	0.107301
0.453307	-0.253154	-0.85465
-0.016053	0.622325	0.782595
-0.798618	0.529962	0.285219
0.376864	-0.533509	0.757193
-0.160783	-0.798001	-0.580813
-0.86661	0.44594	0.223884
0.937559	0.129287	0.322907
-0.138197	-0.977043	0.162139
-0.559355	-0.72923	0.394138
0.614068	0.652498	-0.444035
-0.884641	-0.197141	0.422547
-0.417367	-0.852048	-0.315941
-0.642722	0.210988	0.736473
-0.750708	0.394222	-0.530119
-0.20889	0.401115	-0.891892
0.455564	-0.352484	-0.817445
-0.419856	-0.820384	-0.388189
-0.712361	0.171619	0.680506
0.475359	-0.855282	0.206219
0.548371	0.762972	-0.34229
-0.950886	0.308351	-0.0271031
0.403105	-0.784471	-0.471287
0.915983	0.380507	-0.127241
-0.151985	0.652387	-0.742491
0.214897	-0.689796	-0.691376
0.946696	0.233909	-0.221481
-0.455339	-0.0802498	0.886694
0.964629	-0.18243	0.190288
0.909871	0.371555	-0.184613
-0.172724	0.378402	-0.909383
0.738741	0.636297	-0.222235
0.342301	-0.0421934	-0.938643
0.857226	0.388173	0.338358
-0.315681	-0.394015	0.86319
0.410422	-0.827355	0.383455
-0.993982	0.0351097	-0.103764
0.430154	0.900205	0.0678081
-0.572367	-0.00325479	0.819991
-0.254591	0.551207	0.794578
-0.981067	0.19088	-0.032758
-0.429111	0.738887	0.519528
0.0688827	0.70654	-0.704312
-0.152722	0.827074	0.540948
0.0700283	0.728576	0.681376
0.502123	0.864792	-0.00281817
-0.229553	0.0212264	-0.973065
0.976661	-0.20381	0.0677845
-0.0386107	-0.82061	-0.570182
0.606379	0.600779	-0.520931
0.912191	-0.395514	-0.107128
0.831388	0.342929	-0.437257
-0.920374	0.285092	-0.267645
-0.517627	0.783122	0.344649
0.437289	-0.823998	0.360285
0.339225	0.923351	-0.17986
-0.334889	0.810987	0.479738
0.671812	0.203285	0.71228
-0.46925	0.1329	-0.873007
-0.658274	0.45678	0.598354
-0.445315	0.135576	-0.88505
0.0529678	0.871144	0.488163
0.61915	-0.709803	0.335906
-0.679499	-0.438539	-0.588188
0.818546	-0.534466	-0.210542
0.153994	0.888403	-0.432464
-0.170658	-0.472376	-0.864718
0.045165	-0.85472	0.517121
-0.0408921	-0.71015	0.702862
0.869289	0.38184	0.313902
-0.538167	-0.841646	0.0448224
-0.654009	0.339242	0.676156
-0.795305	-0.474977	-0.376679
0.9787	0.120521	0.166195
-0.827792	-0.536945	0.162635
-0.32034	-0.404507	-0.856596
0.303817	0.943385	0.133119
0.931909	-0.351556	-0.0891857
0.366563	-0.161417	0.916284
0.174863	-0.979192	-0.102987
0.582948	-0.448144	0.677745
-0.025874	0.130312	0.991135
0.36731	0.0828328	-0.926403
0.209818	-0.971089	0.113851
-0.424726	-0.743575	0.516434
0.263504	0.813897	0.51782
0.837595	-0.534535	-0.112723
0.208878	-0.809537	0.548652
0.922104	0.282763	0.264139
0.135223	-0.608943	0.781603
-0.0799975	-0.396789	0.914417
-0.533242	0.22828	-0.81458
0.488114	-0.139645	-0.861536
0.270129	-0.135345	-0.953264
0.108168	-0.318438	-0.941752
-0.107012	-0.753272	0.648945
0.855274	0.518168	-0.0027655
-0.567864	-0.13917	0.811272
-0.615768	0.64319	-0.455123
0.690055	-0.702326	0.174819
-0.346947	-0.937863	-0.00647412
-0.368305	0.917513	0.150071
0.541863	-0.671763	-0.505093
-0.564193	-0.806194	0.17815
-0.988143	0.114512	0.102272
0.10466	-0.638507	0.762466
0.610058	-0.725406	0.318772
0.905229	-0.323221	-0.27584
-0.837506	0.538766	0.0911843
0.465289	-0.754994	-0.46205
-0.784663	0.468592	-0.405864
-0.295405	0.941023	0.164959
0.51713	-0.68553	-0.51247
0.555464	0.366774	-0.746281
-0.726238	-0.2582	0.637112
0.470636	-0.808856	-0.352495
0.466879	-0.859263	0.209024
0.445517	-0.19856	0.872977
-0.377702	-0.768718	0.516153
0.165244	0.836663	-0.522197
0.565314	-0.109754	-0.817541
0.942326	0.0823723	0.324402
-0.00325994	0.968015	-0.250871
0.0522802	-0.981802	-0.182571
0.879425	-0.473241	0.0515245
0.216717	-0.241409	0.945915
0.154536	-0.969244	-0.191535
-0.239487	-0.518371	0.820937
0.468616	0.684257	-0.55874
0.856025	0.348063	0.382196
-0.835931	-0.0500715	0.546545
0.445407	-0.505324	0.739094
-0.757644	0.21763	0.615316
0.871759	0.452482	0.187872
0.0886119	-0.689381	0.718959
0.52194	-0.757186	-0.392744
-0.806135	0.433243	0.403048
-0.460811	0.120287	-0.879309
-0.93992	-0.0600349	-0.336074
0.762276	-0.617674	0.193425
0.479308	-0.275972	0.833129
0.393392	-0.270164	-0.87878
-0.291868	-0.12305	-0.94851
0.253707	-0.19837	0.946722
-0.737409	0.621728	-0.263973
-0.645924	-0.737672	0.196524
0.0491023	0.550132	-0.833633
0.308385	0.896258	0.318781
-0.490316	-0.247954	0.835529
0.0654697	0.956085	-0.285684
-0.540016	-0.676839	0.500272
-0.81069	0.395796	0.431424
-0.635726	0.69604	-0.333738
0.788167	-0.615238	-0.0165758
0.948809	0.315529	-0.0142725
-0.61795	-0.785356	0.0367797
0.922321	-0.115062	-0.368896
-0.631944	0.295473	0.716479
0.399119	0.356443	-0.844779
0.905819	0.423637	-0.00482086
-0.273864	-0.250962	-0.928448
-0.853205	-0.2258	-0.470166
0.147822	-0.988053	0.0435782
0.848618	0.043213	0.527239
-0.755617	-0.309437	0.577314
0.926795	-0.363477	-0.0945282
-0.272618	-0.52568	0.805816
-0.783275	-0.274675	-0.557704
0.0460776	-0.672749	0.738434
0.321523	-0.284758	0.90307
-0.817979	-0.218381	-0.532184
0.724457	-0.412265	0.552449
-0.534793	0.0174278	0.844804
-0.980233	-0.187891	-0.0619667
-0.240314	0.420115	0.875073
0.898453	-0.0970788	-0.428203
0.737805	0.393976	-0.548112
0.857979	-0.445751	0.255301
-0.571163	0.280805	0.771311
0.272142	-0.818202	-0.506443
-0.685279	-0.639848	-0.347831
0.736572	0.0113736	0.676264
-0.643364	0.590445	0.487296
-0.39536	-0.0646728	-0.916247
-0.810151	-0.00795977	-0.586167
0.288957	-0.591014	-0.753131
-0.919092	-0.394042	-0.000696604
-0.20119	0.917947	0.3419
-0.792594	0.499598	0.349567
0.341793	-0.832433	0.436157
-0.336852	-0.0115637	-0.941487
0.0592994	-0.265674	-0.962238
0.487325	-0.234131	0.841247
-0.491435	0.487701	0.721553
-0.1642	0.00132513	-0.986426
0.185023	0.254156	0.9493
-0.678557	-0.585587	0.44345
-0.526817	-0.613315	0.58848
-0.733352	0.346968	-0.584643
0.189557	0.58213	0.790691
-0.0252113	0.442298	0.896514
0.52388	0.138869	-0.840396
-0.146481	-0.201396	0.968495
0.911358	-0.373169	0.173699
-0.637378	0.418649	0.646902
-0.32258	-0.83103	0.453135
-0.277415	-0.12837	0.952135
0.412785	0.212848	0.88561
-0.525396	-0.824863	0.208712
-0.623256	0.781806	0.0181957
0.738707	0.490832	-0.461948
-0.530338	-0.555192	0.640705
-0.174779	-0.926555	0.333089
0.0151924	-0.0466596	0.998795
-0.56967	0.413421	-0.710324
0.599505	-0.795932	-0.0841759
-0.207947	-0.910714	0.356873
-0.758436	-0.638098	-0.132687
-0.238822	0.823434	-0.514704
-0.122423	-0.191188	0.973889
0.205394	-0.74937	-0.62949
-0.117636	-0.96284	0.243108
0.865875	-0.461118	-0.193989
-0.0655532	0.70946	0.70169
0.386436	-0.548841	0.741243
0.207411	-0.934007	-0.290881
0.719458	0.694491	0.00786257
-0.515187	0.00450889	-0.857066
-0.74217	-0.402188	-0.536124
-0.746266	0.352991	-0.564345
-0.7904	-0.5511	0.2675
0.747942	0.284959	0.599484
-0.827675	-0.510856	-0.232338
0.781304	-0.621501	-0.0574499
-0.19561	0.158043	0.967863
-0.508151	0.840516	-0.187922
0.436964	0.72198	-0.536476
0.908248	0.0378538	0.416716
-0.0542544	-0.548539	0.834363
0.677385	-0.282347	-0.679286
0.00234997	0.977744	0.209789
0.908212	-0.0637846	0.413621
0.159431	-0.935977	0.313892
-0.863511	-0.110163	-0.492152
0.449499	-0.740155	-0.500121
-0.325908	-0.256916	0.909823
-0.0922886	0.280899	0.95529
0.186453	-0.731924	-0.65538
-0.600575	0.734497	0.31595
0.418659	0.0258622	-0.907775
0.411071	0.65237	0.636737
-0.785436	0.611607	0.0950109
-0.655661	-0.239297	-0.716132
0.899838	-0.417713	0.125731
0.21013	0.108764	0.971605
0.724774	-0.46068	0.512325
-0.948507	0.155679	0.275859
-0.312329	0.540414	-0.781283
-0.862533	-0.253939	0.437667
0.759968	-0.0126378	-0.649838
-0.111121	-0.198288	0.973824
0.196429	0.743079	0.639726
-0.437407	-0.805537	0.399732
-0.359189	0.729823	-0.581672
-0.96196	0.0478521	-0.268968
0.067714	0.997677	-0.00740001
0.204755	0.850786	0.483983
-0.881922	-0.470383	-0.0308811
0.852003	-0.514243	-0.0982056
0.0653341	0.946451	-0.316167
-0.208358	-0.851419	-0.481324
-0.415744	0.523062	0.744018
0.626099	-0.130959	-0.768667
0.688388	-0.705425	0.168809
0.113436	0.840485	-0.529828
0.535432	-0.789996	-0.298693
0.247609	-0.967294	0.0550601
0.841929	-0.30312	-0.446401
-0.675872	0.569259	-0.468126
0.32691	0.773621	0.542808
0.192721	-0.970594	-0.144245
-0.338192	-0.940257	-0.0392812
-0.338163	0.919068	-0.202384
0.0317251	0.013009	0.999412
-0.752081	0.203183	-0.626969
-0.111006	-0.780979	0.614614
-0.536556	0.0641229	0.841425
-0.292281	0.861704	0.414774
-0.698585	-0.708652	0.098952
0.03986	-0.0825703	-0.995788
0.0115977	-0.890255	0.455314
0.348892	-0.40117	-0.846957
-0.441764	0.821369	-0.36083
0.0474279	-0.539308	0.840772
-0.488755	-0.490082	0.72176
0.164701	-0.849539	-0.501155
0.404349	0.344404	-0.847283
0.334398	-0.935129	-0.117097
-0.366964	-0.142479	0.919259
-0.343139	-0.64431	0.683462
0.336857	-0.93698	-0.0927169
0.834491	-0.520487	-0.180881
-0.44855	-0.787677	0.422336
-0.93587	0.331419	0.119619
-0.705225	0.320977	-0.632164
0.358428	-0.668008	-0.652147
-0.259175	-0.952313	0.161025
0.670513	0.0743889	0.738159
0.997647	-0.0317839	0.0607457
0.00946546	-0.440358	-0.897772
0.02867	-0.644401	0.76415
-0.742057	0.666344	-0.0730516
-0.589192	-0.0149712	0.807855
-0.859092	0.310425	0.406937
0.311337	0.93766	0.154474
0.0777078	-0.00813247	0.996943
-0.963808	-0.170581	0.204881
0.16527	-0.978603	-0.122561
-0.0666343	-0.587914	-0.806174
-0.951655	0.0544573	0.302304
-0.627644	0.650234	0.428087
0.245828	-0.395532	0.884942
0.0368904	0.963867	-0.263819
-0.546494	-0.807814	0.220863
0.0360176	-0.749569	0.660945
-0.650482	0.686597	-0.324742
-0.784061	-0.596478	-0.171646
-0.292157	0.95501	-0.0509994
-0.623119	-0.752453	0.213395
0.626744	-0.706469	0.328776
-0.118865	0.899635	-0.420152
0.125234	-0.898463	0.420809
-0.652118	0.213292	0.727495
0.795253	-0.0544044	-0.603831
-0.129506	0.605023	-0.785605
0.599484	-0.749613	0.280534
-0.731784	-0.0851605	-0.676195
0.58684	0.808846	0.0372399
-0.0985282	0.768211	0.63257
-0.316743	0.948511	-0.000344105
-0.745541	0.0052274	-0.666439
-0.0854802	-0.938549	0.334393
-0.892136	-0.379773	0.244675
0.513103	0.855884	0.0647128
-0.0650143	-0.94801	-0.311529
-0.726761	-0.478727	-0.492584
0.27093	-0.954809	0.122217
0.10238	-0.0137597	-0.99465
0.36629	-0.686065	0.628607
0.218052	0.339802	0.91487
-0.144599	-0.909315	-0.390175
0.100999	-0.782908	0.613885
0.313744	-0.26314	0.912317
0.568274	0.773889	-0.279571
-0.828408	0.487624	0.275613
-0.143278	-0.304567	0.941653
0.436429	-0.212861	0.874197
-0.476666	0.876334	-0.069491
-0.569544	-0.66434	0.484017
0.604016	0.0471946	-0.795573
-0.489726	0.25763	0.832944
0.332633	0.200907	-0.921407
0.548664	-0.250761	0.797551
0.494377	0.302798	0.814804
-0.753001	0.616542	-0.229926
0.792688	0.248263	0.556786
0.0656535	-0.382959	-0.921429
0.661507	0.00789622	0.749897
0.291	-0.936344	0.196413
-0.887756	0.156388	-0.432935
-0.61181	-0.717577	0.332825
0.64687	0.606355	0.462486
0.268017	0.175174	0.947355
0.156762	-0.928866	-0.33561
0.669407	0.333364	-0.663899
0.855179	0.0924566	-0.51002
0.499674	-0.72588	-0.472677
-0.201457	-0.258629	-0.944736
0.155561	-0.922783	0.352522
0.11653	0.274466	0.95451
-0.206655	0.978408	-0.00331922
0.113612	-0.941707	-0.31667
-0.393192	-0.26701	0.879833
0.615252	-0.140836	-0.775648
0.955692	0.121409	0.268166
-0.273232	-0.229259	0.93423
-0.401899	-0.837218	0.370867
0.290973	-0.409123	0.864843
-0.148859	0.824126	0.546496
-0.399823	0.73727	-0.544586
-0.589844	0.565559	0.576391
-0.730623	-0.680458	-0.0562742
-0.701238	0.149458	0.697085
0.192878	0.584722	-0.787971
-0.856959	-0.421725	0.296258
-0.203455	-0.391099	0.897579
0.87199	0.379413	0.30932
-0.759967	-0.648334	-0.0459612
0.365594	0.921819	-0.128808
0.439462	-0.842642	-0.311171
0.112814	-0.801104	-0.587797
0.518696	0.567486	-0.639464
-0.19281	0.907723	0.372644
-0.686586	0.42223	0.59188
-0.076826	-0.88154	0.465817
0.0177962	0.945344	-0.32559
0.406636	-0.618058	0.672793
-0.226088	-0.917689	-0.326697
-0.456846	0.398206	-0.795439
0.0222952	0.900329	-0.434639
-0.354024	-0.344773	0.869367
0.45814	-0.855106	0.242696
0.0855783	-0.730453	-0.67758
-0.36644	-0.867264	0.337009
-0.164268	-0.90147	-0.400461
0.462173	-0.311732	-0.830193
-0.0477541	0.629228	-0.775753
0.943165	0.331884	-0.0171118
0.0818939	-0.829996	-0.551725
-0.242182	-0.637874	0.731071
0.0720587	0.523818	0.848777
0.525345	0.130706	-0.840791
-0.486602	-0.673111	-0.556901
-0.421484	0.228223	-0.877648
0.128334	-0.162645	-0.978303
-0.442979	-0.738371	-0.508505
-0.341309	-0.715965	0.609018
0.167106	0.133121	0.976911
-0.818869	-0.0311107	0.573137
0.944554	-0.109863	-0.309432
0.975069	-0.210169	-0.0711926
0.118114	-0.776174	0.619357
0.823542	-0.192737	-0.533508
0.900698	0.357002	0.247573
-0.961659	0.0237778	0.273214
-0.369006	-0.768673	0.522472
-0.917229	0.273581	0.28956
0.475187	0.523319	0.707344
-0.33364	-0.121883	-0.934788
0.26225	-0.833073	-0.487046
0.066991	0.989934	-0.124674
-0.17575	0.58563	-0.791296
0.0716266	-0.686795	0.723314
-0.642705	-0.218477	-0.734301
-0.513353	-0.678246	-0.525785
0.101221	0.74048	0.664412
0.827698	0.35545	-0.434247
-0.0745884	-0.618562	0.782188
0.782677	-0.209217	-0.586213
-0.15326	-0.441009	0.88432
-0.0700178	0.85972	-0.505944
-0.680654	0.0645001	0.72976
0.10708	-0.994186	0.011287
0.690282	0.599668	0.404857
0.526112	-0.476917	-0.704099
0.0457616	-0.094691	0.994454
-0.778827	-0.602385	0.174816
0.0838987	0.973755	-0.211569
0.697973	-0.602015	0.387831
0.726234	0.582152	-0.365629
0.746988	0.551655	-0.371061
-0.496951	0.320428	-0.806452
-0.571434	0.543138	0.615195
0.409886	-0.812029	-0.415455
0.650687	-0.751442	-0.109273
-0.187062	0.876363	-0.443842
-0.341387	0.375436	0.861686
0.282216	-0.0924819	0.954883
-0.612943	-0.401458	-0.680538
-0.570402	-0.589972	-0.571466
-0.536967	-0.412095	-0.7361
0.00872396	-0.887953	0.459852
-0.213392	-0.929064	-0.302165
-0.456818	0.501458	0.73475
-0.720005	0.474622	0.506287
-0.130812	-0.214783	0.967862
0.0182083	-0.40178	0.915555
0.0872837	0.50521	-0.858571
-0.891169	0.133387	-0.43362
-0.477669	0.353559	-0.804257
-0.85691	0.463266	-0.22603
0.544796	-0.323118	-0.773817
-0.932826	0.341044	-0.116293
0.465979	-0.753149	0.464359
0.646344	0.629633	0.431047
0.447472	0.5222	-0.726
-0.940339	0.226443	-0.253941
0.189787	0.959508	0.208149
0.74662	0.659609	-0.0864499
-0.0474635	-0.725113	0.686992
-0.50643	0.735851	-0.449502
-0.782161	0.0841524	-0.617368
0.435769	-0.866376	0.243921
-0.459403	-0.504886	0.73078
0.620122	-0.669719	0.408565
0.322068	0.393481	0.861072
0.328189	-0.896329	0.298138
0.0532918	0.987851	0.145979
0.927668	-0.312746	0.204015
-0.923697	-0.115487	-0.365304
-0.214529	-0.82992	0.514986
-0.456046	-0.871439	0.1806
0.792639	0.585844	0.168851
-0.840176	0.495111	-0.221291
0.888426	-0.424285	-0.175162
-0.0205156	0.444571	0.895509
-0.0936691	-0.962585	-0.254276
0.353667	0.522816	-0.775618
0.694585	0.198094	-0.6916
0.137586	0.815458	-0.562226
-0.733676	-0.667559	0.126826
-0.17056	-0.177547	0.96922
0.948141	0.0726534	-0.309435
-0.0795697	0.458256	0.885252
-0.118635	-0.942586	-0.312183
-0.823042	-0.557046	0.110914
-0.0161775	-0.675956	-0.736765
-0.162613	0.6721	-0.722384
0.808107	0.245294	-0.535532
-0.991487	-0.105684	-0.0760578
-0.979957	0.0199932	-0.198203
0.903863	0.361898	-0.228171
-0.786785	0.491753	-0.373026
-0.653188	-0.297143	0.696457
-0.038088	-0.996197	-0.0783637
-0.936364	-0.194668	0.292108
-0.253132	-0.895005	-0.367275
-0.75008	-0.26869	-0.604306
-0.531008	-0.738223	-0.416001
-0.162906	0.600906	0.782543
-0.246652	-0.848435	0.468318
-0.178705	-0.764864	-0.618908
0.200329	0.333828	-0.921101
0.471151	0.479332	-0.740445
-0.644782	-0.280656	0.710977
-0.0500453	-0.997181	-0.0559024
0.291959	0.315727	-0.902816
-0.686801	0.185409	-0.7028
-0.0744804	-0.83601	0.543636
0.355529	-0.931472	0.0771965
-0.108892	0.738379	-0.665537
-0.18244	0.948147	-0.260255
0.790232	-0.0412453	0.611418
0.783755	-0.542386	0.302564
-0.449912	0.410829	0.792968
-0.674762	0.737828	-0.0175236
0.179316	-0.666853	-0.723293
0.155585	-0.0807213	0.984519
-0.37767	-0.859469	-0.344498
0.682833	-0.179297	0.708231
-0.422659	-0.222609	0.878524
0.824848	0.120577	-0.552347
-0.31722	-0.635262	-0.704141
-0.517278	-0.731346	-0.444473
-0.136753	-0.962801	0.23305
0.410166	0.69102	-0.595193
0.0870356	-0.16729	0.982058
0.601205	-0.799073	-0.00586034
0.135335	0.886911	-0.441671
-0.150936	-0.103718	-0.983087
-0.1204	0.0740715	0.989958
-0.387599	0.76337	-0.516752
-0.0173311	-0.784901	-0.619379
-0.159953	0.976539	0.144174
-0.502344	-0.398461	-0.767384
0.661207	0.405228	0.631345
0.317498	-0.637841	0.701679
0.923255	0.0209724	-0.383616
0.973676	-0.211198	0.0857301
-0.208833	0.977818	-0.0161686
-0.391019	-0.85423	-0.342629
0.506647	0.275269	0.817028
-0.965841	-0.222966	0.132049
0.85688	-0.172656	-0.485744
-0.992034	0.111509	0.0586052
0.620333	-0.783946	0.0248325
0.652047	0.743499	0.14847
0.210462	0.159819	-0.96445
0.613302	0.308037	0.727305
-0.276691	-0.570223	-0.773491
0.062303	0.699127	-0.712278
0.0548385	0.75859	-0.649256
-0.291542	-0.204348	0.934476
0.970826	0.227025	-0.0771855
-0.0370312	0.138483	-0.989672
-0.929417	0.321478	0.181208
0.985675	-0.0689095	-0.153934
0.324555	0.84075	-0.433363
0.783247	0.434715	0.444462
-0.19149	0.141697	-0.971212
0.659387	-0.378424	0.649618
-0.556574	-0.830144	-0.0329582
0.279433	0.722942	-0.63188
-0.113814	0.337264	-0.934505
-0.411502	0.732118	0.542835
-0.229854	-0.972559	0.0360035
-0.204031	-0.976437	0.0703012
-0.201704	0.4656	-0.861703
-0.308789	0.947443	-0.0836699
0.334561	-0.934908	-0.11839
0.964642	0.235553	-0.118243
0.60453	0.749215	0.270595
-0.586021	-0.202952	-0.784468
-0.585802	-0.327038	-0.741541
0.442073	-0.871032	-0.214183
-0.721917	0.587899	0.364979
0.0549578	0.38264	-0.922262
0.937727	0.239958	-0.251176
0.432722	0.595461	0.676889
0.257687	0.607907	0.751031
-0.568228	0.324455	0.756205
0.416652	-0.432753	0.799454
-0.46092	0.509501	-0.72661
0.203654	0.75942	0.617905
0.415978	-0.844865	-0.336402
0.77461	-0.601117	0.196562
0.0131975	-0.678864	0.734146
0.600067	-0.506238	0.619389
0.294213	-0.826737	-0.479526
-0.509885	-0.640551	0.574205
-0.543743	0.314079	0.778266
-0.0817439	-0.960638	-0.265503
0.804475	-0.191768	-0.562179
0.930528	0.229714	0.285217
-0.25034	-0.867144	0.430571
-0.671774	0.597794	0.437449
-0.371665	-0.144124	-0.917111
0.373091	-0.737721	-0.562646
0.241428	-0.884185	-0.399911
-0.187777	0.00568572	-0.982195
-0.259011	-0.573729	-0.777013
0.876708	0.238247	-0.417877
-0.731294	0.551999	-0.400632
0.265427	0.814249	0.516282
-0.132743	-0.76703	0.627729
0.588464	0.435967	-0.680913
0.600644	-0.0113364	0.799436
-0.845418	-0.443934	-0.29697
-0.968813	0.247392	0.0140683
-0.709659	0.166072	-0.684693
0.290738	0.104801	0.951046
0.300489	-0.669528	-0.679293
0.0878413	0.254772	0.963003
0.0535738	-0.3751	-0.925435
0.416994	-0.153449	-0.895862
0.0193092	-0.627759	-0.778168
-0.217649	-0.429364	-0.876513
0.208172	-0.607258	-0.766748
-0.00532037	0.703057	-0.711114
-0.983395	-0.119795	-0.136321
-0.888095	0.248894	0.386443
-0.85397	-0.509389	-0.106098
-0.583897	0.723377	0.368497
-0.258483	0.964338	-0.0569116
-0.301796	-0.0482066	-0.952153
-0.491771	-0.770947	0.404724
-0.342049	0.813228	-0.47081
-0.484282	0.205389	-0.850462
-0.905206	-0.401912	-0.138086
0.772235	0.310693	0.554187
0.782888	-0.195765	0.590561
-0.729227	-0.216007	-0.649283
-0.705262	-0.30358	0.64066
0.552136	0.83374	0.004783
-0.501094	-0.270779	-0.821939
0.492461	0.836735	-0.239492
-0.146838	-0.975796	-0.162051
-0.658332	-0.697979	-0.281824
-0.658032	0.449178	-0.604345
-0.88579	0.441877	0.141847
-0.375737	-0.518178	-0.768319
-0.374453	-0.879347	0.294167
0.860608	-0.336637	-0.382138
0.802837	0.571393	0.170185
-0.857017	0.167325	-0.487365
-0.968395	0.19974	-0.149385
-0.57985	0.686423	0.43886
0.631554	0.540762	0.555622
-0.339303	0.927998	0.15393
0.236608	0.802433	-0.54783
-0.729652	-0.1823	0.659071
0.771305	-0.13199	0.622629
-0.978468	0.206307	0.00611476
0.272273	0.775788	0.569227
0.4018	-0.749813	0.525678
-0.784265	-0.463864	0.412017
-0.490538	0.603718	-0.628408
-0.173159	-0.984857	-0.00851449
0.458022	0.222347	-0.860685
0.126582	-0.889435	0.439185
0.113998	-0.415413	-0.902461
-0.032039	-0.610985	-0.790993
-0.793703	-0.568462	-0.216532
0.683626	-0.646648	-0.338382
-0.215655	-0.969492	0.116524
-0.866749	-0.0844362	0.491545
0.871877	-0.489682	0.00651066
-0.555693	0.545114	0.627739
0.602302	-0.284095	-0.746005
0.141006	-0.251512	0.957528
-0.771874	-0.52965	0.351683
0.45243	-0.872096	0.186432
0.0436675	0.437812	-0.898005
-0.896602	0.407585	0.173148
0.293167	0.947958	0.124213
0.28695	0.904006	-0.316911
0.197982	0.936367	-0.289861
0.0511623	0.843163	0.535219
0.347596	-0.360286	0.865662
-0.17787	-0.967265	-0.181
0.811075	0.584284	0.0277396
-0.61745	-0.676545	-0.4013
0.114667	0.156903	-0.980935
-0.0769114	-0.175819	-0.981413
0.804166	-0.402539	0.437356
-0.373282	-0.834965	0.404343
-0.804146	-0.222425	-0.551249
-0.644192	0.448236	0.619759
-0.72896	-0.212661	0.650686
-0.489287	-0.688089	0.535847
0.30333	-0.920909	-0.244781
-0.254282	-0.9668	-0.02527
-0.490861	-0.838122	-0.237924
-0.239196	0.444174	-0.86342
0.111379	0.947744	-0.298958
0.990959	-0.128071	-0.0399743
-0.68045	0.71434	-0.163421
0.609281	-0.766117	-0.204553
0.808092	-0.0572474	0.586268
0.705873	0.543198	-0.454619
-0.835275	-0.214591	-0.506228
-0.113392	0.813895	0.56984
-0.085292	-0.632065	-0.770207
0.760712	0.479673	0.4373
-0.810945	-0.223405	0.540795
0.0239226	-0.935639	0.352146
-0.698506	-0.110715	-0.706988
0.826386	0.525782	0.20159
-0.569247	-0.699382	-0.43223
-0.677528	0.223281	-0.700786
-0.808873	0.301806	-0.504617
-0.512054	0.773968	-0.372525
0.223093	-0.490503	-0.842399
0.948649	-0.0984696	-0.300616
0.0183596	-0.230629	-0.972869
-0.232141	0.649894	0.723705
0.139336	-0.972474	-0.186764
-0.957797	-0.0353243	0.285266
0.269282	0.903815	-0.332576
-0.643927	0.308122	-0.700299
0.946651	-0.315135	-0.0673967
-0.716257	-0.144549	-0.682701
-0.197317	0.852424	-0.48419
0.236512	0.886181	-0.398429
0.661095	-0.0608643	0.74783
-0.702848	0.55414	0.44602
0.243977	-0.874604	0.418979
0.664406	0.104458	-0.740036
0.42566	-0.865958	0.262546
-0.466566	-0.651697	0.598002
0.631183	-0.774321	0.0451113
-0.926947	0.330903	-0.17684
0.935181	-0.0241626	0.353346
0.676162	0.300973	0.672473
0.856866	0.424726	0.292212
0.404711	0.0503111	-0.91306
-0.921967	-0.26791	0.279644
-0.765456	0.0600347	0.640681
0.697359	-0.714945	0.0504375
0.5142	0.855258	0.0642884
-0.921359	-0.282363	-0.267148
0.522753	-0.740199	-0.422889
-0.128322	0.803539	0.581256
0.645765	0.180228	0.74196
-0.869703	-0.469824	0.151269
-0.0710046	0.996517	0.0437221
0.830263	-0.556602	-0.0292772
0.373091	0.586386	0.718995
-0.61594	-0.781909	-0.0961068
0.24151	-0.856102	0.456905
-0.18778	-0.789098	0.584861
0.475141	0.659178	-0.582859
0.0686878	0.199651	0.977457
-0.48019	0.773305	0.414024
-0.985747	-0.10604	-0.130608
0.901536	-0.432583	-0.0101972
-0.350119	-0.0801713	-0.933268
0.132745	0.909549	0.393827
0.79487	0.00972883	0.606701
0.176064	0.685262	-0.706695
0.188446	0.682738	0.705944
-0.631431	0.178071	-0.754709
0.102989	-0.179784	0.9783
-0.975824	0.114491	-0.186171
0.626873	-0.684981	0.371257
-0.393141	0.818636	-0.41866
-0.785353	-0.247151	-0.567571
0.288774	0.390997	-0.873917
0.820749	-0.147412	0.551942
-0.684878	-0.728636	-0.00553111
0.806317	-0.511504	-0.297013
-0.967888	0.174355	0.181091
-0.502316	-0.717828	0.48208
-0.434915	0.294692	0.850885
-0.683985	-0.679481	-0.265463
0.427073	0.606505	0.670642
-0.690332	0.398305	-0.603982
-0.706905	0.690785	-0.151994
-0.184489	0.354155	0.916809
-0.374937	0.413582	0.829682
-0.431647	-0.321813	-0.842685
0.347166	-0.906642	0.23974
0.383302	0.610095	-0.693444
0.24194	-0.171574	0.955001
-0.0494561	-0.302244	0.951947
0.429336	-0.561294	0.707544
0.185592	0.200718	-0.961909
0.957902	0.281846	-0.0546468
-0.176493	-0.977757	-0.11332
-0.807003	-0.136974	-0.574442
-0.502109	-0.827973	0.249694
0.392814	-0.88271	-0.257914
0.197253	0.627861	0.752915
-0.454955	-0.618651	0.640536
0.0663827	0.495828	-0.86588
0.744875	0.659608	-0.100397
0.511715	0.277465	-0.813118
-0.94967	0.24243	0.198378
-0.542367	0.835217	0.0908315
-0.883895	0.465053	-0.0495471
0.557962	0.501849	0.660928
0.0942336	-0.984	0.15121
-0.12346	-0.864991	0.486362
0.603664	-0.343071	0.719647
-0.434915	0.671019	0.600486
0.0228276	0.998273	-0.0541359
0.483676	-0.805765	0.341762
-0.0647289	0.0843835	-0.994329
0.39465	0.829914	0.394327
0.387887	-0.530407	-0.753798
0.668657	0.624059	-0.404288
0.292025	-0.394707	0.871165
-0.337877	-0.912178	0.231885
0.440242	0.84092	-0.314707
-0.739988	0.449465	-0.5004
-0.216417	0.864166	-0.454292
0.606614	0.668423	-0.430383
-0.517405	0.263772	0.814074
-0.911618	-0.293941	0.287318
0.641514	0.333788	-0.690685
0.249999	0.167108	0.953717
0.642292	-0.112879	-0.758103
0.183114	0.307678	0.933704
0.223208	0.470538	0.853681
0.344757	-0.93262	0.106597
-0.989205	0.139934	0.0435017
-0.212965	0.170675	-0.962037
0.830859	-0.203577	0.517909
0.257139	-0.838852	0.479799
0.967276	-0.143368	0.209339
-0.0306501	0.910831	0.41164
-0.0854188	0.905256	-0.416191
-0.536096	-0.776164	0.331918
-0.299601	0.688893	0.660049
-0.85899	-0.340441	-0.382408
-0.995077	-0.00416294	-0.0990174
-0.291884	-0.279279	-0.914772
0.869035	0.019701	-0.494358
0.400064	-0.497766	0.769531
-0.799053	-0.066407	0.597582
0.849222	-0.521279	0.0842044
-0.265511	0.905951	0.329781
0.933152	0.241175	-0.266574
-0.894011	0.0155901	0.447773
0.429179	-0.171691	-0.886751
0.909601	0.28773	-0.299729
-0.385923	0.108795	-0.916093
-0.497074	0.620311	0.606739
-0.762059	-0.176201	0.623072
-0.949131	-0.310878	0.0500541
-0.369013	0.420091	-0.829068
-0.959108	0.146915	-0.241927
-0.797552	-0.541652	0.265565
-0.673149	-0.637257	0.375199
0.992515	-0.0784727	-0.0935691
0.709502	0.614032	-0.345792
-0.439008	-0.89798	-0.0300552
0.901551	0.0559746	0.429037
0.151886	0.461236	-0.874181
0.51604	0.820766	-0.245042
-0.975035	-0.182784	-0.126084
0.710815	0.557309	0.429126
0.303951	-0.75347	-0.583006
-0.895884	0.44428	-0.00273925
0.590644	-0.373977	0.715039
0.545233	-0.0291059	0.837779
-0.141042	-0.703298	0.696764
0.0894422	0.600492	0.794613
-0.444316	-0.826661	-0.345275
0.30141	0.951019	-0.0686677
0.0553038	-0.319286	-0.946043
0.820493	0.539672	-0.188534
-0.101838	-0.956071	-0.274877
-0.429558	0.143401	-0.891581
0.441093	0.480834	0.757783
-0.297445	0.2661	-0.916906
0.0306218	-0.999497	0.00824451
-0.596182	-0.474414	0.647687
-0.740268	-0.65061	-0.169443
-0.474111	0.548308	-0.688895
-0.281449	0.723342	-0.630526
-0.00553741	-0.997527	-0.0700653
0.133729	-0.288967	0.947953
-0.732799	-0.171849	0.658388
-0.41336	-0.831056	-0.372129
-0.620488	-0.783992	0.0187409
-0.597806	-0.489094	-0.63515
0.1028	-0.480801	0.870783
-0.435038	-0.894318	0.104582
0.575404	-0.570034	-0.586491
-0.0504878	-0.442752	-0.895221
-0.887801	-0.00507453	0.460199
-0.469935	0.381878	-0.795821
-0.995938	0.0337958	-0.083456
-0.117798	-0.3336	-0.935326
-0.878998	0.420185	0.225404
0.937425	-0.30782	0.162728
-0.157308	0.847894	0.50629
0.803433	0.551501	-0.224369
-0.172385	-0.0958918	0.980351
0.0480816	-0.829907	0.555826
0.357047	-0.929022	0.0971348
0.568474	0.811688	0.134166
0.490114	-0.379906	-0.784512
-0.0984645	0.91029	0.402091
-0.417428	-0.0869749	0.904538
0.0648258	-0.334716	0.940087
-0.326117	-0.427472	-0.843158
-0.697346	0.678341	-0.231433
0.252118	0.344234	0.9044
0.364909	0.511611	0.777879
-0.884725	0.46579	0.0173448
-0.0610832	0.99282	-0.102843
0.323311	-0.828974	0.456368
-0.561571	-0.632727	0.533193
0.599203	0.0716189	0.797387
0.814607	0.546524	0.194236
0.318447	0.220243	-0.922
0.678795	0.303541	0.668656
0.732711	-0.590724	-0.337905
-0.164222	-0.853542	-0.494466
-0.375926	0.917069	-0.13291
0.294256	-0.114881	0.948797
0.514044	-0.79265	-0.327818
-0.848022	0.286932	0.445566
-0.351712	0.311349	-0.882814
-0.511341	-0.851234	0.118034
-0.785782	0.109614	0.608713
0.414838	0.517477	-0.748416
0.744759	-0.643239	-0.1777
-0.802621	0.41859	0.42495
-0.968029	-0.24511	0.0533043
-0.0658496	0.950316	-0.304243
0.523818	0.16113	0.836452
-0.316526	0.870786	0.376223
0.818207	-0.0517988	0.572585
0.848528	0.521007	-0.0924788
0.553543	-0.80687	0.206279
0.847	-0.280056	-0.45184
0.998941	0.0459509	0.00240373
-0.142501	0.619554	-0.771911
-0.689458	0.712759	0.128928
-0.710345	-0.092378	0.697765
-0.0563143	-0.485819	-0.872243
-0.0772755	0.204638	0.975783
0.42891	0.161061	-0.888873
-0.630585	-0.767281	0.116799
0.403906	0.50301	-0.764095
-0.731685	-0.631282	-0.25714
0.0747331	-0.984245	0.160241
-0.464446	-0.262938	0.845668
-0.107586	0.747013	-0.656047
-0.195233	0.844317	-0.499012
-0.446438	-0.861754	0.240983
0.180724	0.278997	-0.943133
0.151482	0.985277	0.0792652
-0.50188	-0.752022	-0.427294
0.729575	-0.553956	-0.401066
-0.410648	-0.900307	0.144275
-0.192122	0.76067	0.620056
0.915186	0.0903901	0.392764
0.311631	-0.934105	-0.174168
-0.239817	0.322654	-0.915632
-0.319458	-0.773308	0.547669
0.223196	0.907063	0.356959
-0.142881	-0.868164	-0.475264
0.0218287	0.996221	0.0840684
0.867304	-0.49418	0.0597568
-0.803143	0.588389	-0.0935944
0.287928	0.73583	-0.612904
0.520125	0.840619	0.151096
0.938427	-0.32018	0.129767
-0.202455	0.582595	0.787144
0.693877	-0.700951	-0.164933
-0.291229	0.0159632	0.95652
-0.277066	-0.441725	0.853296
-0.377152	0.816424	-0.437274
0.111468	0.645264	-0.755784
-0.500151	-0.635027	0.588718
-0.859109	0.334919	0.386989
0.359619	0.753838	-0.549911
0.612781	0.16647	0.77252
0.759764	0.646172	0.0722523
-0.510383	-0.762509	0.397604
0.564474	0.649291	-0.509696
0.885152	-0.216691	0.411766
-0.328821	-0.629633	0.703874
-0.515095	0.599633	0.612469
0.95965	-0.246376	-0.135538
-0.936098	0.212716	0.280129
0.561192	-0.827507	-0.0171919
-0.769327	0.533942	0.350773
0.836965	-0.444205	-0.319641
0.910759	-0.177113	-0.373027
-0.794093	0.589937	0.146258
-0.977326	-0.196971	0.077695
0.604072	0.620591	-0.499964
0.811258	-0.531408	-0.243855
0.453897	-0.812194	-0.366495
-0.957789	0.136832	-0.252819
-0.877695	-0.167108	0.44914
0.3721	0.928078	-0.0145955
0.180482	-0.137031	-0.973986
-0.129079	-0.93839	0.320567
-0.244567	0.875689	-0.41636
0.667583	0.486153	-0.563904
-0.701615	0.701374	-0.125741
-0.101386	-0.584295	-0.805183
0.881674	0.471828	0.00540194
-0.00882022	-0.798657	0.601722
0.736302	0.592569	0.326683
-0.515335	-0.218166	0.828754
0.433136	0.0415262	-0.900372
-0.318747	-0.941932	-0.105666
-0.667634	0.213727	-0.713152
-0.544444	0.0896194	-0.833996
0.815475	0.473364	-0.333057
0.662856	-0.710191	0.237171
-0.909873	-0.320462	0.263506
-0.31994	0.297538	0.899505
0.232165	0.447717	-0.863509
-0.522504	0.802123	0.289118
0.858905	-0.47595	-0.189089
0.626992	0.662869	0.40925
0.981766	-0.179918	0.0613609
0.607188	0.661501	-0.440157
-0.743179	0.396446	-0.538995
0.0331206	-0.348779	0.93662
0.173629	-0.402179	-0.898947
0.240004	0.964937	-0.106273
-0.490753	-0.115318	-0.863634
0.824317	0.0426864	-0.564516
0.428278	-0.258857	0.865778
-0.41426	0.343828	0.842716
0.154238	0.493916	0.85572
0.126558	0.936872	-0.325967
-0.390771	0.147671	-0.908566
0.776547	-0.0754195	0.625529
-0.328855	-0.944231	0.0168208
-0.355526	-0.237438	0.904005
-0.629725	0.771264	-0.0927229
-0.748572	0.00556626	0.66303
-0.628302	0.510739	0.586841
0.920141	-0.107875	-0.376436
0.784338	-0.122011	-0.608217
0.892697	0.440532	-0.0949893
0.542315	0.769836	0.336523
0.220619	-0.251501	0.942377
-0.634279	-0.173905	0.753291
0.803089	0.3237	0.500267
0.434715	-0.378196	-0.817307
0.865217	0.4803	0.143913
0.788675	-0.559857	0.254071
-0.568039	-0.818078	0.089889
-0.119639	0.95207	0.281513
-0.133413	0.99054	-0.0321216
-0.629032	-0.715142	-0.304779
-0.903357	-0.0695582	-0.423212
-0.6905	0.304586	-0.656078
0.70497	-0.513391	-0.489334
-0.0611306	-0.981937	-0.179062
0.166767	-0.382227	0.908896
0.60891	-0.557433	0.564354
0.228809	0.925665	-0.301314
-0.344287	-0.881553	-0.323003
-0.361177	0.90305	0.232492
-0.401086	-0.874912	0.271403
-0.531133	0.807528	0.25651
-0.760571	-0.351983	0.545564
-0.972573	-0.0710097	0.221491
0.97012	0.226996	-0.0856747
-0.124205	0.982866	0.13619
-0.206863	0.735596	-0.645062
0.474606	0.776313	0.414834
0.218777	0.734638	-0.642217
0.507167	0.840439	-0.190901
0.331599	0.914825	0.230518
0.504055	-0.721684	0.474448
0.609726	-0.260869	-0.748453
-0.543496	0.824688	0.15653
-0.014055	-0.997199	-0.0734557
-0.274507	0.682434	-0.677444
0.451495	-0.684898	-0.571898
0.260594	-0.00547595	-0.965433
-0.592127	-0.785707	-0.179025
-0.441405	0.834479	-0.329859
0.436281	-0.898023	-0.0566807
0.681326	-0.681828	0.266281
-0.110423	0.963942	-0.24212
0.232911	-0.260116	-0.937066
-0.384317	0.586497	-0.712967
-0.779997	-0.260935	-0.568787
0.276996	-0.131903	-0.951775
0.809607	0.498469	0.309943
0.749146	0.28596	0.597501
0.788544	0.614643	-0.0203066
-0.681109	-0.67507	0.283499
0.73061	0.673554	-0.111955
-0.822347	-0.474875	-0.31343
-0.0738047	0.996264	-0.0448511
-0.161947	0.0267352	-0.986437
-0.576031	0.651661	0.493484
0.873686	0.137422	-0.466678
0.59156	0.765392	0.253438
0.150951	0.73081	0.665681
0.417935	-0.268985	-0.867743
0.14151	0.104664	-0.984388
-0.255093	0.180128	-0.94999
0.539106	-0.468383	0.699987
-0.867849	0.30762	-0.390139
0.510291	-0.501796	0.698429
0.178228	0.493722	-0.85116
-0.250127	0.382731	0.889355
-0.724822	-0.368402	0.582163
-0.144453	-0.84198	0.51981
0.809302	0.454692	-0.371868
-0.981572	0.0932062	-0.166823
-0.0101937	-0.966628	0.25598
0.484668	0.105648	-0.868295
0.425018	-0.817669	-0.3883
0.700144	-0.0308822	0.713333
-0.145225	-0.158674	-0.976592
0.532165	0.498025	-0.684669
-0.887544	0.122193	-0.444224
-0.6881	-0.488426	0.536618
0.636262	0.197105	-0.745869
-0.985128	0.112815	0.129595
-0.685232	-0.727306	0.0385115
-0.192436	0.149499	-0.969855
0.575194	-0.422414	-0.700513
0.994421	0.0189999	-0.103757
0.298435	0.446102	-0.843759
-0.349348	-0.106868	-0.930879
-0.838694	0.173326	0.516285
0.982833	0.101797	-0.153873
0.849139	-0.105776	-0.51747
-0.350652	0.924202	0.151308
-0.20482	-0.779276	0.592264
0.962312	-0.134176	-0.236543
0.398949	-0.916816	-0.0169469
-0.896183	-0.409861	-0.169913
0.865852	0.408922	0.288242
0.958758	-0.148649	-0.242252
0.812144	-0.5825	0.0334015
0.0224272	-0.975345	-0.219541
-0.879813	-0.24631	0.406524
-0.774659	-0.588035	0.232631
0.0556437	0.141503	-0.988373
-0.740263	-0.408312	-0.534127
0.262219	-0.506708	-0.821272
0.738657	-0.558101	-0.378033
-0.80064	-0.513166	-0.309249
-0.414982	0.90952	0.0237224
-0.874012	0.404602	0.269074
0.573482	0.178801	0.799468
0.18659	0.981527	0.0423076
0.474139	0.735878	0.4834
-0.769535	-0.638435	0.0146976
0.557119	-0.695734	0.453401
-0.717739	-0.0227396	-0.695941
-0.123952	0.608959	-0.783457
-0.679226	0.28304	0.677156
0.310252	-0.638947	0.703911
-0.795458	0.157025	0.585312
0.924276	0.335119	-0.182781
-0.110048	0.709759	-0.695796
0.330967	-0.785323	-0.523191
0.964982	-0.250163	-0.0789197
-0.194685	-0.0188577	-0.980685
0.0102001	-0.245718	-0.969288
0.0397894	0.608608	0.792473
0.20237	0.242776	-0.948739
-0.320898	-0.00190368	0.947112
0.34762	0.755979	0.554667
0.881484	0.471297	-0.0294047
-0.110601	-0.945221	-0.307124
-0.616919	0.562839	0.550112
-0.873614	-0.38587	0.296483
0.107276	0.974967	-0.194757
0.598105	-0.801247	0.0165105
-0.699063	-0.702184	-0.135086
0.206543	-0.568869	0.79607
-0.60479	0.231455	-0.762009
0.49352	0.381253	-0.781719
-0.64246	-0.258815	0.721291
0.77604	0.6305	0.015186
-0.43425	0.312198	-0.844961
0.790352	0.0782803	-0.607631
-0.072735	-0.946302	-0.314995
-0.163767	0.588845	0.791481
-0.0107008	-0.807955	0.589147
0.850288	-0.473683	0.229421
0.930361	-0.0024013	-0.366638
-0.0345335	0.996221	-0.0796991
-0.962445	0.177296	-0.205585
0.904197	-0.418481	-0.0854523
-0.559276	0.757885	0.335888
-0.758232	0.572397	0.312162
0.381639	0.0807476	-0.920778
-0.949019	0.295712	-0.109171
-0.58941	0.492668	-0.640214
0.495409	-0.8685	0.0166552
0.512443	0.220101	-0.830035
-0.732129	0.563405	-0.382835
-0.203735	-0.464654	0.861736
0.933278	0.314157	-0.174063
-0.624086	0.375269	-0.685339
-0.625806	0.757425	0.186213
0.325508	-0.568544	0.755515
0.461505	-0.79647	-0.390701
0.564483	0.682722	0.463949
-0.851351	0.495134	-0.173332
0.501492	-0.62203	-0.601319
0.97976	-0.164665	-0.113827
-0.86215	0.278622	-0.423164
0.805621	0.0625254	-0.589123
0.877292	0.426143	0.22082
0.695236	0.718766	-0.0046172
-0.821025	-0.480351	-0.308515
-0.364721	-0.534846	0.76218
0.349652	0.936063	-0.0391033
0.507586	0.202627	-0.837436
-0.107504	-0.0269432	0.99384
0.473012	-0.879173	-0.0575734
-0.521257	0.289526	0.802786
0.00454721	0.626664	-0.779276
0.897208	-0.153901	-0.413923
0.741315	-0.670129	0.0371325
-0.049435	-0.5278	-0.847929
0.818426	0.496757	-0.28881
-0.350469	0.899808	-0.259839
0.337605	-0.939405	-0.0595043
-0.855175	-0.0112986	-0.518216
-0.0752451	0.404572	0.911405
0.312822	0.124017	0.941681
-0.778055	-0.247917	0.577206
-0.184689	-0.426677	-0.885346
-0.145612	0.807372	0.571794
-0.505109	-0.823362	0.258728
0.785546	-0.00730711	0.61876
-0.188088	-0.959375	0.210293
-0.210892	0.728349	-0.651945
0.841288	-0.496731	-0.213292
0.26814	0.961401	-0.0617108
0.364658	-0.856589	0.365076
-0.665458	-0.739795	0.0993427
0.308123	0.426141	0.850567
0.195774	0.133419	-0.971531
0.956057	0.267446	0.120111
-0.751148	0.107687	-0.651292
0.552769	-0.830921	0.0633746
0.915768	0.349436	0.198152
0.377215	-0.812233	0.444957
-0.0173458	0.270471	0.962572
-0.450649	-0.635602	-0.626838
0.157729	0.979831	0.122693
-0.142391	-0.373305	-0.916716
-0.368749	-0.778988	-0.507151
-0.0415644	-0.765359	0.64226
0.383592	6.35044e-05	0.923503
-0.570183	0.16843	0.804066
0.0610846	-0.479233	-0.87556
-0.204691	-0.41782	0.885171
-0.858072	-0.352771	-0.373183
0.448477	0.745378	0.493234
-0.822662	0.491695	0.285419
0.0212008	0.716333	-0.697436
0.39669	-0.863001	0.312835
-0.145016	0.154739	-0.977254
-0.114765	0.0874894	0.989532
0.237255	0.0459667	0.970359
0.963602	0.057989	-0.260975
0.958556	0.154725	0.23923
0.766981	-0.573299	0.288216
0.960167	0.251142	-0.122505
0.649431	-0.48539	-0.585351
0.0763081	-0.066235	-0.994882
0.522848	0.685443	-0.506752
-0.641138	-0.746318	-0.17875
-0.0679234	0.495016	-0.866225
0.0884022	0.594532	0.799198
0.919499	0.353035	0.17288
0.267161	0.690339	-0.672352
-0.933746	0.225711	-0.277801
0.134059	-0.826712	0.54642
-0.550778	-0.809777	-0.20225
-0.027355	-0.771573	0.635553
0.479258	0.806933	0.34521
0.227554	-0.91695	-0.327753
-0.435497	0.881176	-0.184042
-0.351517	0.936179	-0.00214354
0.777365	0.0334321	0.628161
-0.340563	-0.228365	0.912067
-0.475114	-0.054359	0.878244
-0.0925106	0.282724	0.95473
-0.227763	-0.427883	0.874666
-0.297205	0.895412	0.331522
0.88497	0.23864	0.399849
0.934332	-0.337373	0.114908
0.651294	-0.718994	-0.242619
0.332665	0.686316	0.646765
0.826953	-0.0747434	-0.557281
-0.839381	-0.336406	0.426931
0.675521	-0.730124	-0.102908
-0.318892	0.182041	0.930145
-0.609862	0.659692	0.439175
0.713656	0.603613	-0.355453
0.527606	-0.788219	-0.316768
0.239669	0.96363	-0.118221
-0.16417	-0.934605	0.315534
-0.475735	-0.844932	0.24447
-0.534492	-0.309113	0.786618
0.779087	0.249482	-0.575137
-0.652465	-0.493049	0.575493
-0.171623	0.815719	-0.552402
0.179366	-0.565359	0.805107
0.870237	0.457011	0.183925
0.74094	-0.664594	-0.0965532
-0.562696	0.389576	-0.729112
-0.894583	-0.03763	-0.445314
0.400788	-0.769808	-0.496754
0.896524	-0.369895	-0.243767
-0.344772	0.60486	0.717828
-0.772041	-0.1958	-0.604661
0.298595	-0.953794	-0.033448
-0.264777	-0.497663	0.825969
0.648898	-0.617043	0.445184
-0.965909	-0.151225	0.21012
0.00310563	-0.913787	0.406181
0.0769898	-0.746882	0.660484
0.338431	-0.723929	-0.601158
-0.804824	-0.582401	-0.114313
-0.623999	0.607486	-0.491514
0.459926	0.862314	-0.211854
-0.611751	-0.777772	0.144332
0.0712389	0.772354	0.631185
-0.490586	-0.0451347	-0.870223
-0.940903	-0.283881	0.184697
-0.335193	-0.829417	-0.446892
-0.252682	0.707626	0.659861
-0.409633	-0.53336	-0.740087
0.832761	-0.55335	0.0176698
0.155317	-0.139412	0.977978
-0.785331	-0.619064	-0.00380773
-0.762433	-0.509088	0.399406
-0.229169	-0.782657	-0.578731
0.449127	-0.0434387	-0.892411
0.116233	0.093367	0.988824
-0.247208	-0.636471	-0.730611
-0.138127	-0.909036	-0.393159
0.896445	0.430819	-0.103833
0.710344	0.701894	-0.0524987
0.357306	0.55827	-0.748777
-0.461385	-0.8872	8.58561e-05
0.791404	-0.56933	0.222582
0.615524	0.775099	0.142659
0.233859	-0.780759	-0.579419
0.183286	-0.190936	-0.964339
0.150952	-0.767136	-0.623471
0.370637	-0.169187	0.913238
-0.737572	-0.546392	-0.396792
-0.0653481	0.83556	-0.5455
0.438272	0.684553	-0.582499
-0.397903	-0.892154	0.213856
-0.375268	-0.369398	-0.850129
0.709591	0.394588	0.583764
0.996316	-0.0195984	-0.08349
0.489592	0.833665	0.255544
0.772967	-0.615378	-0.154376
-0.446149	-0.55333	0.703404
-0.469675	-0.460718	0.75309
-0.985677	0.162708	-0.0443406
0.910808	-0.395153	0.11951
-0.711882	-0.247306	0.657316
-0.789474	0.250755	-0.560225
0.730759	0.422115	0.53648
0.0470749	-0.831925	0.552888
-0.545321	-0.706187	-0.45158
0.117993	0.912243	-0.392288
0.106386	0.8581	0.502341
0.76186	-0.531718	0.369926
0.100449	-0.290634	0.951547
-0.964357	0.159646	0.211018
-0.462077	0.485373	0.742225
0.561014	-0.0993721	-0.82182
-0.362936	-0.928514	0.0783577
0.135784	0.183989	0.973504
0.161678	-0.914585	0.370668
0.442431	-0.876368	0.190352
0.498916	-0.595811	0.629358
-0.668633	0.551993	-0.498231
0.609824	-0.241059	-0.754987
0.263432	-0.0981472	0.959672
-0.83498	-0.147979	0.53001
-0.37848	-0.39253	-0.838256
-0.696044	0.0320669	0.717282
-0.820605	-0.5218	-0.23309
0.237878	0.371005	-0.897647
0.223562	0.419663	0.879717
-0.229488	-0.783765	0.577103
0.428421	0.564432	-0.7056
-0.551825	0.306882	-0.775444
0.97543	0.145471	-0.165452
0.826679	0.218561	-0.518491
0.75185	-0.383981	-0.535985
0.760803	0.551305	-0.342406
0.475832	0.415945	0.774967
0.458454	-0.811831	0.361593
-0.637333	-0.439566	0.63292
-0.89205	0.266658	0.364884
0.692404	0.680627	0.239422
0.357145	-0.81716	0.452434
-0.68383	-0.123733	0.719074
0.626271	0.0740983	-0.776076
-0.308064	-0.127503	0.942783
-0.865593	-0.455056	0.208982
-0.709679	0.280903	-0.646104
-0.425966	0.532432	0.731484
0.373146	0.916393	-0.144868
0.591617	0.799547	0.103508
-0.0619722	-0.967194	0.246363
-0.0227765	0.533046	0.84578
0.332841	-0.401489	-0.853243
-0.209654	0.680788	-0.701835
0.422192	-0.174011	0.889648
0.627333	0.513762	-0.585236
0.471192	0.817826	-0.330362
0.878005	0.380941	0.289812
-0.0981976	-0.712179	-0.695096
-0.296517	0.219198	0.929532
0.0126367	0.963741	0.266539
-0.134323	0.772037	0.621221
0.623303	-0.456041	-0.635232
0.588721	0.194778	0.784518
0.0900927	-0.988629	-0.1204
-0.687592	-0.592806	-0.419283
-0.5976	-0.677533	-0.428746
-0.157035	0.439495	-0.884412
0.08917	0.514751	0.85269
-0.425036	0.456079	-0.78188
0.811471	0.338282	-0.47653
0.611019	-0.710691	-0.348675
-0.651745	0.639096	-0.408392
-0.263028	0.0415555	0.963893
0.526919	-0.643643	-0.555049
-0.555332	0.0708183	-0.828608
0.468179	-0.880124	-0.0786839
0.761759	0.265545	0.59094
0.0500156	-0.373556	-0.926258
-0.216708	-0.226619	0.949569
0.291237	-0.593878	0.749993
0.220232	-0.802777	0.554118
0.665943	0.742176	-0.075463
