2048
-0.394225	0.115815	-0.911687
-0.481688	0.0177567	0.876163
0.259776	-0.689392	0.676207
-0.628383	0.12018	-0.768564
0.209314	-0.588927	-0.78061
-0.459606	0.673458	-0.578979
0.407796	-0.91238	-0.0355642
-0.376689	0.925425	-0.0411474
-0.115211	0.992567	-0.039214
-0.0390851	-0.55659	-0.829867
0.461523	-0.650982	-0.602677
0.0461738	0.943677	-0.32763
0.703249	-0.412061	-0.57935
-0.828023	0.189314	-0.527767
0.0703204	-0.924436	0.374796
-0.645198	0.758183	0.0942192
0.449422	-0.170656	0.876868
-0.439761	0.896683	-0.0506917
0.85388	-0.475167	0.212379
-0.570783	0.768366	0.289519
0.834936	0.276345	-0.475936
0.486972	0.492193	0.721529
0.509203	-0.64309	-0.571967
-0.526485	0.846249	0.0817038
0.848266	-0.377419	0.371483
0.0610123	0.894621	0.442641
0.164322	-0.768375	-0.618545
0.424068	0.776279	0.466431
-0.252384	-0.876462	-0.410022
0.331697	0.465451	-0.820568
0.157529	-0.863744	0.478676
0.154359	0.966818	0.203558
0.617728	-0.253749	-0.744328
-0.224801	-0.771675	0.594964
0.696956	-0.700451	-0.153689
0.453712	0.890286	0.039206
0.805048	-0.502395	0.31543
0.230707	-0.271655	-0.934333
0.495207	-0.863382	-0.0966562
-0.629406	0.718888	-0.295039
0.24155	-0.668591	-0.703306
-0.653715	0.756731	-0.00391009
0.34145	-0.873598	-0.346753
0.0314129	0.995404	-0.0904628
0.563922	-0.109287	-0.818565
-0.619688	-0.555406	0.554537
0.669728	-0.61256	0.419803
-0.145237	0.943684	-0.297267
0.877462	-0.478539	-0.0325757
-0.22497	0.822261	-0.522757
0.625292	-0.661711	-0.413701
-0.0694384	0.780635	0.621118
0.179246	-0.907238	-0.380514
0.278074	-0.271248	-0.921466
0.49983	-0.864054	-0.0598358
-0.291319	0.931545	0.217615
-0.750789	0.132467	0.647124
0.00626108	-0.746317	-0.665562
0.510941	-0.827861	-0.231484
0.0926791	0.99543	-0.0230075
-0.920657	0.366599	0.134146
0.975152	-0.208446	-0.0750204
-0.237653	-0.94366	-0.230278
0.335276	0.941294	-0.0394303
0.404491	0.353933	-0.843279
-0.608942	-0.0478696	0.791769
-0.0182223	-0.999808	0.00720029
-0.396172	0.811767	0.429048
0.79854	-0.509468	-0.320587
0.113678	-0.046191	-0.992443
0.288284	-0.953564	-0.0872256
-0.729468	0.659732	0.18064
-0.71125	-0.488136	-0.505813
-0.284149	0.64496	-0.709426
-0.0233716	-0.944364	-0.32807
-0.168572	0.974272	0.149595
0.965643	-0.126117	-0.22722
0.0248481	-0.422059	0.906228
0.469847	-0.880489	-0.0631026
0.481576	0.855128	-0.19194
-0.582974	-0.808483	0.0806086
0.885092	0.459991	-0.0708618
0.381065	-0.866968	-0.321178
0.0708269	0.972756	0.220749
-0.982581	0.00772179	0.185672
-0.0153609	0.999872	-0.00452934
0.374786	-0.919051	-0.121983
-0.0282731	0.997598	-0.0632438
-0.738068	-0.254768	0.624779
-0.228539	0.905792	0.356805
0.221307	-0.975016	0.0191428
-0.193285	0.814334	0.547266
0.194105	0.855078	-0.480796
-0.887812	-0.304217	-0.345314
0.375055	-0.923464	-0.0809207
-0.493066	0.832269	0.253404
-0.66317	-0.739421	0.11603
-0.94599	0.318148	-0.0623312
-0.159574	-0.963422	0.215299
-0.0110622	0.996077	0.0877975
0.21061	0.886786	0.411405
-0.316014	0.93727	0.147175
0.303926	-0.942994	-0.135614
-0.42324	0.865626	0.267505
0.357382	-0.907744	0.219724
-0.265746	0.772677	0.576498
0.693048	-0.720885	-0.00296952
-0.161202	0.984837	-0.0641131
-0.419135	0.877149	-0.234382
-0.474111	-0.0872562	0.876131
0.505402	-0.859733	-0.0736724
-0.584061	0.797611	-0.15063
-0.414622	-0.631306	-0.655393
-0.233309	-0.961148	0.147515
0.39577	-0.918152	-0.0190808
-0.25324	0.966958	0.0293484
-0.0883334	-0.887222	0.452807
-0.345074	0.0120091	0.938499
0.589494	-0.795946	0.13772
-0.641225	0.734295	0.222802
-0.724107	0.658265	-0.205808
0.0741515	0.721303	-0.688639
0.337702	-0.940017	0.0482338
-0.665975	0.724165	-0.17906
-0.0536929	-0.983705	0.171588
0.665004	0.484163	-0.568644
0.13392	-0.971467	0.195748
-0.650999	0.688406	-0.31984
-0.700049	0.699614	-0.143078
-0.698772	-0.58366	-0.413593
0.142686	-0.884472	-0.44424
-0.479967	0.769044	0.422141
-0.736821	-0.554431	-0.386912
0.02447	-0.948977	0.314395
0.106914	-0.994054	-0.0206511
-0.537731	0.793384	-0.285285
0.517901	0.197006	0.832446
0.169454	-0.184629	0.96809
0.617535	-0.785074	0.048061
-0.722451	0.683238	0.106074
0.650346	-0.39886	0.646498
0.141162	-0.492624	-0.858717
0.289658	-0.83681	-0.464594
-0.22931	0.955566	0.185232
-0.0441924	-0.579694	-0.813635
0.673551	0.00397536	0.73913
0.0225134	-0.970079	0.241742
0.00141528	0.967294	0.253655
-0.330761	-0.79684	0.505611
-0.164334	0.986256	0.0171201
0.0983246	-0.982794	0.156359
-0.132339	0.919449	-0.37027
-0.343413	0.115658	-0.932036
-0.958756	-0.011253	-0.284007
0.555012	-0.782312	-0.282754
-0.276392	0.959645	0.0518625
-0.815777	-0.506128	-0.279896
0.363721	-0.43243	-0.825052
0.229938	-0.972603	0.034226
-0.818198	0.499584	0.284548
-0.067891	-0.170722	-0.982978
0.615024	-0.344515	0.709263
-0.373085	-0.879274	0.296116
0.130496	0.985906	-0.104686
0.753138	0.449556	-0.480294
-0.367749	-0.633662	0.680612
0.173635	-0.916559	0.360237
-0.294599	0.581824	-0.758085
0.78009	0.0817644	0.620302
-0.20822	-0.975743	-0.0676071
0.560205	-0.821471	0.106567
0.0600305	0.989304	0.13294
0.847684	-0.502932	0.168793
0.0569186	0.682526	-0.728642
-0.22167	-0.927463	0.301122
-0.0871193	0.874146	0.477785
0.932198	-0.358101	-0.0526358
-0.587054	-0.0754311	-0.806026
-0.0198496	-0.695596	0.718159
-0.122662	0.979964	0.156922
-0.756948	0.170008	0.630973
0.153785	0.383241	-0.910756
0.268204	-0.954042	-0.133681
0.225999	0.923027	-0.311361
-0.208683	0.950815	0.228915
0.833631	0.00314551	-0.552312
0.0187756	-0.907815	0.418951
0.138699	0.926054	0.350979
0.354083	0.852498	0.384542
0.196597	0.0999957	-0.975372
0.431107	-0.885345	0.174101
-0.516181	0.845704	-0.135434
-0.0360425	-0.959369	0.279844
-0.816652	0.5765	-0.0269666
0.275303	-0.961015	-0.0256504
-0.320561	0.917888	0.233926
-0.371651	0.867034	0.331856
0.810651	0.583633	-0.0470786
0.372005	-0.914093	-0.161388
-0.751126	0.659711	0.024303
-0.991063	0.101438	-0.0866253
-0.91973	0.161175	0.357938
0.601496	-0.796015	-0.0675427
-0.425371	0.903575	-0.0510966
0.0213874	0.751031	0.659921
0.555956	0.586863	0.588646
0.729433	-0.618488	0.292235
-0.155755	0.878905	-0.45085
-0.834326	0.544195	0.0880419
0.392705	0.848312	-0.355175
0.0414447	-0.99804	-0.0468802
-0.65533	0.7368	-0.166337
0.543058	-0.676171	-0.497877
-0.770294	-0.636787	-0.0339068
-0.0134886	-0.999689	-0.0209605
-0.392197	0.867487	-0.30602
-0.626058	0.682965	0.37631
-0.226312	-0.04575	0.97298
0.717944	-0.690623	0.0871555
-0.213341	0.969622	0.119657
0.145729	-0.787654	0.598635
0.54718	0.392981	0.739027
0.441875	-0.895006	-0.0609224
0.286184	0.829033	0.480419
-0.515954	0.322937	0.793413
-0.877802	-0.311132	-0.364226
0.232602	-0.94655	0.22347
0.143258	0.983059	-0.114335
-0.695288	0.0485923	0.717086
-0.690106	0.668279	0.277771
0.0446779	-0.997065	-0.0621777
-0.330834	0.782896	0.526899
0.590823	-0.462643	0.660976
0.803541	-0.581278	-0.128209
0.0610899	-0.948212	-0.311708
-0.040868	0.96858	-0.245322
0.361418	-0.251653	0.897802
-0.00112574	-0.76382	0.645428
0.660384	-0.74163	0.117804
-0.112204	0.959089	0.25992
0.0658335	0.857282	-0.510621
0.0502622	0.926464	-0.373011
0.162903	-0.879006	0.448119
-0.0342685	0.999411	-0.00195276
0.740689	0.386652	0.549436
0.419231	0.00769188	0.907847
0.212065	-0.706091	-0.675621
-0.542533	0.628115	0.557789
-0.547562	-0.795705	-0.258898
0.659824	0.0571586	-0.749243
0.0127709	-0.963447	-0.267596
-0.41125	0.799352	0.438075
-0.933691	-0.226803	0.277094
-0.76493	0.549024	0.336831
0.290351	-0.896995	0.333312
0.195924	0.967445	-0.160202
0.126335	-0.668466	0.732934
-0.283847	-0.956773	-0.0633683
-0.125432	-0.883183	0.451945
-0.46569	0.824941	0.32032
0.0896034	-0.551295	0.829485
-0.555652	0.578519	0.597132
-0.0678065	-0.997685	0.00523016
-0.850651	0.522505	0.0581511
0.0587914	-0.74794	-0.661158
-0.936923	-0.341667	0.0737494
-0.238163	-0.948429	0.209192
-0.597163	0.75395	-0.27378
0.125581	0.624791	-0.770626
0.895116	0.397747	-0.201407
-0.12827	-0.89315	0.43108
0.124023	0.95062	-0.284499
-0.731309	-0.6716	0.118911
0.576836	-0.485841	0.656672
-0.512118	-0.858894	-0.0060344
0.439499	0.890974	-0.114048
-0.0581955	-0.995356	0.0766852
0.61982	-0.779098	-0.0939654
-0.577414	-0.816066	0.0250689
0.151815	0.968548	0.197149
-0.273931	-0.712819	0.64564
0.730973	-0.438238	-0.523092
0.273488	-0.938177	-0.212197
0.189402	0.962076	0.196307
0.322069	-0.943037	-0.0833806
-0.325394	-0.310507	-0.893143
-0.187632	-0.942988	-0.274896
0.0759976	0.996741	0.027036
0.552659	0.35478	-0.754121
0.166916	0.775678	-0.608657
0.0286694	-0.987825	-0.152904
-0.307225	0.93957	0.151069
0.204848	0.96859	-0.140967
0.334284	-0.894728	0.296169
0.260726	-0.941572	-0.213221
0.140585	0.678127	0.721373
0.317813	-0.946188	0.0610214
-0.669134	-0.689234	0.277877
0.20801	-0.976733	-0.0522055
0.00296662	0.884736	0.466083
-0.147569	-0.371514	-0.916625
-0.344235	-0.702441	0.622959
-0.240703	-0.941324	-0.236584
0.202435	0.967608	0.15085
0.764151	-0.533402	-0.362704
-0.291698	-0.900703	0.321941
0.0790449	-0.993371	-0.0834682
0.0835865	0.988025	0.129694
0.428461	-0.100192	0.897988
-0.489807	-0.827072	0.275754
0.0916788	-0.995553	-0.0216821
-0.401385	0.900906	0.165101
0.682144	-0.708133	0.182284
0.809299	-0.354289	0.468524
0.750816	-0.605536	0.263821
-0.809908	0.584425	0.0499758
-0.0576783	0.100174	-0.993297
0.774136	0.164455	0.611285
0.0406731	-0.996843	-0.0681929
0.445395	0.895303	0.0074968
-0.437306	-0.322979	-0.839314
-0.811329	-0.0755597	-0.579686
-0.283926	-0.955323	-0.0821202
0.173476	0.981718	-0.0783325
-0.725834	-0.646227	-0.235703
-0.747644	0.593304	0.29836
-0.193568	-0.947893	-0.253042
0.52303	0.724065	0.449632
0.0685454	-0.953175	-0.294549
0.0110315	-0.819005	0.57368
0.295249	-0.898447	-0.324993
0.0139206	0.883173	0.46884
-0.0566028	-0.289102	-0.955623
-0.884967	-0.18603	0.42688
-0.50017	-0.84971	0.166802
0.12331	0.89952	0.419117
-0.305249	0.258534	-0.916506
0.759676	-0.116769	0.639732
0.0740438	-0.991231	-0.10945
-0.442375	0.891879	-0.0941122
-0.309239	0.876381	-0.369227
0.0915188	0.984416	-0.150163
-0.502956	-0.743327	-0.441021
0.360049	0.872241	0.331
0.964408	-0.206074	0.165681
0.641506	0.419583	-0.642199
-0.100668	-0.986525	-0.128975
-0.508948	0.741391	0.437392
-0.329509	-0.613664	-0.717524
0.700839	0.297775	-0.648193
-0.0935603	-0.927596	-0.361681
-0.273597	0.893041	0.357243
-0.763306	-0.347124	0.544857
-0.331439	-0.525328	0.783696
0.103402	-0.962076	0.252423
0.0173201	0.790995	-0.611577
-0.888104	0.391117	0.24145
-0.489738	-0.479415	0.72823
0.368989	-0.890902	0.264841
-0.129445	0.986153	0.103661
0.920961	-0.343918	0.183168
-0.590263	-0.342309	-0.731036
-0.0700307	-0.960844	0.268094
-0.165266	0.97559	0.144605
0.0600332	0.105813	-0.992572
0.325987	-0.681175	-0.655541
0.539704	-0.813959	0.214922
-0.115015	0.991968	0.0526388
0.300024	0.0777652	-0.950757
0.893639	0.440165	0.0875426
0.128372	-0.954336	0.269746
-0.209311	0.901107	-0.37973
-0.443141	0.425774	0.788887
0.3298	-0.61858	-0.713155
0.16241	-0.981709	-0.0993451
-0.117654	0.919681	0.374624
0.842092	0.44077	0.31081
0.608741	0.26374	0.748248
-0.130598	-0.86482	0.484799
-0.361224	0.913232	-0.188479
-0.411957	0.834848	-0.365132
-0.410155	-0.783049	-0.467554
0.0107804	-0.985302	-0.170481
-0.138446	0.972119	-0.189253
-0.670105	-0.487447	-0.559781
0.281886	-0.523078	0.804319
-0.494055	-0.868688	0.0359305
-0.0657094	0.977155	-0.202114
-0.608814	-0.75426	0.245838
0.647494	-0.24179	0.722696
0.279891	-0.958275	0.0580558
-0.00510975	0.998408	-0.0561714
-0.576007	-0.796747	0.182783
-0.458896	0.638772	-0.617564
0.185459	-0.942026	-0.279627
0.00425142	0.985142	-0.171688
-0.71504	-0.054435	0.696961
-0.342876	0.409149	-0.845596
0.405778	-0.896986	-0.175387
-0.352132	0.797544	0.489824
0.925181	-0.251114	-0.284574
0.218256	-0.938204	-0.268583
0.0302756	-0.921026	-0.388323
-0.447194	0.89187	0.0677158
0.657414	-0.0108327	-0.753451
-0.0434803	-0.543081	0.838554
0.769324	-0.501691	0.395533
-0.224645	0.882646	-0.412881
-0.950327	0.308802	-0.0389842
0.453468	-0.531502	-0.715452
0.0541768	-0.977398	-0.204347
0.108639	0.985694	0.128861
-0.594652	0.236099	0.768535
0.683569	-0.220109	-0.695906
-0.104679	-0.978106	-0.179862
-0.520108	0.751894	0.405146
-0.186104	0.554186	0.811322
0.350201	0.442484	0.825571
0.298395	-0.949553	-0.0964854
-0.494813	0.797545	-0.345082
-0.689206	0.322722	-0.648726
0.825927	-0.40237	-0.394896
0.073001	-0.993534	-0.0869548
-0.514829	0.819592	0.251436
0.295191	-0.926118	-0.234877
-0.852916	0.0759013	0.5165
0.109195	-0.993567	-0.0300112
0.154681	0.959734	0.234487
0.209826	-0.809801	0.547901
-0.311429	-0.454882	-0.834323
0.039081	-0.998253	0.0443053
-0.133437	0.976692	-0.168131
-0.381582	-0.616985	0.688276
0.404323	-0.253787	0.878701
0.164401	-0.982918	-0.0827322
0.0503249	0.842917	0.535684
-0.840208	0.516428	0.165387
-0.627542	-0.678805	-0.381332
-0.041198	-0.98075	-0.19087
-0.634159	0.768543	0.0847611
-0.316237	0.889413	0.33006
0.884711	-0.102592	0.45471
-0.126882	-0.979378	-0.157225
0.0592648	0.957488	0.282321
-0.10167	0.852235	0.513184
0.221755	-0.619653	-0.752898
0.159399	-0.925359	-0.343951
0.308028	0.942181	0.131962
0.326936	-0.686508	0.649477
-0.953022	-0.116126	0.279757
0.134369	-0.923421	-0.359497
0.00735677	0.756123	0.654388
-0.259772	0.322668	-0.910167
-0.787518	-0.0812321	0.610914
0.40649	-0.907711	-0.104047
-0.553798	0.724044	0.411179
-0.365466	-0.677693	0.638097
-0.64046	-0.767989	-0.0021078
0.862352	-0.350794	-0.365094
-0.527525	0.840917	0.120735
-0.89694	0.394446	-0.19978
-0.692947	-0.229863	-0.683364
0.36546	-0.850306	-0.378707
0.0656552	0.966001	0.250064
0.608174	-0.787362	0.100925
0.41783	0.599921	0.682285
0.281026	-0.951031	-0.128703
-0.112653	0.989317	-0.092522
0.38477	0.763738	-0.518321
-0.499274	0.119525	0.858161
0.446307	-0.890812	-0.0852259
-0.314021	0.949317	0.0136908
-0.16946	-0.983357	-0.0655194
0.950942	-0.0876273	0.296701
0.733418	-0.659314	-0.16554
-0.145701	0.954005	0.262003
-0.957367	0.101326	-0.270521
0.581992	0.735383	-0.347128
0.203255	-0.954553	-0.217982
-0.374497	0.927225	0.00238274
0.301853	0.794985	0.526197
-0.974329	0.202649	0.0980662
0.462788	-0.863156	-0.201961
-0.47811	0.753327	0.451563
0.211399	-0.286388	-0.934501
-0.964374	-0.126683	0.232236
0.500293	-0.740626	-0.448531
-0.164763	0.980033	0.111303
-0.895268	-0.432853	0.105516
0.174089	0.718914	-0.672945
0.535978	-0.841972	-0.0617268
-0.202818	0.962996	0.177495
0.768059	-0.638263	0.0520192
0.440295	-0.453823	0.774716
0.0922645	-0.965089	-0.245135
-0.0514577	0.953096	0.298261
-0.161325	0.679086	0.716112
-0.0780552	0.0130941	-0.996863
0.299416	-0.9234	-0.240173
0.120441	0.987009	0.106335
-0.20049	0.820638	0.535123
0.40908	0.613472	-0.675505
0.25953	-0.897735	-0.355971
-0.242854	0.898903	0.364685
0.233444	-0.649302	-0.723817
0.414058	0.478933	0.774066
0.418266	-0.833695	-0.360563
0.23678	0.815661	0.527856
0.101021	0.93879	0.329344
0.565924	-0.404464	0.718428
-0.555049	-0.818129	-0.150283
0.183406	0.977805	0.101286
0.267176	0.356255	-0.895377
-0.088468	-0.936741	-0.338658
-0.206216	-0.912244	-0.353956
-0.195238	0.97393	0.115509
-0.648939	0.743778	-0.16023
0.908013	0.0445444	-0.416568
0.42032	-0.906337	0.0434064
-0.0412577	0.952951	0.300304
0.112075	0.831361	-0.544315
-0.573255	0.356775	-0.737624
-0.139464	-0.951996	-0.272494
0.126977	0.991636	0.0231385
-0.810357	0.490145	0.32106
-0.356064	0.825562	-0.437796
0.0896308	-0.758852	-0.645066
-0.000719493	0.811856	0.583857
0.255045	0.907854	0.332795
0.137747	0.540997	0.829667
0.181304	-0.961437	-0.206805
0.29975	0.947593	-0.11053
0.851141	0.106152	0.514093
-0.830307	-0.194909	-0.522112
0.0189044	-0.956174	-0.292189
-0.0131802	0.945741	0.324654
-0.64858	-0.65701	-0.384293
-0.281805	0.624235	-0.728641
0.32999	-0.605093	-0.724547
0.00954912	0.966841	0.255202
-0.281319	0.318653	0.905163
-0.20465	-0.169125	0.964114
0.621037	-0.782597	0.0430692
-0.369078	0.929101	0.0234869
0.877061	0.228691	-0.422451
-0.532967	0.784511	0.316998
0.348536	-0.923983	-0.157409
0.238972	0.858502	0.453726
0.615253	-0.566268	0.548457
-0.507985	-0.40429	-0.760592
0.415053	-0.824848	-0.38387
0.146754	0.930188	0.336473
0.227313	0.905692	0.357841
-0.277611	0.891024	0.359177
0.147029	-0.989117	0.00551044
-0.422568	0.642955	0.638785
0.648514	-0.06473	-0.758445
0.712243	-0.577809	-0.398556
0.348232	-0.579454	-0.736863
-0.508634	0.859029	0.0579687
-0.627083	0.51309	0.586093
-0.507349	0.462427	0.727157
-0.332661	-0.932385	0.141405
-0.120109	0.984266	-0.129591
-0.0281722	-0.978379	-0.204892
-0.893304	-0.159646	-0.420143
0.821677	-0.554283	-0.13273
-0.400861	0.891246	0.212111
0.809233	0.452264	0.374965
0.837905	-0.407391	-0.363247
0.526786	-0.844018	-0.100646
-0.699978	0.704954	-0.114329
0.350403	-0.596773	0.721859
0.456885	0.82666	-0.328465
0.381003	-0.918758	-0.103541
-0.575573	0.807963	-0.126143
-0.620107	0.52578	-0.582257
0.984032	0.0714938	-0.163
0.306801	-0.923596	0.229878
-0.0997983	0.976328	-0.191895
0.0831529	-0.0826904	-0.9931
0.33677	-0.750852	-0.568161
0.141686	-0.629652	0.763848
-0.303794	0.563645	-0.768124
-0.64291	0.265783	0.718349
0.434698	0.653828	-0.619312
0.690011	-0.721117	-0.0622485
-0.442232	0.876656	0.189488
-0.395073	0.365217	-0.842931
0.57988	0.662998	0.47347
0.447048	-0.861165	-0.241958
-0.0239152	0.985285	-0.16924
-0.813214	0.0623744	-0.578612
-0.179224	0.977328	-0.112731
0.0998002	-0.938547	0.330408
-0.570735	0.782665	0.248391
0.199478	0.89727	-0.393847
-0.277702	0.54176	-0.793333
0.125587	-0.985976	-0.109908
-0.0874494	0.797585	-0.596834
-0.165714	-0.981963	0.0910338
0.105595	-0.954699	-0.278208
0.0148437	-0.844339	0.535604
0.0112524	0.949099	-0.314775
-0.611934	-0.676696	-0.409414
-0.226199	-0.185031	-0.956346
0.630405	-0.563547	0.533857
-0.190401	0.938823	-0.286982
0.850663	-0.276996	0.446817
-0.199204	-0.938139	-0.283217
0.491265	-0.855896	-0.161554
-0.314846	0.93494	0.163584
-0.429439	-0.203995	-0.879755
-0.18895	-0.827934	-0.528037
0.537243	-0.842963	0.0279879
0.186494	0.974556	0.124344
-0.296993	0.954876	0.00283507
-0.461487	0.309614	0.831366
0.743687	-0.656956	-0.123847
-0.45513	0.848195	-0.270965
0.187755	0.789855	-0.583848
0.857537	-0.50318	0.106957
0.601086	-0.79543	-0.0773761
-0.321457	0.929944	-0.178522
-0.435768	-0.314701	-0.843249
-0.852731	-0.225509	-0.471164
0.586805	-0.785423	-0.196903
-0.42892	0.843033	-0.324536
-0.0616765	-0.903487	-0.424155
0.210038	0.797439	0.565664
0.289653	-0.950598	-0.111643
-0.763327	0.635615	0.115435
0.299985	0.650558	0.697698
0.191646	-0.921268	-0.338432
0.19788	-0.974085	-0.109551
-0.522232	0.848443	0.0861318
0.137457	-0.452278	0.881221
-0.214129	-0.172261	0.961496
0.285599	-0.950746	-0.120479
-0.218571	0.967153	0.129777
-0.431469	-0.371889	0.821908
-0.709924	0.0395785	-0.703165
0.495186	-0.865106	-0.0798866
-0.247234	0.96453	0.0925054
0.112296	0.364671	-0.92434
-0.547764	0.483655	-0.682666
0.491306	-0.801949	-0.339847
-0.678995	0.70177	0.215602
0.879995	-0.218737	-0.421619
-0.603415	-0.277738	0.747497
0.376303	-0.926485	0.00467348
-0.0245823	0.830432	0.556577
-0.711758	0.702423	0.00155083
0.472063	-0.745467	-0.470569
0.274975	-0.91346	-0.299967
-0.22956	0.960965	0.15443
0.996129	-0.0876001	0.00727958
-0.599658	0.773232	0.206209
-0.199371	-0.964279	0.174405
0.0498405	0.993889	-0.0984908
0.770106	-0.51171	0.380905
0.470913	-0.522903	0.710502
0.0738274	-0.892587	-0.444789
-0.542739	0.832796	0.109017
-0.552474	-0.379466	0.742144
0.81659	-0.290008	-0.499075
0.356923	-0.85677	-0.372225
-0.304555	0.932251	-0.195332
0.699259	-0.0294462	-0.714262
-0.027135	0.938514	-0.344172
0.505607	-0.53315	-0.678316
0.00991165	0.955519	-0.294761
-0.738074	0.656603	0.155304
0.756384	0.544385	-0.362668
0.36133	-0.58806	-0.72362
-0.66089	0.712466	0.235833
-0.985956	-0.0604615	0.155679
-0.648719	-0.340645	0.680533
-0.172793	-0.973372	-0.150628
-0.120384	0.961644	0.246472
0.453589	0.0191451	-0.891006
-0.542906	-0.82885	-0.135134
0.390312	-0.781048	-0.487464
-0.642063	0.764859	0.052394
0.513614	-0.238785	-0.824125
-0.361058	-0.761606	-0.538139
0.241778	-0.857202	0.454695
-0.581173	0.806285	-0.110192
0.237793	0.938121	0.251762
-0.308872	0.936205	0.167682
0.148998	-0.955262	-0.255488
-0.350865	0.854761	0.382462
0.21528	0.399746	-0.890987
-0.0612896	-0.580298	0.812095
0.0305459	-0.963123	-0.267321
-0.805718	0.417199	0.420431
0.260764	0.930872	-0.255891
-0.959232	-0.261386	0.107472
0.0561898	-0.833848	-0.549126
0.21905	0.916157	-0.335668
0.0570987	-0.573119	-0.817481
-0.52795	0.849265	-0.00423377
0.553714	-0.638499	-0.534527
-0.357266	0.931998	0.0611626
-0.838387	0.421798	-0.345245
-0.431366	-0.881141	-0.193684
0.220069	-0.959673	0.174922
-0.0751419	0.803874	-0.590034
0.397424	0.383011	0.83388
-0.809084	-0.0938112	-0.580157
-0.00103144	-0.916367	0.400338
-0.268029	0.933579	-0.237887
-0.595794	-0.567163	-0.568643
-0.668685	-0.529667	-0.521836
0.233734	-0.967241	0.0990636
0.0233297	0.987329	0.156964
-0.563482	-0.670798	0.482201
0.621144	0.739442	-0.259626
0.332082	-0.941996	0.0486345
-0.342326	0.927368	-0.150999
0.238532	0.470703	-0.849436
0.388176	0.106485	0.915413
0.395147	-0.672876	-0.625378
-0.153434	0.760861	0.630514
0.427586	0.776199	0.463342
-0.128544	0.754564	-0.643513
0.422414	-0.903688	0.0700984
-0.18919	0.90498	0.381076
0.238603	-0.683043	-0.690304
0.357252	0.779046	0.515227
0.208241	-0.957768	-0.198283
-0.525256	0.850197	0.0356595
-0.728968	0.634527	0.256866
-0.874366	0.253843	0.41358
0.475416	-0.841177	0.257685
0.0893992	0.94436	0.316531
-0.256439	0.35717	0.898148
0.885057	-0.123978	0.448668
0.36285	-0.651881	-0.665876
0.356101	0.828323	0.432519
0.0827026	0.80553	-0.586756
-0.735063	-0.67519	0.0616512
0.590025	-0.802078	0.0924249
-0.268742	0.962777	-0.0289531
0.457588	0.16161	0.874354
-0.230939	-0.940451	-0.249436
0.452331	-0.844397	0.287036
-0.252734	0.958541	0.131625
-0.0034856	-0.214692	-0.976676
-0.643603	0.409936	-0.646318
0.453047	-0.879285	-0.146992
-0.309011	0.943504	0.119636
-0.707614	-0.507208	0.491957
-0.462938	-0.884829	0.0525881
-0.0457523	-0.997774	-0.0485066
-0.267229	0.954773	-0.130376
0.209925	-0.928614	0.305952
-0.561588	-0.385885	0.731923
0.131442	-0.915317	0.38068
-0.241013	0.930021	-0.277443
-0.995187	-0.0425668	-0.0882702
-0.0785119	0.185605	-0.979483
0.332323	-0.923055	0.193726
-0.403409	0.828802	-0.387747
0.750346	0.233313	0.618502
0.2795	0.846223	-0.453638
0.256519	-0.966539	-0.000654476
-0.262353	0.807043	-0.529011
-0.95269	-0.000907944	-0.303942
0.556217	0.820652	-0.130968
0.298758	-0.931221	-0.208738
-0.622874	0.765165	0.162946
-0.938649	-0.0837845	-0.33454
-0.227526	-0.971824	-0.0615614
-0.00697764	-0.999941	0.00827597
-0.327378	0.829478	0.452537
-0.309765	0.896689	0.316218
0.988713	0.0590599	0.137689
0.478916	-0.868658	-0.126779
-0.365024	0.835558	-0.410609
-0.50529	0.675659	0.536812
-0.0310908	0.392956	0.919031
-0.0977635	-0.995204	0.00330291
-0.246955	0.913622	0.322969
0.107078	0.990684	-0.0841407
-0.652059	-0.00846831	-0.758121
-0.526804	-0.845244	-0.0896692
0.198164	0.909782	0.364729
-0.0959193	0.0126193	0.995309
-0.0400821	-0.0244266	0.998898
0.38687	-0.874149	-0.293592
-0.160089	0.981823	0.101954
0.298957	0.560908	-0.772015
0.365946	0.316222	-0.875264
-0.0694137	-0.994213	-0.0819852
0.122942	0.675889	0.726677
0.733187	0.201182	-0.649587
-0.446175	0.729506	-0.51841
0.0866571	-0.9107	-0.403877
-0.545984	0.739725	0.39333
0.48231	-0.776781	-0.404955
0.496535	-0.745437	-0.444721
0.314797	-0.852173	-0.417975
-0.226161	0.972776	-0.0505747
0.98786	-0.0379622	0.150636
-0.517855	-0.850387	-0.093106
-0.0945433	-0.969892	-0.224433
-0.0565443	0.982966	0.174874
0.623132	0.411594	0.665054
0.0719566	-0.385513	-0.919892
0.0465712	-0.982344	0.181193
0.0964274	0.930623	-0.353047
0.0467331	0.827912	-0.558908
-0.651986	0.560188	-0.510983
0.370216	-0.918334	-0.140009
0.0702807	0.947041	-0.313328
0.793301	-0.526285	-0.306101
0.449095	0.355834	-0.819571
0.618778	-0.716753	-0.321527
-0.62131	0.783315	0.0197806
-0.544282	0.779481	-0.310107
0.00855431	0.22398	0.974556
-0.0597685	-0.998128	-0.0130032
0.12917	0.990805	0.0402625
-0.135549	0.934652	0.328712
0.346812	0.0504509	0.936577
0.0155114	-0.939314	-0.342706
-0.323488	0.853561	-0.408398
-0.867436	-0.188325	-0.460531
0.333003	-0.261391	-0.905971
0.578962	-0.810367	-0.0900411
-0.178112	0.869871	0.46
0.511815	-0.829527	-0.22345
0.808965	0.220784	-0.544822
-0.172687	-0.924329	-0.340286
-0.393151	0.896903	-0.202477
0.71511	0.492383	0.496162
-0.618332	-0.399156	0.677008
0.48983	-0.87181	-0.00374859
-0.486331	0.87373	-0.00884976
-0.0448082	-0.498566	0.865693
0.681373	0.725473	0.097053
0.615489	-0.775828	0.138798
-0.200297	0.951612	-0.233056
0.477374	-0.562155	0.675349
0.543228	0.77228	0.329373
0.142231	-0.966554	-0.213411
-0.194897	0.953707	-0.229037
-0.536333	-0.597183	0.596422
0.700856	0.273264	-0.658884
0.473126	-0.816079	-0.331914
0.131124	0.9796	-0.152284
-0.797234	0.572706	-0.190853
0.0877971	-0.960676	-0.263427
0.167737	-0.985811	0.00636054
-0.19748	0.957567	-0.209923
-0.245543	-0.591647	0.767895
-0.268715	-0.902192	-0.337405
0.665194	-0.702688	0.25248
-0.561668	0.746303	-0.357157
-0.964845	0.262657	-0.0092751
0.127371	-0.991731	0.0157029
0.368089	-0.928691	0.0452007
-0.795326	0.589815	0.139912
-0.574721	-0.294436	-0.763546
0.633092	-0.625706	0.455726
0.369666	-0.83235	0.412966
-0.177353	0.885419	0.429626
0.815407	0.405436	0.413199
0.840704	0.517213	-0.160337
-0.0286228	-0.972301	-0.231971
-0.28953	0.944711	0.153925
0.540316	0.839353	-0.0595362
0.590228	0.774007	0.229227
0.151669	-0.978841	-0.137356
-0.310533	0.893349	-0.324802
-0.652726	-0.0271097	-0.757109
-0.658807	0.60104	0.452464
0.386385	-0.861101	-0.330471
-0.406943	0.910519	0.0731621
0.881897	0.459284	-0.106376
0.690709	-0.092565	0.717184
0.121223	-0.99262	0.00336508
-0.4164	0.895847	0.155143
0.704711	-0.528037	-0.473877
0.614666	-0.28101	0.737034
-0.0848878	-0.614008	-0.784722
-0.277029	0.949539	-0.147071
0.235739	0.221378	0.946266
0.747358	0.614366	-0.253002
0.757028	-0.645112	0.103628
-0.633832	0.74853	-0.19483
0.150725	0.172539	-0.973402
0.721423	-0.332209	-0.607607
0.618016	-0.608421	-0.497876
-0.100492	0.994924	0.00530237
0.788723	-0.596768	0.147593
0.07233	0.64405	0.761556
-0.201116	-0.958676	0.201229
-0.469385	0.845267	-0.255347
-0.927221	0.133493	-0.349915
-0.835308	0.129115	-0.534406
0.223678	-0.91217	-0.343385
-0.752208	0.608574	-0.252628
0.30208	-0.736202	-0.605602
-0.809095	0.296201	0.507572
0.327051	-0.944231	-0.0382836
-0.570224	0.805269	0.162437
0.885732	-0.0467987	0.461832
0.636044	-0.69817	-0.328643
0.301396	-0.871609	0.386599
-0.0978024	0.995204	0.00199331
0.919788	0.279689	0.275253
-0.00509569	0.256271	0.966592
-0.225955	-0.942017	-0.24809
-0.563293	0.785853	0.255217
-0.334954	-0.703573	0.626731
0.755843	0.563157	-0.333998
0.0196951	-0.960066	0.279081
-0.167497	0.960499	-0.222229
0.0764917	0.947132	0.311594
-0.555289	-0.682823	-0.474771
-0.27478	-0.953458	-0.12415
-0.0914105	0.684275	-0.723472
-0.514862	0.228178	0.826349
-0.823835	0.491127	-0.283001
-0.188414	-0.981804	-0.0236912
-0.0309811	0.805541	-0.59173
0.647332	0.727896	-0.226116
-0.900416	0.357992	0.247168
0.637699	-0.762825	0.106949
-0.659333	0.741551	0.124024
0.35079	0.787936	0.506067
-0.114369	0.17987	0.977019
-0.331754	-0.941691	0.0561965
0.0922448	0.995031	-0.037465
-0.878653	-0.421771	0.223782
-0.632012	-0.361412	-0.685523
0.185072	-0.918744	-0.348794
-0.341343	0.934035	0.105183
-0.664405	0.679639	-0.310896
0.616445	-0.764533	-0.188375
0.179699	-0.976059	0.122545
-0.263655	0.964297	0.0248316
0.141824	0.591955	0.793395
0.372249	0.927499	0.0342799
0.212507	-0.976746	-0.0284313
-0.41404	0.887034	-0.204308
-0.941644	0.252162	-0.222981
-0.509053	-0.531508	0.677026
0.198684	-0.973729	0.111247
-0.594863	0.80307	0.0348809
-0.694795	0.428941	0.577295
0.883994	0.467496	0.0012702
0.368571	-0.841765	0.394444
0.197293	0.979722	0.0349384
-0.957275	-0.0540546	-0.284081
-0.356998	-0.794157	0.4918
0.151256	-0.988357	0.0164963
-0.142528	0.980728	0.133632
-0.756883	0.652303	-0.040362
0.0627925	-0.600206	0.797377
-0.247287	-0.881868	-0.401445
-0.337032	0.941485	0.0040323
0.287195	0.453615	0.843654
-0.898948	-0.438055	-0.000676977
0.213607	-0.976097	0.0400934
-0.146165	0.988015	0.0496266
-0.829737	0.506116	0.235335
0.921951	-0.387117	-0.0121581
0.459439	-0.875139	-0.151815
-0.480778	0.820493	-0.309262
0.373773	0.322316	0.869716
0.0587671	0.81318	0.579038
-0.0333163	-0.993783	-0.106228
0.113867	0.991951	0.0553867
0.773149	-0.452001	-0.444899
-0.0746029	-0.766325	-0.638107
0.318368	-0.916701	0.241458
-0.392475	0.891817	0.225001
-0.437142	-0.389961	-0.810455
0.558624	-0.638615	-0.529254
0.276034	-0.953408	0.121731
-0.274399	0.869538	0.410621
-0.467331	-0.0575891	-0.882205
-0.310345	-0.0332062	-0.950044
0.522584	-0.790697	-0.318911
-0.0262251	0.994924	-0.0971489
-0.429796	0.898114	0.0930953
-0.592548	-0.379447	0.710568
0.0163021	-0.952901	0.302844
0.147693	0.797523	-0.584931
-0.744561	-0.40584	-0.530021
0.734684	-0.672821	-0.0869038
-0.163657	-0.98369	-0.0746317
0.151497	0.889699	-0.430679
-0.11729	-0.990698	-0.068996
0.266732	0.606671	0.748869
0.0628207	-0.98085	0.184354
0.241215	0.957754	-0.156597
-0.579757	0.382913	-0.719207
-0.955737	-0.294218	-0.0016889
0.208547	-0.689578	0.693535
-0.543339	0.827297	-0.142697
0.93389	0.156188	0.321644
0.325254	-0.0105556	0.945568
-0.173734	-0.96662	-0.188313
0.219214	0.965152	0.142925
0.616165	0.787461	0.0156881
0.819683	0.111419	0.561878
0.580134	-0.751682	-0.313717
-0.390377	0.889186	0.23865
-0.411486	0.854451	-0.317165
0.0894704	-0.796595	-0.597855
0.38313	-0.892327	-0.238672
-0.259862	0.834387	0.486076
0.819293	0.474504	0.321877
0.494022	-0.757913	0.42604
0.695389	-0.678205	0.237638
-0.630412	0.756989	0.171899
-0.969536	-0.0756867	0.232964
0.284428	0.900876	0.327908
0.000731646	-0.827976	-0.560763
-0.606692	0.787062	0.111621
0.0443334	0.230318	0.972105
0.411476	-0.872143	-0.264678
0.0363334	-0.901608	-0.431026
-0.376277	0.924602	-0.059388
-0.466916	-0.73527	-0.491291
0.562097	0.348917	-0.749869
0.575783	-0.734423	-0.359301
-0.257148	0.966046	-0.025091
-0.40202	-0.0459328	0.914478
0.523096	0.674478	0.521009
-0.287968	-0.633354	-0.718288
0.0810238	0.961925	0.261028
-0.965209	-0.174073	0.195115
-0.660547	-0.485875	0.572366
0.291032	-0.934251	-0.206096
-0.122301	0.992475	0.00594131
0.0652779	-0.962754	-0.262381
-0.222975	0.435002	0.872385
0.305322	-0.799062	-0.517956
-0.740733	0.604418	0.293245
-0.90751	0.34477	0.239915
-0.93829	0.332843	-0.0939591
0.153932	-0.987255	0.0403954
-0.16268	0.973057	0.163386
0.350234	-0.0402805	0.935796
-0.797546	-0.55811	-0.228982
0.334397	-0.822848	-0.459455
-0.0711438	0.976384	0.203992
0.347586	0.93634	-0.0495028
-0.567304	-0.792794	-0.222808
0.0489734	-0.911739	0.40784
-0.376388	0.809391	0.450796
0.585553	-0.530395	0.613032
0.799446	-0.24053	-0.550482
-0.283566	-0.860956	-0.422309
0.2184	0.921434	0.321342
-0.528778	0.391229	0.753215
-0.282993	-0.900378	-0.330506
-0.0523139	-0.983755	0.171727
0.423511	0.903382	-0.0673742
-0.0908598	-0.775208	0.625137
-0.0745851	-0.823143	0.562914
0.0181924	-0.929845	-0.367502
0.0786642	0.989027	0.125053
0.0632059	-0.781489	0.620709
-0.975979	-0.217853	0.00200826
-0.0690479	-0.997459	-0.0175532
-0.387444	0.916818	0.0966044
-0.749713	-0.182417	-0.636125
-0.558603	-0.828527	0.0388116
0.86995	-0.329633	-0.366781
0.16037	0.971254	0.175916
-0.859431	-0.363822	0.359182
0.89628	-0.323319	0.303557
0.255891	-0.956729	-0.138525
-0.170369	0.985133	-0.0220596
0.724404	-0.688706	-0.0303831
0.90994	0.132377	-0.393047
0.311952	-0.891871	-0.327494
-0.473022	0.804563	0.359067
0.821224	0.550975	-0.148384
-0.334283	-0.912609	-0.23537
-0.0163732	-0.994606	0.102425
-0.562971	0.806746	0.179515
-0.106838	-0.236075	-0.965844
0.241985	0.378179	-0.893545
0.132158	-0.991226	-0.00241574
-0.59091	0.791338	0.156875
-0.472651	-0.769327	-0.42981
0.198115	-0.940525	-0.275978
-0.252175	-0.826526	-0.503252
-0.562313	0.787126	-0.25345
-0.216108	0.45368	-0.864564
-0.157775	0.708696	0.687646
0.592011	-0.802327	-0.076123
-0.561209	0.822282	-0.0943273
-0.762743	0.528339	0.372935
0.268058	-0.940537	-0.20865
0.311011	-0.926439	-0.21209
-0.233182	0.938559	0.254428
0.690873	-0.199883	0.694795
-0.343468	-0.675309	0.652677
0.128043	-0.972188	0.196099
0.250261	0.957734	0.141826
0.34015	0.69883	0.629233
0.851002	-0.487424	0.195483
0.354848	-0.89325	-0.276019
-0.293785	0.903843	-0.311059
0.228576	-0.862245	-0.451981
0.603194	0.679703	-0.417326
-0.041158	-0.995024	0.0907407
-0.483881	0.799405	0.356105
-0.957715	-0.205106	-0.201777
0.472375	0.146213	-0.869186
0.0670477	-0.996688	0.0460128
0.404019	0.914098	0.0345531
0.274593	-0.586899	-0.761674
-0.280545	-0.308144	0.909033
0.757674	-0.514097	0.402038
-0.597658	0.782713	-0.173679
0.656129	-0.196845	-0.728523
0.486801	0.811933	-0.322163
0.401717	-0.891764	-0.208278
-0.430183	0.897804	0.0942918
0.64797	-0.603428	0.464768
0.598483	-0.490161	-0.633688
0.132339	-0.836252	0.532136
0.131414	0.903751	0.407387
-0.0244108	0.978157	0.206431
0.0697126	0.316428	0.946051
0.350228	-0.904544	0.243188
0.0828389	0.806362	-0.585592
0.662727	-0.103619	-0.741657
-0.444988	0.382138	0.809911
0.379385	-0.856739	0.349379
-0.668557	0.743576	0.011259
0.819937	0.14162	-0.55466
0.103727	-0.395315	-0.91267
-0.481848	-0.868803	0.114029
-0.387219	0.773248	0.502144
-0.845443	0.505044	0.173658
0.649596	-0.414217	0.637534
-0.0432467	-0.962474	0.267906
-0.0607573	0.883701	0.464091
-0.86979	0.484207	-0.0949187
-0.0860214	-0.902958	-0.421031
-0.213097	-0.713771	0.667173
-0.186823	0.977475	-0.0981807
0.38441	0.663699	-0.641664
-0.986305	0.0833797	0.142301
0.367277	-0.766691	0.526586
-0.356161	0.929103	0.0995858
-0.451104	-0.800294	0.395013
0.734696	0.434256	-0.521194
0.125022	-0.83251	-0.539718
0.15062	0.967368	0.203749
0.221183	0.341723	0.913402
0.606601	0.361776	-0.707922
-0.0409035	-0.895959	-0.442248
-0.242565	0.60688	0.756874
-0.559735	0.825665	-0.0705292
0.622827	0.109135	0.774711
0.486368	-0.849225	-0.205582
-0.328513	0.858285	0.394242
0.0744006	0.779526	0.621935
0.289385	-0.955354	-0.0596245
0.422383	-0.905475	-0.0413362
-0.433374	0.692303	-0.576978
0.186501	-0.63242	-0.751839
-0.394451	0.104641	0.91294
0.244327	-0.886322	-0.393367
-0.0733097	0.992711	-0.0956549
-0.0333705	-0.997349	0.0646669
0.766527	0.635144	-0.095017
0.514779	-0.855922	0.0490014
-0.270537	0.956403	-0.110012
0.892119	-0.191964	0.408991
0.640088	-0.670872	0.374457
0.151117	-0.706842	0.691041
-0.251888	0.944838	0.209362
-0.94256	0.239141	0.233221
-0.872988	-0.0712245	0.482513
0.0814907	-0.908696	-0.409428
-0.509809	0.804784	0.304004
0.0118695	0.870829	-0.491442
-0.200583	-0.151522	0.967888
0.571258	-0.73571	-0.363861
0.253528	0.824499	0.50589
-0.379147	0.70145	0.603503
-0.62498	-0.729026	0.279145
0.125804	-0.991352	0.0373461
-0.0505521	0.936595	0.346747
0.371169	0.519129	-0.769896
-0.65642	0.359065	-0.663465
0.50376	-0.799823	0.326356
0.14986	0.985765	-0.0762177
-0.692029	-0.693228	0.201322
0.477999	0.451813	0.753248
0.259581	-0.76043	-0.595284
-0.427424	0.903723	0.0243696
-0.693196	0.547875	-0.468308
-0.943756	0.102044	0.314502
0.21341	-0.957018	0.196399
-0.0397164	0.896025	-0.442224
0.390937	0.878527	0.274515
0.684819	0.656409	-0.316465
0.55436	-0.827622	0.0879039
-0.400726	0.842328	0.360421
0.544411	0.313861	0.777887
0.631384	-0.687136	-0.359441
0.42481	-0.874367	0.234561
0.292806	0.904421	0.310301
-0.132468	0.819084	0.558171
0.225513	-0.800825	-0.554818
-0.322001	-0.860186	-0.395467
-0.293611	0.951878	-0.0878685
0.386679	0.360143	0.848986
-0.493468	0.839122	0.22883
0.212754	-0.97677	-0.0256131
-8.24897e-05	0.945333	0.326108
-0.553059	-0.81149	0.188708
-0.444532	-0.627935	-0.638818
-0.148514	-0.974149	-0.170229
-0.0195053	0.997494	0.0680104
-0.859825	-0.260559	0.439101
-0.0761004	0.670756	-0.737764
-0.0394512	-0.979213	0.198961
-0.343412	0.851986	0.395207
0.258729	-0.536213	0.803452
-0.761997	-0.0683865	0.643959
0.39312	-0.901941	-0.178769
-0.182548	0.900723	0.394176
0.326058	0.329878	0.885927
-0.786248	-0.265811	-0.557816
0.486178	-0.773624	-0.406369
-0.411595	0.875166	0.254312
-0.191242	0.820392	-0.538873
0.294202	-0.643713	-0.706455
0.257929	-0.966145	0.00597775
-0.115538	0.841518	0.52773
0.421437	-0.827496	0.370999
0.734148	0.511856	0.446128
0.209988	-0.977691	0.00500322
-0.563487	0.799979	0.206195
0.798115	0.569954	0.195356
0.505675	0.854093	-0.121734
0.281396	-0.834636	-0.473496
-0.311444	0.922686	0.227273
0.792777	-0.25263	-0.554691
-0.242141	-0.50984	-0.825488
-0.242971	-0.95144	-0.189015
0.0984532	0.99486	0.0236798
0.683332	-0.333586	-0.649444
-0.980338	0.189938	-0.0534968
0.713489	-0.466837	-0.522492
-0.443099	0.88708	0.129433
0.87482	0.483622	0.0282672
0.171863	-0.981866	0.0800091
0.058015	-0.969812	0.236852
0.346432	0.909256	-0.230736
0.587188	-0.512426	0.626602
0.471855	-0.272404	-0.83854
0.477294	-0.876709	-0.0597707
-0.0664373	0.981255	-0.180902
-0.211502	-0.814627	0.540046
0.700557	-0.7052	-0.109147
0.137224	-0.968202	-0.209174
0.0477432	0.994785	0.0901251
0.880287	0.377183	-0.287799
-0.713105	-0.0644846	0.698085
-0.241659	-0.961494	0.130885
-0.00548393	0.976306	0.216325
-0.755464	0.58254	0.299869
-0.18972	-0.284657	-0.939668
-0.130122	-0.969357	0.208365
-0.111964	0.966292	0.231828
-0.362818	0.93104	0.0390917
-0.214976	-0.119759	0.969249
-0.242183	-0.964742	-0.103052
0.558247	0.675642	-0.481527
-0.508819	-0.112118	-0.853541
-0.983123	-0.0500505	-0.175966
0.12106	-0.992416	-0.0213489
-0.136372	0.935671	0.325456
-0.039234	0.725689	-0.686903
-0.201203	-0.889812	0.409575
-0.170298	-0.973441	0.153009
0.17327	0.959845	0.220625
0.863871	-0.414084	-0.286811
-0.407313	-0.722959	-0.558056
0.249854	-0.957877	-0.141583
0.151378	0.789898	-0.594261
0.383692	-0.775756	0.500982
-0.68888	0.122193	-0.714502
-0.0929649	-0.979588	-0.178228
-0.224234	0.968279	-0.110253
-0.461269	0.771098	-0.438906
-0.0488824	0.910453	0.410713
0.087935	-0.995364	0.0389608
-0.325207	0.933144	0.153242
-0.726108	0.184366	-0.662402
-0.557373	0.830126	-0.0150622
0.321586	-0.946857	-0.0066059
0.421463	0.828791	0.368068
0.677301	0.44752	-0.583942
-0.282281	0.911117	0.300306
0.0140082	-0.991092	-0.132439
-0.500274	0.816329	-0.288675
-0.454599	-0.0772746	0.887338
-0.512815	0.62207	-0.59165
0.192346	-0.958114	-0.212182
0.414496	0.883108	-0.219804
0.271442	0.0920745	0.95804
0.972189	0.212555	-0.0983292
0.286798	-0.834181	-0.471051
-0.132213	0.975446	-0.176141
0.779068	-0.232622	-0.582186
-0.978773	-0.181051	0.0960392
0.35891	-0.894997	0.264886
-0.40872	0.89733	0.166571
0.239918	-0.575037	0.782159
-0.457944	0.27663	0.844845
0.196031	-0.960135	-0.199279
-0.450657	0.881973	0.137953
-0.416826	0.879808	-0.228461
0.602663	-0.794842	-0.0708752
-0.197453	-0.957186	-0.211678
0.138407	0.828512	0.542597
0.631503	0.227811	0.741152
0.72658	-0.510446	-0.45992
-0.227166	-0.886774	-0.402527
0.383623	0.561404	0.733252
0.29812	-0.746417	-0.594968
-0.589418	0.629436	0.506357
0.402575	-0.785239	-0.470461
-0.469631	0.874869	0.118533
0.969831	-0.19867	0.141275
0.182819	-0.686789	-0.70349
-0.117163	-0.97389	-0.194451
-0.0043317	0.952445	0.304681
-0.673819	0.256483	0.692953
0.296527	0.955013	0.00459621
0.501808	-0.839764	-0.207328
-0.145428	0.988938	-0.0291974
0.612199	-0.474114	0.632794
-0.0660147	0.995802	-0.0634106
-0.100869	-0.954192	0.28168
-0.337838	0.940645	0.0324336
-0.879035	-0.205825	0.430039
0.870118	0.287391	-0.400376
0.332346	-0.719435	-0.609884
0.226389	0.957539	0.178512
0.699246	-0.637592	0.323314
0.824576	-0.547198	-0.143697
0.0418723	-0.99329	0.107801
-0.342766	0.924143	-0.168733
-0.973621	-0.100905	0.204648
-0.10168	0.762882	-0.638492
0.205919	-0.937524	-0.280439
-0.196845	0.977985	0.0692655
-0.608047	0.788908	-0.0888991
-0.763368	0.614021	0.200616
0.0201317	-0.962588	-0.270219
0.077684	0.871934	0.483422
-0.433457	-0.885014	0.169895
-0.243655	-0.835125	0.493152
0.316674	-0.894274	0.316214
0.0682813	0.863827	0.499139
0.440071	-0.823187	0.358748
-0.33093	-0.0495289	-0.942355
0.155623	-0.918118	0.364473
-0.40098	0.893375	0.202721
-0.982422	0.128753	-0.135166
-0.394037	0.919094	0.000756695
0.286629	-0.931415	0.224297
0.080217	0.933723	0.348893
0.108837	-0.936307	-0.333892
-0.910834	-0.206583	-0.35736
-0.502708	-0.864451	-0.00291654
0.36571	0.675075	0.640726
0.137412	-0.722661	0.677406
0.40514	0.467566	0.785649
-0.0455091	-0.935443	-0.350535
-0.267305	0.891372	-0.366066
0.872684	-0.294362	0.389581
0.663775	0.215917	0.716088
0.101786	-0.981317	0.163269
0.571179	0.780451	-0.254266
-0.573316	0.731516	-0.369044
-0.391339	-0.192965	-0.899788
0.0512264	-0.996245	-0.0697965
-0.0280421	0.999306	-0.0245243
0.406086	0.13318	-0.904078
-0.871933	0.259801	0.415014
-0.308986	-0.874257	0.374436
0.396873	0.820811	0.410804
0.0280203	-0.303878	-0.952299
0.116331	-0.680818	0.723155
0.297237	-0.947682	-0.116398
-0.0326014	0.983124	0.180014
0.739638	0.111274	-0.663742
-0.352972	0.871597	0.34019
-0.0260754	-0.999582	-0.0125046
-0.237659	0.879626	0.412038
0.0244386	-0.97345	-0.227592
-0.362919	0.820335	0.441973
0.234277	-0.947672	-0.21687
-0.0463227	0.983541	0.174644
-0.583389	0.804992	-0.107909
-0.19142	-0.708382	-0.679377
0.0662232	-0.9865	0.149776
-0.0915587	0.988906	-0.116973
0.531917	0.663884	-0.525663
-0.716873	-0.360501	0.596768
0.474197	-0.874443	-0.102401
-0.171461	0.98366	-0.0549003
0.458138	0.151833	0.875817
0.125476	-0.265544	-0.955898
-0.142637	-0.808332	-0.571187
-0.276709	0.911123	0.305431
-0.381223	-0.154875	0.911418
0.289051	0.944259	-0.157555
0.17121	-0.891837	-0.418705
0.0628745	0.947711	-0.312874
-0.979323	0.17769	-0.0967092
0.0741232	0.917343	-0.391136
0.0821557	-0.77093	-0.631599
-0.0455268	0.997716	-0.0498965
-0.647836	0.601527	-0.467411
0.209042	-0.187134	0.959835
0.339033	-0.908601	-0.243927
-0.696175	0.717674	0.0168745
-0.642843	-0.438501	-0.628068
-0.680475	-0.558925	-0.473875
0.32702	-0.929386	-0.171173
-0.0320645	0.975647	-0.216988
0.530842	-0.744431	-0.405006
0.487075	-0.794772	-0.362072
0.119272	-0.967947	-0.221029
-0.266254	0.936372	-0.228728
0.902083	-0.42528	-0.0733729
0.155731	0.899744	0.407688
0.254806	-0.870575	0.42092
-0.154733	0.98616	0.059556
0.550547	0.31676	0.772374
-0.587855	0.00304593	-0.80896
0.420229	-0.883061	-0.208833
-0.378972	0.878351	0.29134
-0.465044	-0.803387	-0.371891
0.666017	-0.246043	-0.70419
0.110314	-0.988111	-0.107089
0.252845	0.894666	0.368296
0.347376	-0.0215479	-0.937478
-0.956381	-0.291596	0.0175354
0.0559408	-0.916111	-0.397003
0.196832	0.917561	0.345454
0.106135	0.672477	-0.732468
-0.817947	0.207079	0.536731
0.0336034	-0.998555	-0.041935
0.458737	0.829757	0.317905
-0.523918	-0.457212	0.718657
-0.46506	0.838914	-0.282739
-0.12716	-0.948019	-0.291702
-0.46427	0.82844	-0.313272
-0.591633	-0.739081	-0.322073
-0.143361	-0.0842669	0.986076
0.195701	-0.977048	-0.0841285
-0.129301	0.98025	-0.149638
0.454745	0.866165	-0.20728
0.140988	-0.847748	0.511317
-0.122274	-0.977512	0.171811
0.0803325	0.988211	0.130332
0.236237	0.704898	0.668813
-0.226104	-0.386347	-0.894211
0.0574015	-0.991172	0.119515
-0.289512	0.925613	-0.243768
-0.506049	0.246697	0.826471
-0.261536	-0.424385	-0.866889
-0.017269	-0.933317	-0.358637
-0.406568	0.91101	-0.0690099
-0.927482	0.0107278	-0.373714
0.363604	0.663128	-0.654258
0.111117	-0.943529	-0.312101
-0.264349	0.783676	0.562113
-0.332759	-0.937111	-0.105332
0.454102	-0.59793	0.660508
0.461376	-0.857331	0.22829
-0.116348	0.988898	0.0924293
0.505489	0.78782	0.351881
-0.980331	0.125131	-0.152625
0.592636	-0.694857	0.407378
-0.491452	0.848756	0.195162
-0.673544	0.739022	0.0136286
0.68203	-0.513488	-0.520735
0.310274	-0.948815	-0.058996
-0.631269	0.590842	0.5024
0.867607	0.316876	0.383207
-0.110287	0.360861	0.926076
0.534617	-0.828629	-0.166009
-0.507783	0.861483	-0.00210469
0.703328	-0.540193	-0.462084
-0.791537	0.13266	-0.596549
0.540274	-0.755332	0.370915
0.185827	0.97045	-0.153932
0.177673	0.979476	0.0951801
-0.581645	-0.808288	0.0914331
0.126991	-0.824064	-0.552079
-0.255805	0.955516	-0.146807
0.321299	-0.435891	-0.840694
0.511362	0.80958	-0.288252
-0.157025	-0.955049	0.251446
-0.0458325	0.909497	-0.413177
0.119642	0.682907	0.720641
-0.149464	-0.988548	-0.0208187
-0.16927	-0.97243	-0.1604
-0.071835	0.997165	-0.0223871
0.602987	0.266168	0.752039
0.863784	0.469078	0.183964
0.114455	-0.789974	-0.602363
-0.184812	0.947179	0.262099
-0.131509	0.61918	0.774159
-0.457307	-0.785957	0.416105
-0.183879	-0.925401	-0.331393
-0.159389	0.97681	0.14296
0.979008	-0.152889	-0.13479
-0.375113	-0.520006	-0.767387
0.0951769	-0.971312	-0.21793
0.0586635	0.963756	0.260256
-0.399653	0.0444182	-0.91559
-0.446521	-0.13521	0.884498
-0.060739	-0.860877	-0.505174
-0.128362	0.990819	-0.0424388
-0.37042	0.511069	0.775627
0.412097	-0.74314	0.52718
0.205347	-0.970136	0.129106
-0.276105	0.895185	-0.349871
0.159763	0.834293	-0.527665
0.649885	-0.250028	-0.717729
0.568203	-0.801984	0.184299
-0.369478	0.910775	0.184323
0.56769	-0.162302	0.807085
0.0654447	-0.312651	0.947611
0.0173617	-0.883294	-0.468497
-0.549365	0.834618	0.0401323
0.752913	0.454581	-0.475897
-0.720844	0.6851	-0.104985
0.535087	-0.839495	0.0944973
-0.506036	0.858476	-0.0833428
0.83085	0.332089	-0.446548
0.888585	-0.262365	0.376272
0.0619254	-0.997853	-0.021312
-0.710093	0.673419	0.20561
-0.94805	-0.317828	-0.0136559
0.948298	-0.131134	-0.289023
0.247278	-0.927308	-0.280986
-0.0959292	0.992719	0.0728522
0.104355	-0.331111	-0.937804
-0.944904	0.303908	0.121643
0.66109	-0.729098	-0.177132
-0.32079	0.93923	-0.12223
0.81656	0.556975	0.151686
-0.897733	-0.423229	0.12228
0.674261	-0.729263	0.116391
-0.674456	0.732709	0.090811
0.490002	0.00506146	-0.871707
-0.211074	0.776813	0.593303
-0.0317712	-0.997127	-0.0687599
-0.120019	0.808885	0.575587
-0.962069	-0.0116395	0.272557
-0.505858	-0.599537	-0.620213
-0.164585	-0.951304	-0.26064
-0.116186	0.960086	0.254434
0.227079	-0.820432	-0.524715
0.363185	-0.913432	0.18368
0.22211	-0.87517	-0.42982
-0.0397123	0.994833	-0.0934306
-0.0267209	-0.870213	0.49195
-0.559086	0.518574	0.646918
-0.204935	-0.973595	-0.100567
-0.559496	0.71777	0.414452
-0.224783	0.872774	-0.433288
0.764598	-0.0304615	0.643787
-0.0119919	-0.984854	-0.172968
-0.329952	0.942851	0.0465057
0.225234	-0.501878	0.835098
-0.857971	0.359804	-0.366643
-0.0611799	-0.939967	-0.335736
-0.133609	0.988345	0.0729639
0.729257	0.179847	-0.660181
-0.239145	0.397698	-0.885803
-0.213021	-0.974512	-0.070351
-0.553095	0.805329	-0.21338
0.538532	0.620312	0.57026
0.274179	0.548425	0.789972
0.292887	-0.948317	0.122115
0.661449	0.651501	-0.371525
0.453649	0.659403	0.599491
-0.912411	0.204552	0.354491
0.0502457	-0.965654	-0.254925
-0.236116	0.958796	0.157988
-0.528885	-0.842124	-0.105392
-0.959271	-0.251559	-0.128517
-0.186393	-0.943234	0.274897
-0.215182	0.879646	-0.424169
-0.807177	-0.402064	0.432216
-0.49837	0.786533	-0.364682
0.164162	-0.970814	0.174848
-0.454038	0.809096	0.373114
0.690608	0.613608	-0.382813
-0.755943	-0.58753	0.28872
0.222516	-0.974771	-0.0175737
0.520682	0.84109	0.146489
0.664581	0.259733	0.700622
0.481804	-0.697615	-0.530281
0.144157	-0.971602	-0.187639
0.30494	0.899748	-0.312193
0.539663	0.836147	-0.0980924
0.383945	-0.921635	0.056351
0.17239	-0.95751	0.231205
-0.0958788	0.845434	-0.525404
-0.559494	0.237871	-0.793967
0.913435	-0.377019	-0.153274
0.039243	-0.950853	-0.307145
-0.0764591	0.993385	-0.0856787
0.829819	-0.550299	0.0925847
0.362746	-0.775602	-0.516582
-0.022262	-0.943943	-0.329357
-0.149348	0.988693	0.0134667
-0.337142	-0.727403	0.597679
-0.208511	-0.167761	-0.963524
0.216186	-0.916642	-0.3362
-0.391474	0.868001	0.305487
0.35993	-0.712995	-0.601738
0.922247	-0.324298	-0.210456
-0.0877248	-0.992363	-0.086719
-0.447268	0.807452	0.384673
0.367605	-0.847542	-0.382803
-0.35381	-0.773552	0.525772
0.471326	-0.717651	0.512668
-0.226972	0.973002	0.0418423
0.337094	0.460406	0.821215
0.446275	-0.0837613	0.890967
0.0263794	-0.926421	0.375565
0.122653	0.978612	-0.165149
-0.853884	0.366854	-0.369189
-0.425498	-0.901769	0.0759205
0.00523735	-0.770553	-0.637354
-0.189441	0.867879	0.459237
-0.8658	-0.497592	0.0528394
-0.500738	-0.826641	-0.256759
0.295291	-0.94737	-0.123665
-0.407458	0.908987	0.087864
-0.58805	-0.686442	0.427779
0.283722	0.864647	0.414593
0.706731	-0.701242	0.0937603
-0.163125	0.823878	0.542785
-0.459763	0.20973	0.86292
0.486382	0.21833	-0.846029
0.558776	-0.824536	-0.0889418
-0.612829	0.648361	-0.451739
0.847042	-0.45137	0.280685
-0.581994	-0.423255	-0.694361
-0.326399	-0.940543	-0.094035
-0.466333	0.554105	0.689566
-0.788711	-0.256224	-0.558824
0.613887	0.499294	0.611432
0.443572	-0.861357	-0.247603
-0.295119	0.899099	0.323304
0.416855	-0.527929	-0.739948
0.824525	0.314274	-0.470521
0.701377	-0.690546	0.176685
-0.306337	0.865555	-0.396196
-0.310313	-0.950506	-0.015593
-0.0581492	-0.0366321	-0.997636
0.612835	-0.778174	0.137397
-0.57335	0.722396	-0.386542
0.92348	0.190144	0.333213
0.258195	-0.408905	0.87529
-0.119049	-0.978691	0.167305
-0.716534	0.679469	0.157799
0.751462	0.387521	0.533979
0.21014	-0.843862	-0.493699
0.270502	-0.953728	-0.131268
-0.389864	0.919802	-0.0443886
-0.031519	-0.967878	0.249436
-0.596943	0.311162	-0.739485
-0.0777743	-0.968383	0.237037
-0.0606387	0.982621	0.175439
0.793262	-0.593378	-0.136524
0.602337	-0.704196	-0.375897
-0.0472148	-0.958176	0.282259
-0.099032	0.966349	-0.237408
-0.0614954	0.0459633	0.997048
0.550615	-0.640136	-0.535769
0.39979	-0.820559	-0.408473
0.352613	0.873637	0.335294
-0.0619982	-0.460155	-0.885671
-0.0262496	-0.949801	-0.311751
0.18538	-0.981183	-0.0539855
-0.315591	0.841137	0.439194
0.849664	0.519517	-0.09041
-0.808419	-0.56299	0.171756
0.567981	-0.800152	0.192754
-0.468863	0.826696	0.311033
-0.927737	-0.0389847	-0.371194
-0.535612	0.708352	-0.459736
-0.625927	-0.776895	0.068185
-0.371591	0.919438	-0.128659
0.661954	0.49421	-0.563537
0.81327	0.491332	0.311745
0.0240594	-0.990452	0.135745
-0.828851	0.557826	0.0428467
-0.978255	0.0888386	0.187416
-0.718898	0.0026853	-0.69511
0.235239	-0.955753	-0.176631
-0.789205	0.557751	0.257039
-0.99603	-0.0224971	-0.0861243
0.425499	-0.888192	0.173394
0.303654	-0.948282	-0.0924979
-0.544749	0.83531	-0.0742001
-0.327554	0.759155	0.562488
0.868463	0.492286	-0.0585413
0.596782	-0.798647	0.0775508
-0.671397	0.740725	0.0235061
0.0356833	0.838763	-0.543327
-0.284704	-0.950392	0.125294
0.639298	-0.768271	-0.0325163
-0.674033	0.713064	0.192923
-0.81106	-0.235057	-0.535659
0.0630999	-0.994251	-0.0865053
-0.242533	-0.969487	0.0356828
-0.546619	0.832133	-0.0936092
0.461956	-0.724863	-0.511048
0.195669	-0.961306	-0.193919
0.07521	-0.69659	0.713517
-0.373578	0.920857	0.11163
0.66984	-0.38241	-0.636456
-0.10496	0.510043	-0.853721
0.464943	-0.851017	0.244126
-0.124962	0.812715	-0.569103
-0.799785	0.576644	-0.16681
0.199333	-0.371056	0.906964
0.409114	-0.780569	-0.472586
-0.889353	0.456009	-0.0332687
0.622449	-0.706023	0.33777
-0.820916	-0.390117	-0.417021
0.286904	-0.938259	-0.193276
0.256253	0.966477	-0.0160011
0.831165	-0.272194	-0.484845
0.666806	0.707296	-0.23474
0.171731	-0.885919	-0.430878
0.0708594	0.948322	0.309298
0.58113	-0.772432	-0.256196
-0.77736	-0.241214	0.580971
-0.0825373	-0.94081	-0.328732
-0.0877443	0.885554	0.456175
-0.134875	-0.25281	-0.958069
0.574814	-0.721233	-0.386538
-0.0149845	-0.997316	-0.0716614
-0.185961	0.880731	-0.435581
-0.51403	0.71587	0.47255
-0.414132	0.852136	0.319936
0.372281	-0.910116	-0.181922
-0.417984	0.883957	0.209546
-0.717925	-0.690088	0.0914436
-0.2417	-0.757859	-0.605996
-0.222197	-0.870424	0.439306
-0.287442	0.933461	-0.214541
0.46263	-0.354979	-0.812381
0.190697	0.939782	-0.283627
0.483954	-0.792277	-0.3716
-0.674327	0.651916	0.346826
0.187797	0.792295	0.580517
0.389802	-0.393205	0.832733
0.253345	-0.892891	-0.372239
-0.838755	0.541961	0.0526122
-0.701782	-0.206953	-0.681669
0.626033	-0.750558	0.21153
0.193977	-0.887235	0.418553
-0.66617	0.72061	-0.192194
-0.634061	-0.243677	0.733886
0.156217	0.43528	0.886638
0.770191	-0.637482	0.0205386
-0.678396	0.618292	-0.396854
0.646877	-0.762594	-0.000376859
0.509942	-0.609829	-0.606686
0.421647	-0.856707	-0.297098
-0.391996	0.845374	-0.362879
0.286939	-0.541135	-0.790467
0.0570674	0.0376174	0.997661
0.250846	-0.943539	0.216357
0.0459118	0.990993	0.125799
0.380513	0.571244	-0.727248
0.0273503	-0.301611	0.953039
0.134002	-0.843991	-0.519348
0.064779	0.992262	-0.105922
-0.759134	-0.65078	0.0141902
0.719639	-0.282371	0.63434
0.00391361	-0.952742	-0.303756
-0.177767	0.950047	0.256533
-0.463437	0.886126	0.00246393
0.0712121	0.629834	-0.773459
-0.0258847	-0.979253	-0.20098
-0.644402	0.752994	-0.133216
-0.660452	0.0462449	-0.749443
0.779467	0.609056	0.146569
0.284482	-0.551077	-0.784464
-0.206851	0.916481	0.342455
-0.561964	0.368777	-0.740405
-0.521534	0.807002	0.277037
-0.037322	-0.976777	-0.210982
-0.140042	0.986452	0.0854448
0.134273	0.390709	0.910669
-0.271776	-0.141641	-0.95188
0.409823	-0.905757	-0.10793
-0.636331	0.737847	0.225089
-0.789794	0.521632	0.322685
0.66674	0.476459	-0.5731
-0.294003	-0.865499	-0.405554
-0.0234609	0.890082	0.455196
-0.850741	0.0892334	-0.517955
-0.226628	-0.452209	0.86264
0.0111639	-0.954602	0.297676
-0.559611	0.758427	-0.334102
-0.733528	0.654539	0.183074
0.287032	0.36542	0.885484
0.236487	-0.947878	-0.213546
-0.437557	0.856575	0.273538
0.0351512	0.444265	-0.895206
0.140126	-0.00621935	0.990114
0.344923	-0.703693	-0.621164
-0.525808	0.823585	-0.212683
0.236904	-0.697848	0.675933
0.811551	0.224076	-0.539607
0.0837724	-0.991713	-0.0974055
-0.18049	0.867814	0.462949
0.926854	-0.153768	0.342485
0.983031	-0.0492445	-0.176708
0.00854387	-0.997705	-0.0671637
-0.143616	0.931573	0.333986
-0.984407	0.0117579	0.175513
0.358256	-0.444615	-0.820957
-0.349198	-0.703767	-0.618686
-0.471924	0.878267	-0.0770338
-0.611068	-0.599686	0.516694
-0.0214938	0.0682631	0.997436
0.728659	-0.568821	0.381443
-0.510073	0.682547	0.523407
-0.136415	0.976435	-0.167231
-0.530632	-0.651999	-0.541597
0.32123	-0.946493	-0.0310142
-0.496801	0.862769	0.0939029
-0.482118	-0.875953	-0.0163605
-0.478704	-0.18047	-0.859228
-0.283313	-0.910075	-0.302486
-0.149736	0.987301	0.0530581
-0.197486	-0.978871	-0.0530126
-0.692363	0.370398	-0.619224
0.101252	-0.984219	-0.145125
-0.316465	0.921402	-0.22554
0.24757	0.962046	-0.114789
-0.144475	0.816132	0.559514
0.453081	-0.889149	0.0642864
-0.537635	0.826177	-0.168463
0.508717	0.355468	0.784123
0.794548	0.429877	0.428835
0.0607046	-0.846394	-0.529085
0.0322967	0.993156	0.112243
0.663449	0.00160383	-0.748219
-0.497659	0.853888	-0.152352
0.0943676	-0.980915	0.17
0.227908	0.973528	-0.0173565
-0.0753623	0.946758	0.313
0.530143	0.829449	0.175963
-0.160462	-0.958372	0.236167
-0.118313	0.978764	0.167402
-0.0431755	0.0507469	0.997778
-0.0188375	0.377312	-0.925895
-0.0275278	-0.90373	-0.427218
-0.0968517	0.9902	-0.100615
0.682111	-0.688734	-0.245703
-0.40499	0.121461	-0.906218
-0.090006	-0.944102	-0.317129
-0.491052	0.84083	0.227754
0.115644	0.954673	0.274273
-0.728188	0.290299	0.620861
-0.759276	-0.578551	-0.29796
0.0551967	0.535187	0.842928
0.585239	0.526877	0.616356
0.575403	-0.387563	-0.720213
-0.335222	-0.938421	-0.0836193
-0.4617	0.838564	0.289211
0.358539	-0.410433	-0.838447
-0.626266	-0.345913	0.698667
0.0943186	-0.97581	0.197226
-0.265283	0.939573	0.216398
-0.611222	-0.206475	-0.764052
0.561821	-0.153423	-0.812908
-0.0693719	-0.970306	0.231721
-0.422797	0.873833	0.240124
-0.137386	0.0434542	-0.989564
-0.401417	-0.742162	0.536712
0.324406	-0.773519	-0.544453
-0.274433	0.876381	0.395781
0.676335	0.735342	0.0429345
0.819004	0.132358	0.558313
0.37344	-0.881546	-0.288824
-0.646698	0.726343	0.232827
-0.611818	0.7679	-0.189758
0.0545915	0.195545	0.979174
0.479883	-0.866181	-0.139435
-0.420043	0.886596	-0.193676
0.705628	-0.215537	-0.675006
-0.686311	-0.622948	-0.375383
-0.0957868	-0.975836	-0.19639
0.078652	0.996624	0.023553
-0.180731	-0.518564	0.83572
-0.684719	0.726807	0.0539574
0.306251	-0.904796	0.295898
-0.422506	0.818686	-0.388898
0.208605	0.196817	0.957991
-0.951457	-0.130852	0.278582
0.221111	-0.968741	-0.112475
-0.0254782	0.924802	0.379593
-0.847013	0.39275	0.358212
-0.442133	0.891688	0.0970138
0.325413	-0.943851	0.0570301
-0.104704	0.965462	-0.23858
0.797683	0.598954	0.070395
0.141634	0.478228	0.86674
0.223516	-0.974377	-0.0251219
0.0135977	0.998454	0.0538982
-0.252609	-0.897389	-0.361776
-0.785685	0.51703	-0.339676
-0.149287	-0.971968	-0.181636
-0.265448	0.917978	0.294709
-0.494872	-0.0547466	0.86724
-0.421367	0.906882	-0.00383635
0.115158	-0.95791	-0.262958
0.0527508	0.970841	0.233849
0.923988	0.207219	-0.321414
-0.822536	-0.072445	0.56408
-0.290133	-0.85136	-0.437046
-0.155743	0.982109	0.105861
0.957595	-0.00528407	-0.288069
0.351516	-0.188491	-0.91701
-0.0263341	-0.967603	-0.251099
-0.435712	0.77138	0.463819
0.10533	0.192292	-0.975669
0.753409	-0.336917	0.564678
-0.0529844	-0.995812	-0.0745098
-0.527712	0.763682	-0.371901
-0.220278	0.513369	-0.829415
-0.983584	-0.121623	0.133303
0.714056	-0.697523	-0.0598788
-0.239519	0.841421	-0.484398
-0.927166	0.374575	-0.00746071
0.17599	0.0335047	-0.983822
0.639383	-0.768637	-0.0196643
-0.147396	0.957576	-0.247633
0.748978	0.148839	-0.645661
-0.712908	0.569844	-0.408705
0.591082	-0.782131	0.197212
-0.145221	0.981886	0.121698
0.323276	0.235825	-0.916449
-0.905155	0.293759	0.307247
0.180375	-0.981442	0.0650875
0.0371613	0.973801	-0.224344
-0.970563	0.0514448	0.23529
-0.647515	-0.509046	0.567095
0.383433	-0.878014	-0.286481
-0.232915	0.917004	0.323813
-0.33812	-0.314092	0.887142
-0.313572	-0.285323	-0.905684
0.538452	-0.770568	-0.341019
-0.12095	0.974868	0.187091
-0.431373	-0.0520231	-0.900673
0.165091	-0.557953	-0.813285
-0.0703571	-0.928975	0.363395
-0.696452	0.696706	-0.171915
0.523764	-0.643481	0.558215
0.985836	0.142539	0.0883688
0.269081	-0.76508	-0.585019
-0.416513	0.905538	0.0807356
-0.131995	-0.983545	0.123354
0.509335	-0.3386	0.791156
0.297122	-0.791356	-0.534298
-0.561348	0.577927	0.592359
0.136579	-0.253057	0.957762
-0.0783531	-0.393006	-0.916191
-0.215356	-0.952567	-0.215031
-0.216519	0.649462	0.728916
0.333886	0.143386	0.931644
0.301912	0.95227	0.0450554
0.153203	-0.97797	-0.14179
0.217352	0.946898	-0.236945
-0.762544	-0.548189	0.343535
-0.536891	-0.563948	0.627464
-0.0942295	-0.855999	-0.508318
-0.0626701	0.980956	-0.183844
0.66939	0.402545	0.624399
-0.697157	-0.280042	-0.659961
0.200092	-0.673275	-0.711803
-0.358626	0.858393	0.366809
0.911503	-0.0343991	0.409852
-0.66317	0.745967	0.0611532
0.531808	-0.835866	-0.136043
-0.620042	0.647431	0.44315
0.970986	-0.215915	0.102792
0.118113	-0.940483	0.318656
0.340072	-0.85801	-0.384929
-0.598541	0.741808	-0.30244
0.981739	-0.0987024	0.162625
0.352529	-0.347425	0.868919
0.0841287	-0.996187	-0.0230854
-0.300343	0.929178	0.215459
-0.599424	0.445024	0.665316
-0.167626	0.214031	-0.962337
0.659406	-0.718322	-0.221804
-0.332701	0.914707	0.229393
-0.749831	0.0949686	0.654778
-0.271892	-0.946849	-0.171908
0.621701	-0.77858	-0.0854412
-0.278532	0.829729	0.483704
-0.874845	-0.451792	-0.174728
-0.662233	-0.0574796	0.74709
0.264967	-0.926761	-0.266282
-0.767909	0.640259	-0.0196026
0.350558	-0.55018	0.757899
0.60914	-0.40727	0.680499
0.180473	-0.671542	-0.718653
-0.0737721	0.872493	0.483025
-0.920656	-0.0885812	0.380191
-0.204825	-0.586938	0.783295
0.144098	-0.977022	-0.157047
-0.118951	0.985236	0.123128
0.0445748	0.607344	-0.793187
0.563317	0.0227288	0.825928
-0.182749	-0.938622	-0.292561
-0.0810086	0.940897	0.328862
-0.744344	0.453927	-0.489797
0.716054	-0.472857	-0.513491
0.371764	-0.915156	0.155822
-0.405143	0.908052	0.106304
