2048
0.280931	-0.931278	0.231946
0.312891	0.803703	-0.506123
-0.612138	-0.765642	-0.197686
0.986921	-0.00322609	-0.161175
-0.447224	0.651533	-0.612777
-0.668677	0.11475	0.734645
0.607107	0.39268	-0.690813
0.73486	-0.618899	-0.277388
-0.972556	-0.195111	0.126757
-0.222089	-0.282357	0.933247
0.350882	-0.844253	-0.405116
0.281706	0.944615	0.168355
-0.610833	-0.640446	-0.465524
-0.796833	-0.545268	-0.26027
0.541436	0.831622	0.123498
-0.0810856	-0.941766	0.326345
0.273669	-0.538154	0.797179
0.155144	0.463813	-0.872243
0.191175	0.269422	-0.943856
-0.965152	-0.105464	0.239496
-0.426241	-0.755554	-0.49745
-0.670361	0.129039	0.730729
0.119529	0.980695	0.154759
-0.517581	-0.265689	0.813338
-0.327672	0.853579	0.40501
-0.905927	0.42322	-0.0134234
0.836673	0.397695	0.376586
0.367387	0.385745	0.846302
-0.028768	0.960835	-0.275623
-0.0739515	0.793994	-0.603411
0.611404	0.702624	-0.364013
-0.205477	-0.675109	0.708525
0.113533	0.440561	0.890515
-0.0343932	-0.993216	0.111082
0.559661	0.745672	0.361599
0.268301	-0.959789	-0.0825816
0.804591	-0.437125	-0.401939
-0.575675	0.598925	-0.556674
-0.561596	0.340092	-0.754286
-0.9205	0.324945	0.217006
-0.460746	-0.380805	-0.801686
0.283754	0.0877851	0.95487
0.540706	0.819284	0.190817
0.137656	-0.433847	0.890409
-0.677793	-0.666551	-0.310333
-0.599116	0.285104	-0.748182
-0.506428	0.862055	-0.0197858
0.497829	-0.552431	0.668571
-0.604149	0.046418	0.795519
-0.140471	0.987314	0.0740213
0.321808	0.943775	0.0756831
-0.143732	-0.117061	0.982669
-0.176185	0.593044	-0.785657
0.0567108	0.414419	0.908317
0.294207	0.898205	-0.326604
0.952703	-0.266011	-0.146952
-0.121474	-0.0524469	0.991208
-0.148886	-0.724055	-0.673482
-0.322576	0.580609	0.747555
-0.082383	-0.956045	0.281407
0.172261	-0.924869	0.339032
0.780278	-0.62354	0.0486223
-0.0393205	0.778153	-0.626843
0.991761	0.127834	0.00828093
0.679898	-0.340319	0.649555
-0.651289	0.165304	0.740606
0.784131	0.276615	0.555538
0.360364	0.620013	0.696937
-0.171586	0.970773	-0.167801
0.499976	-0.451163	0.73924
0.889228	0.445474	-0.104054
-0.70408	-0.705013	0.0850231
-0.345193	-0.784221	-0.515596
-0.350772	-0.846437	-0.400629
-0.344005	0.131197	0.929757
0.265974	0.733571	-0.625405
-0.0171475	0.838164	0.545148
0.714054	-0.449591	0.53665
-0.133168	0.886324	0.443505
0.780587	-0.0142449	0.624884
-0.818428	-0.22085	-0.530472
0.226824	-0.863677	0.450126
-0.180079	0.478005	-0.859699
0.509775	-0.674999	0.533391
0.0903038	0.920948	0.379078
-0.470459	0.719221	0.511262
0.329556	0.786126	-0.522875
0.663353	-0.747443	-0.0359344
0.0601975	0.387971	-0.919704
0.29458	-0.453211	-0.841322
0.948387	-0.316892	-0.0119028
-0.891593	0.439219	0.110222
0.284784	0.767588	-0.574201
-0.0343246	-0.589032	-0.80738
-0.0459473	0.613579	-0.788295
0.457925	0.547062	0.700734
0.233059	0.393819	-0.889151
0.777224	0.0126632	0.629096
-0.357167	-0.917334	-0.175867
0.695724	0.203039	0.689016
-0.229802	-0.446357	0.864845
-0.0100792	-0.665778	0.746082
-0.627386	0.759114	-0.173587
-0.106799	-0.749117	-0.653772
0.166871	0.0310906	0.985488
0.864995	0.0943232	-0.492835
0.138365	-0.455165	-0.879591
0.91431	0.102342	-0.391871
-0.566882	-0.647709	-0.509036
0.302027	-0.0308685	0.952799
-0.584311	-0.741525	-0.32973
0.441736	0.872447	0.20906
0.892995	0.30185	-0.333835
0.280107	0.958654	-0.0502244
0.240761	-0.578868	0.779068
0.0763748	0.797583	-0.598355
-0.0286036	-0.967664	-0.250615
-0.105539	-0.732985	0.672008
0.832152	-0.241429	-0.499234
-0.95217	-0.269634	0.143772
-0.0196434	-0.969054	-0.246066
-0.935269	-0.326281	0.137158
0.465391	-0.71552	-0.521001
-0.923452	-0.335126	0.186887
0.666372	0.317002	-0.674876
-0.973426	-0.146396	-0.176098
0.322271	-0.946402	0.0215707
-0.702526	0.70687	0.0824172
-0.175157	-0.853018	0.49161
0.0500922	-0.935388	0.350057
-0.661965	-0.303107	-0.685513
0.746757	0.00356142	0.665087
0.259156	-0.773449	-0.578459
-0.940111	-0.164942	0.298304
0.57322	-0.499705	0.649395
0.302631	-0.321669	0.897186
-0.941516	0.221317	0.2541
-0.203998	-0.213773	0.955346
0.626104	0.644387	-0.439043
0.096501	-0.875736	-0.473048
0.999841	0.0158848	-0.00808171
-0.0546674	0.956257	0.287375
0.828899	0.541709	-0.139563
-0.982851	0.13954	0.120547
0.389614	-0.410728	0.82432
-0.540454	-0.54941	0.637227
-0.826693	-0.556743	-0.0813382
-0.709493	0.647072	-0.279138
0.532977	-0.236494	-0.812408
-0.23948	-0.924749	0.295785
0.801334	0.0853228	0.592101
0.200837	0.772886	-0.601923
0.176682	0.610078	-0.772391
-0.708918	-0.450783	-0.542429
0.311613	0.672479	0.671319
-0.415518	-0.42288	-0.805305
0.0212432	0.544891	0.838238
0.87321	0.243371	0.422227
-0.320927	0.631054	-0.706241
0.0455058	-0.496354	0.866927
0.142034	0.493184	0.858252
0.0131075	0.723295	0.690415
0.427577	-0.599898	-0.67624
0.0671353	0.0877755	0.993875
-0.749417	0.00993398	0.662024
0.0278421	-0.184642	0.982411
-0.511085	-0.807794	-0.293701
0.866523	0.294898	-0.402707
0.688374	-0.644226	-0.333338
-0.298697	0.579328	0.758392
0.807668	0.278144	-0.519911
-0.807566	-0.0703349	0.585569
-0.240345	-0.81663	0.524737
0.609584	-0.786364	-0.100197
0.590048	-0.0382597	-0.806461
-0.796402	0.516102	0.31525
0.406691	0.906423	-0.114019
0.492416	-0.312411	-0.812358
0.388648	-0.761536	0.518667
-0.894182	0.26738	-0.359092
0.512313	0.378292	0.770994
0.669742	-0.406456	0.621482
0.798264	-0.0665131	-0.598624
-0.576013	-0.155349	-0.802543
-0.382393	-0.843966	-0.376161
0.11686	0.978656	-0.169048
0.0571962	-0.509658	0.858474
0.694072	-0.717083	-0.0636873
-0.699471	-0.188427	0.689373
-0.0257323	0.246982	-0.968678
0.791201	-0.490052	-0.365854
-0.787521	0.177836	-0.590072
-0.0505396	0.920901	0.386505
-0.852704	-0.467809	0.232487
0.540461	0.540414	0.644868
0.891948	-0.432725	-0.131064
-0.981272	-0.170504	-0.0896291
-0.00831662	-0.983133	-0.182704
0.48991	0.459107	-0.741087
0.617185	-0.783022	0.077194
0.0788378	-0.85486	-0.512835
0.604186	0.782494	-0.150541
-0.265874	0.833554	-0.484251
0.158977	-0.200875	-0.966631
-0.871435	0.0512093	-0.487831
0.65746	0.719822	-0.222715
0.186797	-0.777986	-0.599871
-0.904073	0.0600011	0.423144
-0.751977	-0.647697	-0.122551
-0.340106	0.667962	-0.661932
0.695187	0.0505718	-0.717048
0.416252	0.904098	0.0966504
0.936568	0.148134	-0.317641
-0.819134	0.476044	-0.320003
0.208793	0.337596	-0.917842
-0.805379	0.35212	0.47684
0.810967	0.572934	0.118653
0.996535	-0.0540249	0.0632354
-0.274823	-0.863466	-0.422964
-0.870404	0.324005	-0.3707
-0.170351	0.672447	0.720274
-0.699338	0.597967	-0.391614
-0.440348	0.0395989	-0.896953
0.622942	0.769941	0.138325
-0.342393	-0.912677	0.223133
0.347031	0.403317	-0.846702
0.595525	-0.301463	-0.744627
0.708734	-0.362489	0.605226
-0.733788	0.615447	-0.287715
-0.263136	-0.810444	-0.523392
-0.945237	0.323722	0.0416142
0.10306	-0.99116	0.0835491
0.0101021	-0.840688	0.541425
0.967588	0.11129	-0.226689
-0.559953	0.758095	-0.334282
0.233941	-0.834791	0.498393
0.465302	0.316175	0.826757
0.736834	0.420552	-0.529349
-0.0748188	0.609447	0.789289
-0.181355	0.874338	0.450159
-0.0403968	0.552108	-0.832794
-0.243891	-0.823344	0.512467
-0.365194	0.326695	0.871725
-0.268889	-0.748799	-0.605804
-0.356984	0.82459	0.438879
-0.945552	0.0535224	-0.321041
0.0939036	-0.326851	-0.940399
-0.0500222	-0.0273192	-0.998374
-0.231873	0.742022	0.628998
-0.360144	-0.678866	-0.639873
-0.161064	-0.685519	-0.710016
-0.921731	-0.254518	-0.292631
-0.765426	0.642376	0.0384239
-0.713035	0.648339	-0.266905
0.344909	0.243297	-0.906556
0.678957	0.430453	-0.59475
0.080792	-0.49433	-0.865512
-0.64677	0.228136	-0.727766
0.816362	-0.458737	-0.350876
-0.479966	0.0420433	0.876279
-0.338637	0.752846	-0.564401
0.630733	0.560829	-0.536327
0.910888	0.21118	0.354522
-0.3901	-0.789311	-0.474141
0.581854	-0.586876	0.563047
0.553484	0.820185	0.14475
-0.748354	-0.160468	-0.643596
-0.102207	-0.836957	0.53764
0.98249	-0.132276	-0.131207
0.370877	0.928233	-0.0288705
0.965858	-0.0857366	-0.244472
0.657831	-0.676784	-0.330486
-0.108236	0.807094	-0.580417
-0.277535	0.00967025	-0.960667
-0.375061	0.846498	-0.377849
0.859112	-0.416328	0.297654
0.488235	-0.825515	-0.28311
-0.539111	-0.23335	0.809263
-0.942126	-0.178968	-0.283496
0.335961	-0.507852	0.793231
0.86769	-0.402189	-0.29216
0.842378	-0.20761	-0.497291
0.870835	0.4098	-0.271496
-0.344101	-0.691719	0.634917
-0.936302	0.239475	0.256887
0.0793639	-0.0601361	-0.99503
0.794696	0.43011	0.428325
0.0765438	-0.845645	-0.528229
-0.347753	-0.34135	0.87324
0.262595	-0.244685	-0.933366
0.454434	0.878065	0.149972
-0.995754	-0.0500795	-0.0772438
-0.34165	-0.749074	-0.567594
-0.572495	0.312241	-0.758126
0.0199672	0.864745	-0.501814
-0.735289	-0.383435	-0.558863
0.780157	-0.308098	-0.544454
0.0886752	-0.868562	0.487583
-0.268897	0.925647	0.266217
-0.423581	-0.604404	0.67474
-0.656634	0.752557	-0.049895
-0.29065	-0.305392	0.906784
0.433054	0.192694	0.88053
0.867894	-0.469248	-0.162992
-0.0721756	0.368057	-0.926998
-0.988835	-0.0570403	-0.137667
0.812797	0.445098	-0.37583
-0.704143	0.706799	-0.0679558
0.336843	-0.836848	0.431536
0.464418	-0.690704	-0.554296
0.367807	-0.819662	-0.439172
-0.941274	0.155048	-0.299938
-0.585651	-0.0136874	-0.810447
0.978862	-0.198229	0.0503513
-0.798512	0.164339	-0.579113
-0.631666	-0.77367	0.0493312
-0.111347	0.31344	0.943057
-0.156451	-0.957442	0.242545
0.669118	-0.539638	-0.510952
0.412366	-0.395707	-0.820591
-0.0544184	-0.900654	-0.431115
0.0582452	0.890222	-0.451787
-0.192748	0.97246	0.131033
-0.141338	0.884004	0.445601
0.153718	0.717159	0.679746
0.888351	-0.118767	0.443538
0.678205	0.21434	-0.70292
0.0471319	-0.020816	0.998672
-0.950887	-0.235347	-0.201061
0.7175	0.213653	-0.662982
0.23938	0.956945	0.164178
-0.219089	-0.832129	0.509471
0.833836	0.326102	-0.445392
0.472691	-0.220498	0.853196
-0.558061	0.477046	-0.678966
0.776697	-0.119474	0.61844
0.604344	0.791106	0.094447
0.286267	0.0384721	0.957377
0.66344	0.518876	-0.539087
0.40914	-0.680245	0.608171
-0.877432	-0.154927	0.453994
-0.33363	-0.886189	-0.321495
-0.403355	-0.812254	-0.421365
0.511207	-0.750911	-0.418092
0.690563	-0.410911	0.59521
-0.0366207	0.896614	-0.441296
0.300074	-0.941745	-0.151895
-0.714551	-0.556597	-0.423812
-0.867957	-0.397495	-0.297738
0.597652	0.718004	0.356767
-0.0131361	-0.795897	-0.605289
-0.190432	-0.756395	0.625782
0.730129	0.0205784	-0.682999
0.152323	-0.698396	0.699315
0.614987	0.74525	-0.257671
-0.389627	0.599942	0.698756
-0.649648	0.559673	0.514513
0.560303	0.76096	0.327109
0.564111	-0.504085	-0.65397
-0.473222	-0.480053	0.738655
0.964382	0.0655484	0.256263
-0.0333582	0.794815	0.605934
0.152717	0.469708	-0.869512
-0.207754	-0.918565	0.336268
0.167222	-0.950703	-0.261154
0.0996601	0.0653325	-0.992874
-0.276047	0.955635	0.102762
0.70522	-0.681228	0.196454
-0.449132	-0.776477	0.442
-0.666851	-0.643702	-0.375443
-0.38148	0.920861	-0.0805462
-0.343614	0.373959	0.861443
-0.780634	0.605145	0.156238
-0.506488	0.835275	-0.213976
-0.238232	-0.0360796	-0.970538
-0.920318	-0.340121	-0.193219
0.997416	-0.000481955	0.0718438
-0.313412	0.645124	-0.696841
-0.902837	0.388268	0.184751
0.221284	-0.534745	0.815525
0.810093	0.580847	-0.0797881
-0.644648	0.188492	-0.740878
0.276178	0.699925	-0.658658
-0.450001	0.862052	-0.233163
0.0786521	0.342204	0.936328
-0.797653	0.582615	0.155917
-0.461016	-0.88653	-0.039102
-0.171715	0.161312	0.97185
-0.170627	0.946579	0.273634
0.79812	0.595354	-0.0925088
-0.0381932	-0.999103	-0.018273
-0.0377886	0.339375	-0.939892
-0.923618	0.327518	0.199154
0.422292	0.312876	0.850752
0.411288	-0.899993	-0.144408
-0.391441	0.7949	0.463582
-0.0534285	-0.699307	-0.712822
-0.761421	-0.646051	0.0534434
-0.28607	-0.140234	-0.947891
-0.469998	-0.511296	0.719499
0.570983	0.783078	0.24651
-0.133271	0.89097	0.434064
0.923724	0.288906	-0.251529
-0.696798	-0.0124711	0.717159
-0.598669	-0.747911	-0.286747
-0.918999	0.139302	-0.368829
0.0300877	0.797572	0.602473
0.268616	-0.679419	0.682814
-0.0822319	-0.603499	0.793112
-0.852782	0.289431	0.434733
-0.15401	-0.452026	-0.878609
0.934881	-0.327593	-0.136679
0.487542	-0.866478	-0.107322
0.658989	0.726318	-0.195437
-0.218864	-0.253898	-0.942143
-0.487808	-0.213515	0.846437
0.799867	-0.466649	-0.377427
-0.845674	-0.0368709	-0.532425
-0.812557	0.57966	0.0612011
-0.0149682	-0.256945	0.96631
-0.874423	0.192427	0.445373
0.688154	0.695735	-0.205907
0.829949	0.0799137	-0.552085
0.0586144	0.116782	0.991426
0.940766	0.124008	-0.315566
-0.953504	0.228523	0.196489
-0.94242	0.186756	-0.277429
-0.55613	-0.571799	-0.60313
-0.224087	-0.924397	-0.308665
-0.85622	-0.301135	-0.419767
0.310428	0.70465	-0.638047
-0.0565796	0.617106	0.784843
-0.579291	0.81358	0.0500977
-0.364898	0.452677	-0.813593
-0.0205249	0.966897	0.25434
-0.404111	-0.284486	-0.869346
-0.0671273	0.632496	-0.771649
0.99214	-0.125097	-0.00282471
0.957971	0.249014	-0.142424
-0.777657	-0.523178	0.348618
-0.122956	-0.801556	-0.58514
0.268775	0.909649	0.316701
-0.916118	-0.298304	-0.267847
0.21333	-0.67483	-0.706467
0.0768074	0.716037	-0.693823
0.598466	0.235994	0.765601
-0.211679	-0.961872	0.173189
-0.658281	-0.672536	-0.338173
-0.0221743	0.998155	-0.0565213
0.517859	0.439287	0.734064
0.764834	0.643009	0.0396002
-0.537779	0.453977	-0.710422
-0.00156635	-0.835461	0.549548
-0.454855	-0.296293	0.839832
-0.363481	0.928941	0.070354
0.573959	-0.642551	0.507641
-0.207379	0.785088	-0.583636
-0.519235	0.668944	-0.531892
0.663262	0.376607	0.646723
0.647333	0.234113	-0.725363
-0.348016	0.221155	0.91103
0.744194	-0.666322	-0.0467903
-0.974871	0.0485924	0.217408
0.498388	0.778291	-0.381933
-0.544688	0.541529	-0.640361
-0.425614	-0.621574	-0.657646
0.636766	0.115947	0.76229
-0.35445	0.876697	-0.325218
-0.439045	0.189569	0.878239
-0.617653	0.781839	-0.085044
0.597569	-0.134334	0.790484
-0.861699	0.211438	0.461268
0.0896961	0.832666	-0.546463
0.572703	-0.669462	-0.473109
-0.317245	-0.177855	0.931517
-0.73118	-0.402212	-0.551001
-0.967925	0.0216236	0.250307
-0.422765	0.711515	0.561263
0.182019	0.903687	0.387581
-0.535489	0.0938502	-0.839312
0.596396	0.150737	0.78841
-0.888296	0.450703	0.0883039
0.196792	0.353053	-0.914673
-0.141514	0.567311	-0.811253
0.0191228	0.585742	-0.810272
0.993563	0.113278	0.000144671
-0.524223	0.772859	-0.357601
0.360857	-0.487435	0.795103
-0.993776	-0.0443508	-0.102184
0.568747	0.0903695	-0.817533
-0.235691	0.0251278	-0.971503
-0.908056	0.255455	0.331928
-0.138187	-0.631045	0.763339
-0.0437943	-0.588721	0.807149
0.933342	0.346755	0.0929148
-0.968217	0.216318	-0.125548
0.711256	-0.393254	0.582637
-0.48822	-0.786636	0.377947
0.422743	-0.905987	-0.0218103
-0.46145	0.806521	0.369578
0.545142	-0.838343	0.00115892
0.728947	-0.674962	-0.114287
0.313943	0.659995	-0.68253
-0.756423	-0.649754	-0.0751229
0.865635	0.246833	0.435603
0.918307	0.0890078	0.385733
-0.457049	0.753205	-0.473063
0.471729	-0.46759	0.74755
0.146998	0.540684	0.828283
-0.0571128	-0.917013	-0.394747
-0.935194	0.249638	-0.251183
0.408066	0.905003	0.120214
-0.040109	0.506178	0.861496
-0.0804484	-0.995408	0.0518661
-0.58248	0.58491	0.564444
-0.427041	-0.396429	-0.812699
0.350518	-0.388212	0.852308
-0.118519	-0.0278868	-0.99256
-0.571333	0.778067	0.261133
-0.402663	-0.597811	-0.69317
-0.465856	0.384012	-0.79719
0.854877	0.41466	0.311838
0.562055	-0.446373	0.696308
0.147237	0.807381	0.571364
-0.0714969	0.857384	0.509686
-0.0399437	0.997933	0.0503456
0.102476	0.752903	0.650104
0.754491	0.492511	0.433793
0.510886	0.0484327	0.858283
0.879606	-0.226177	0.418495
-0.45069	0.493716	0.743722
-0.457159	-0.840716	-0.290176
0.797878	-0.537591	-0.272741
-0.699464	0.672176	0.242754
-0.633878	0.117973	0.764382
-0.226844	-0.967809	-0.109031
0.757596	0.573602	0.311495
-0.441344	0.157959	-0.883326
-0.0499442	0.971081	-0.233467
0.466477	0.661197	0.587553
0.0226929	0.397857	-0.917167
-0.306973	-0.854864	0.4183
-0.119439	0.506168	-0.854124
0.818146	0.49667	-0.289752
-0.40437	0.538702	0.739111
0.938869	0.231994	0.254368
0.904719	-0.355167	-0.235244
0.598774	0.16259	0.784241
-0.208735	-0.977171	0.0395705
0.65744	0.316194	-0.683955
0.531505	0.803018	-0.269563
-0.887284	-0.415243	0.20075
0.371299	-0.618197	-0.692798
-0.232799	0.573526	0.785413
-0.444481	-0.667669	-0.597206
0.341796	0.36647	0.865376
-0.754402	-0.205148	0.623531
0.502675	-0.150958	-0.851193
-0.776376	-0.209621	0.59439
-0.17517	0.375024	0.910315
0.971489	-0.15508	0.179332
-0.229312	-0.960598	-0.157057
0.00229627	-0.91883	-0.394648
0.658911	-0.751501	0.0329159
0.333452	-0.783579	0.524227
-0.931317	0.34435	0.118621
-0.788414	-0.0529767	-0.612859
-0.499702	-0.290646	0.81598
-0.278997	0.710899	-0.645587
-0.666722	-0.565749	0.48519
-0.743279	-0.598651	0.298586
0.979331	-0.12059	0.162385
0.232789	-0.11126	0.966142
0.391583	-0.657183	0.644028
-0.545606	-0.148126	-0.824848
0.887352	0.362711	0.284687
-0.204977	0.388516	-0.898354
0.565319	0.747571	0.348643
-0.635187	0.73848	0.226241
0.374933	-0.925634	0.0512481
0.851094	0.0270446	0.524316
0.0652029	0.995192	-0.0730833
-0.67656	0.539717	-0.500971
-0.925994	0.148796	-0.346979
0.919724	0.20462	0.335021
-0.596439	0.748283	0.290402
-0.55706	0.822388	0.115591
-0.639788	0.250834	0.726466
0.829538	-0.511323	0.224535
0.578615	0.475554	0.662611
0.610289	0.708101	-0.355161
0.604952	-0.775519	0.180563
0.899277	-0.391836	-0.194333
0.189424	0.979694	-0.0657146
-0.99699	0.0773189	0.00580574
0.783314	-0.618392	0.0633283
0.840695	-0.140459	0.522976
-0.72781	0.288292	-0.622238
-0.145049	0.617384	0.773174
0.00749498	-0.848467	0.529195
0.716613	0.269601	0.643258
-0.98852	0.0869628	-0.123554
-0.306646	0.944656	0.116593
0.510277	-0.843893	0.165713
0.288357	-0.932235	-0.218605
0.35102	-0.935383	-0.0429374
0.154376	0.823228	0.546318
0.619548	0.768249	0.161104
0.993984	-0.103427	-0.0360458
0.900951	-0.0516459	0.430836
0.219863	-0.816976	0.533114
0.694221	0.708108	-0.128998
0.92567	-0.36488	0.0999901
-0.835081	-0.300027	0.461112
0.663046	-0.728708	0.171329
0.537635	-0.716483	-0.444523
-0.414562	-0.435647	-0.798968
-0.164511	0.904616	-0.393199
-0.394134	0.568851	-0.721849
0.968272	-0.186796	0.166004
0.76786	0.329104	-0.54962
-0.28419	-0.389493	0.876089
0.321403	-0.683175	-0.655723
0.446334	-0.407363	0.79677
0.0833775	0.621063	0.779313
-0.660895	-0.743116	-0.104862
0.255679	0.880081	-0.400107
-0.50522	-0.589831	0.629961
-0.599557	0.672702	0.433594
-0.0878349	-0.809066	-0.581118
0.919051	0.389608	-0.0595831
-0.622518	0.186389	-0.760086
0.377838	-0.848527	0.370459
0.200686	-0.649127	0.73373
0.603326	0.718909	-0.345205
-0.492413	-0.701628	0.515021
-0.150545	-0.44087	-0.884856
-0.980122	0.143724	0.13676
-0.588883	0.768317	0.250811
0.868958	0.243663	0.430744
0.345873	0.935236	-0.0755321
-0.582891	-0.768954	-0.262581
0.908554	-0.357477	-0.216193
0.220312	-0.61154	0.759922
0.248275	-0.399215	-0.882602
-0.219471	0.539187	-0.813086
0.126062	0.439485	0.88936
0.0429544	0.368369	0.928687
-0.394778	0.785428	-0.476712
0.878527	0.46462	0.110989
-0.611754	0.153607	0.775991
0.10696	0.124389	-0.986452
-0.601816	0.779366	0.174372
0.0105993	0.82367	0.566971
-0.73385	0.668715	0.119518
0.57854	-0.0657887	0.812996
0.536817	-0.322276	-0.779722
0.171691	0.937027	0.304144
-0.402092	-0.784974	-0.471316
0.454836	0.239573	0.857746
0.184282	-0.184606	-0.965381
0.695048	0.641956	-0.32373
-0.444949	0.891954	-0.0802461
-0.467089	-0.884164	-0.00908223
0.205012	0.958861	-0.196354
-0.790641	0.607392	0.0772206
0.358297	-0.0659541	-0.931275
-0.126056	-0.871675	-0.473596
0.160215	0.22334	0.961483
0.706002	0.624655	-0.333719
0.617503	-0.352543	-0.703138
0.970831	0.0399207	0.236417
-0.662187	-0.156544	0.732804
-0.842904	-0.360558	-0.399388
0.421243	0.401639	-0.813167
0.0679473	0.408474	-0.910237
0.657571	0.696003	-0.28841
0.510602	0.234274	-0.827285
-0.710378	-0.701603	-0.0558255
0.719185	-0.587027	0.371715
-0.878366	-0.475677	0.0469487
-0.323752	0.934351	-0.148904
-0.660429	0.536466	-0.525394
0.265968	-0.00481802	-0.96397
0.902402	-0.261797	-0.342247
0.605406	-0.108945	0.788425
-0.299457	-0.478008	0.825732
0.641975	0.678741	0.35662
-0.338842	0.207329	-0.917715
0.974008	-0.104056	-0.201197
0.449765	-0.871392	0.195928
-0.555974	-0.668229	0.49433
0.882359	-0.457695	-0.109353
0.262833	-0.818191	-0.511353
-0.516079	0.125442	0.847306
-0.531729	-0.830723	-0.164811
0.81366	-0.359812	0.456609
-0.541184	-0.737395	0.404189
-0.250644	-0.624551	-0.739671
-0.934224	0.278428	0.222944
0.330695	0.863761	0.380208
0.511766	-0.815055	-0.271625
-0.316568	-0.884776	-0.341987
0.485234	-0.873527	-0.038714
-0.768211	-0.555802	0.317705
0.622142	0.729968	-0.282995
-0.122017	-0.145343	-0.981829
-0.548311	-0.500588	0.6699
0.737526	0.530212	0.418248
0.287995	0.524209	0.801413
-0.622151	0.771406	0.133646
0.705057	-0.366177	0.607297
0.322266	-0.107334	-0.940545
0.192814	0.731791	0.653686
-0.926745	0.364536	-0.0908719
0.288128	-0.897353	-0.334275
0.51641	-0.46262	0.720627
-0.0658397	0.0745106	-0.995044
-0.46785	-0.602311	-0.646791
-0.00675892	-0.215196	0.976547
0.297534	0.756889	-0.581887
0.580676	-0.229396	-0.781149
-0.648367	0.759629	-0.0508218
0.0484149	0.811718	0.582039
0.73607	0.575628	0.356164
0.0126527	-0.0193389	0.999733
-0.814861	0.14041	0.562394
0.333507	-0.912664	-0.236256
0.229187	-0.215589	-0.949207
-0.93672	-0.226319	-0.267086
0.204362	0.700517	-0.683748
0.177577	0.0446658	-0.983093
0.873295	-0.342846	-0.346138
-0.735726	-0.209627	-0.644022
-0.799807	-0.365418	-0.476213
0.142521	-0.548097	0.824183
-0.0472985	0.69805	-0.714485
-0.263375	0.169896	0.949615
-0.15401	0.579483	0.8003
0.0539738	-0.0339692	0.997964
0.348664	-0.795807	-0.495101
0.628644	0.735012	-0.254093
-0.868354	0.0935579	0.48704
-0.223801	-0.28653	-0.931565
0.31966	0.458065	-0.829454
-0.620136	-0.744206	0.248171
0.932708	0.350701	-0.0840517
-0.97455	-0.180216	0.133319
0.518261	0.495302	-0.697196
-0.520422	0.0870634	0.849459
-0.712892	0.513046	0.478089
0.690207	-0.688936	0.221318
0.0973246	0.815242	-0.570884
0.239594	0.116977	0.9638
-0.507831	-0.466757	-0.724048
0.492856	0.558186	0.667474
0.580363	0.632563	0.512877
-0.532292	0.393586	-0.749503
-0.634646	0.373012	-0.676821
0.949973	0.010302	0.312162
0.972797	0.222327	-0.0650891
-0.217916	0.048935	-0.97474
-0.469136	-0.288883	0.834541
0.850868	-0.516335	-0.0970601
-0.555551	0.347801	0.755247
-0.0818506	-0.212434	-0.973741
-0.809321	-0.559063	0.180133
0.152364	0.983136	0.101136
-0.599787	-0.392813	0.697104
-0.563974	0.822086	-0.0781567
0.508439	-0.860763	0.0240158
-0.342415	0.335203	-0.877719
-0.990664	-0.0657836	-0.119406
-0.71626	-0.242748	-0.654251
0.809114	0.0592129	0.584661
0.31831	0.141297	0.937397
0.63561	-0.215672	0.741273
-0.639993	-0.629211	-0.441025
-0.857629	-0.100856	-0.504282
-0.618343	-0.559356	0.552062
-0.182279	0.56736	-0.803042
-0.179691	0.859524	-0.478465
0.937885	-0.332556	-0.0988866
0.753463	-0.656311	0.0393529
0.69092	-0.67932	0.247292
0.72164	-0.184347	-0.667272
-0.462346	0.783592	-0.414995
0.458037	-0.846134	0.272505
-0.468106	0.8719	-0.14376
-0.55282	0.429633	0.714007
-0.190836	-0.0151052	0.981506
0.507495	0.0517858	0.860097
0.310294	0.131707	-0.941473
0.502694	0.753976	0.422869
-0.452514	-0.0986271	-0.886287
0.625376	0.0436363	-0.779102
-0.611257	0.391982	-0.687543
0.0739184	0.0548035	0.995757
-0.141612	-0.965473	0.218651
0.829595	0.558366	0.000297002
-0.767834	-0.621299	-0.156263
-0.708447	0.517295	0.480114
-0.929118	0.206737	-0.306592
0.152441	-0.848309	0.507084
0.567247	0.794625	0.216338
0.420581	-0.285977	0.861004
-0.0231693	-0.617468	-0.786255
-0.943816	-0.282132	0.172086
0.757179	-0.542823	-0.363349
0.757752	0.561093	-0.333147
-0.363097	-0.648633	0.668906
-0.4389	-0.864264	0.245794
0.604224	-0.26824	-0.750307
0.93928	-0.145501	-0.310776
-0.211467	-0.972484	-0.0977563
0.517096	0.855667	-0.021112
-0.287913	-0.420385	0.860455
-0.117307	0.95147	-0.284506
-0.961915	0.214121	0.169916
0.195415	-0.766321	0.612018
-0.595005	0.135447	0.792227
-0.474906	-0.465087	0.7471
0.2212	0.748083	0.625654
0.330318	-0.882485	0.334829
-0.258566	-0.918881	0.297997
0.531325	0.636322	0.559274
0.420792	-0.826683	0.373536
-0.778902	0.391009	0.49033
0.902796	0.355558	0.241947
0.0669697	-0.390928	-0.917982
-0.496454	0.414184	-0.76288
-0.825865	-0.0122079	-0.563735
0.254032	0.109983	-0.960922
-0.260313	-0.221067	-0.939876
-0.270786	0.149666	-0.950934
-0.251325	-0.0881113	0.963884
0.846479	0.270944	-0.458325
-0.947878	0.317062	-0.0316203
-0.187509	-0.747914	0.636762
-0.195937	0.0477282	0.979454
0.287737	0.0521229	0.95629
-0.912905	0.399659	0.082928
-0.8553	-0.483414	-0.186477
-0.0712432	0.535499	0.841526
0.16798	-0.979917	0.107454
0.454292	-0.160207	-0.876329
-0.904027	-0.0343583	-0.426093
0.799739	0.524099	0.29281
0.697422	0.148777	-0.701047
0.945225	0.204571	-0.254361
-0.28926	0.0300901	-0.956777
0.393219	-0.515259	0.761503
-0.961524	0.263881	0.0764074
-0.734326	-0.592018	0.332085
-0.640656	-0.491362	-0.590019
0.949247	-0.211803	0.23253
-0.407254	-0.170961	0.897172
-0.449793	-0.170043	-0.876796
-0.479296	0.853081	0.206221
0.960765	-0.0308328	0.275645
0.456312	-0.600336	-0.656792
-0.648096	-0.216919	0.730012
-0.844245	-0.417256	0.336374
0.336304	-0.363803	-0.868646
0.76558	-0.612792	-0.195891
0.51917	-0.700751	0.489296
-0.137056	-0.876424	0.461624
0.309214	0.405503	0.860206
-0.423136	0.39471	-0.815573
-0.00681014	-0.26132	-0.965228
0.275736	-0.905917	0.321378
0.857015	0.183568	-0.481485
0.845166	0.411407	-0.34123
-0.337402	0.655384	-0.675745
-0.64624	-0.658641	-0.385443
-0.652718	0.708773	0.267583
0.589321	0.0477786	0.806485
-0.887685	0.459822	0.0240719
0.423553	0.791314	-0.440936
-0.122662	0.965959	-0.227764
-0.96623	0.227564	0.120889
0.452912	0.545377	0.70529
0.544543	-0.290961	0.786648
0.572985	0.679776	-0.457813
-0.659474	0.16889	0.73251
0.47317	-0.343281	-0.811337
0.328392	-0.927623	-0.177972
0.949203	0.0555215	-0.309727
-0.285813	0.795199	0.534761
-0.807529	-0.540998	0.234983
-0.210531	0.781756	0.586971
-0.445189	0.59488	0.669272
0.835376	-0.394772	0.382494
0.202465	-0.290139	0.935322
-0.0761672	0.621831	-0.779439
0.690138	0.179708	-0.70101
-0.0739644	-0.94583	-0.316124
-0.899682	-0.36331	-0.242028
0.35387	0.924479	-0.141829
-0.587163	-0.787545	-0.187117
-0.790548	-0.0881629	-0.60602
-0.32772	-0.398889	-0.856439
0.919441	0.0931162	0.382043
-0.0526199	-0.955419	0.290526
0.236424	-0.201237	-0.950583
0.12727	0.801437	-0.584381
-0.792014	0.609489	0.0351622
0.737134	-0.631353	0.240889
-0.606487	-0.52716	-0.59521
0.772605	-0.487368	-0.406883
0.371461	-0.179879	-0.910857
0.486526	-0.654133	0.57914
-0.618601	-0.0456133	0.78438
0.92172	0.015403	0.38755
0.835568	0.064769	0.545555
-0.150932	-0.424124	-0.892938
-0.23823	-0.425808	0.872888
-0.715294	-0.485286	0.502843
-0.205537	0.0821991	0.975191
0.573346	0.765129	0.293005
0.194801	-0.582242	0.789333
-0.969519	0.0549944	-0.238764
0.869169	0.488729	0.075427
0.777856	0.550582	0.302985
0.874517	-0.138726	0.46473
-0.57691	-0.784263	0.228266
-0.613889	-0.0278573	-0.788901
-0.310051	0.0513607	-0.949332
-0.53935	0.198252	0.818412
0.430651	-0.12824	0.893361
0.986581	-0.134234	-0.0929487
0.641496	0.766927	0.0174878
0.157771	-0.0443428	-0.98648
0.166012	-0.889533	0.425641
-0.610909	0.767221	-0.19535
-0.29296	-0.955283	-0.0401214
-0.29383	0.76777	-0.56938
0.31115	0.880382	-0.35793
0.937036	-0.308973	-0.162788
0.577035	-0.626631	0.523797
-0.0554226	-0.38261	-0.922246
0.454988	0.890204	-0.0228881
0.0488003	0.844017	0.534091
0.142092	-0.868853	0.47424
0.414281	0.850968	0.322839
-0.44072	-0.895807	0.0574004
0.131525	-0.740633	-0.658911
-0.953766	-0.124621	0.273496
0.0352659	-0.287404	0.95716
-0.946325	-0.152894	0.284768
0.503918	0.746865	0.433888
-0.512591	-0.315213	0.798681
0.186663	0.790272	0.583633
-0.878756	0.283547	-0.383914
-0.454342	0.347538	0.820238
0.835801	-0.522649	-0.16815
-0.238569	-0.731845	-0.638347
0.0417664	-0.823083	0.566383
0.53363	0.837187	0.119821
0.392834	-0.0716986	0.91681
-0.296196	-0.898582	0.323756
0.0523181	-0.202264	-0.977933
0.390538	0.0570498	0.918818
-0.938439	-0.321373	0.126694
-0.86656	-0.335571	0.369413
0.415116	-0.331116	-0.847373
0.192647	-0.431877	-0.881118
-0.652451	0.530536	-0.541147
-0.282131	-0.779052	0.559893
0.450473	-0.890089	0.0694026
0.187929	-0.982181	0.00184501
0.711845	-0.13223	-0.689777
-0.562734	0.768814	0.303737
0.0603468	0.686918	0.724225
0.279342	-0.806192	-0.521559
-0.717108	-0.0133386	-0.696835
-0.669366	-0.74055	-0.0594545
-0.61569	0.55261	0.561737
0.610355	0.493761	0.619409
0.275148	-0.695327	0.663938
-0.175646	0.984372	-0.0126268
0.496885	-0.828181	-0.259269
-0.840911	-0.524614	0.13285
-0.501749	0.181892	-0.845673
0.470715	0.760991	-0.446452
-0.442465	0.722832	0.53079
0.125371	0.616291	-0.777475
-0.414838	-0.820163	0.394008
-0.261325	0.917924	0.298538
0.713446	0.554423	0.428498
-0.513124	0.307111	-0.80149
0.194736	-0.97933	-0.0546823
-0.976849	0.213466	0.0140803
-0.602592	-0.732851	-0.315931
0.627971	0.757996	-0.176337
0.634173	-0.268806	0.724961
-0.383316	-0.88515	0.263778
0.992511	0.113293	0.0456852
0.161073	0.984774	-0.0653885
0.161005	-0.40945	0.898014
-0.197167	-0.980277	-0.0134723
0.627548	-0.599397	-0.496897
0.700783	0.171313	0.692499
0.423133	0.771143	0.475707
0.759925	0.390553	-0.519599
0.357649	-0.932743	-0.0455757
0.836318	-0.546796	0.0398387
0.159668	0.772652	0.614422
0.281892	0.0295502	-0.958991
0.863926	-0.192295	-0.465462
-0.836097	0.476511	0.271807
0.475164	-0.669632	-0.5708
0.707876	0.595919	-0.379199
0.676476	-0.33398	-0.656382
0.0960472	0.527003	-0.844419
-0.886873	0.225996	-0.402966
0.977734	0.0706087	-0.197612
0.520579	0.397064	0.755869
-0.306165	-0.267507	0.913621
-0.406223	-0.698879	0.588686
-0.0976499	0.814071	0.572497
0.919385	-0.381503	0.0958431
0.940584	-0.0294582	-0.338281
0.344051	0.106331	0.932911
-0.327619	-0.80943	-0.487329
0.110097	0.442508	-0.889981
-0.0216281	-0.989823	0.140651
0.427784	-0.884216	-0.187519
-0.267344	-0.935797	-0.229806
0.0452368	0.794169	0.606011
0.188498	0.660565	0.72672
-0.982261	0.18444	0.0338349
-0.434965	-0.18345	-0.881562
-0.378729	0.769203	0.514675
-0.317163	-0.802152	-0.505924
-0.394889	-0.814752	-0.424549
-0.811211	0.092595	0.577375
0.852311	-0.155255	0.499462
0.935545	0.332168	0.120084
-0.257966	-0.114449	0.959351
-0.349039	-0.689732	0.634382
-0.8637	0.425507	-0.270123
0.234816	-0.474492	-0.848362
0.654429	0.369573	0.65965
-0.269625	-0.0755958	0.959993
0.120394	-0.85982	0.496201
-0.913821	0.0360752	0.404513
-0.484856	-0.569469	-0.663792
-0.0893075	-0.218667	0.971704
0.156245	-0.0143437	-0.987614
-0.123076	-0.797358	-0.590823
-0.17654	0.28625	0.941751
0.548669	-0.570846	0.610817
-0.272161	-0.50297	0.820335
0.873164	-0.486448	0.0308689
0.227882	-0.204497	-0.951972
0.904178	-0.412931	0.109319
0.859048	0.209335	-0.467135
-0.992376	-0.0680603	-0.10275
0.899926	0.272703	0.340243
-0.36665	-0.766034	0.527977
-0.0520122	0.936055	-0.347989
0.83469	-0.547073	0.0632775
0.426076	-0.816606	-0.389377
-0.769405	0.00219441	-0.638757
0.658899	0.598036	-0.456295
0.624209	-0.270416	-0.732966
0.876701	0.480137	-0.0294083
-0.573407	-0.7877	0.225241
-0.171818	0.808949	0.562209
0.676499	0.333951	-0.656373
0.9224	-0.0610342	-0.381382
-0.884378	-0.283117	0.371107
0.810405	-0.46368	0.358111
-0.141912	0.410371	-0.900809
0.328481	0.430563	-0.840664
-0.63244	-0.764292	0.126007
-0.77465	-0.527879	-0.348227
0.880116	0.225452	-0.417812
0.917632	0.164583	0.36175
-0.724142	-0.427853	0.540888
0.0445803	-0.761474	0.646661
-0.278238	0.538467	-0.795385
-0.103774	0.488242	0.866517
-0.817648	-0.530745	-0.223072
-0.523558	0.8245	0.214677
0.910327	-0.400855	0.103054
-0.823537	0.426272	0.374271
0.568252	-0.821814	-0.041373
0.0427428	0.868559	-0.493739
-0.794115	-0.538253	-0.282251
0.300318	-0.552209	-0.777736
0.0930816	-0.857437	0.5061
-0.101239	-0.132089	-0.986054
0.356632	0.933014	-0.0479436
0.0688802	-0.694349	0.716334
-0.40295	0.0856455	0.911206
-0.957852	0.110108	0.265323
-0.678005	-0.149685	-0.719655
0.890989	-0.439456	0.114092
0.110513	-0.958205	-0.263874
0.345011	0.770491	-0.536014
-0.191419	0.4976	0.846022
0.949855	0.00564733	-0.312641
0.521272	-0.126602	0.843947
-0.0672703	-0.584796	0.808386
0.0114029	-0.925153	0.379424
0.48191	-0.0662657	-0.873711
-0.470208	0.0295045	-0.882062
-0.703913	-0.609104	-0.365376
-0.439756	-0.813877	-0.379761
-0.060826	0.627783	0.776008
-0.0137547	-0.999317	-0.034308
-0.149479	-0.974697	0.166195
-0.341885	-0.724193	-0.598882
0.387743	0.044131	0.920711
0.744079	0.667394	-0.0305382
-0.932582	-0.343304	-0.111503
0.0690187	-0.71229	0.698483
-0.456239	0.804954	0.379335
-0.653854	0.748617	0.10976
0.00108147	0.936675	-0.350197
-0.336055	-0.598502	-0.727229
-0.92349	-0.12839	0.361499
-0.636205	0.459832	0.619514
-0.939247	0.0712233	0.335771
0.246304	0.922721	-0.296514
-0.606002	-0.454814	-0.652615
0.615841	0.512183	-0.598672
0.744972	0.392354	0.539514
-0.0686411	-0.229048	-0.970992
0.109999	0.120686	0.986577
0.0126318	0.798324	0.602096
-0.560196	0.70714	-0.431431
0.823265	-0.374495	0.4266
0.29127	0.914861	0.279627
-0.425726	0.587792	-0.687937
0.333183	0.642885	-0.689702
-0.671532	-0.267757	0.690906
-0.82721	-0.251357	-0.502536
-0.704015	-0.590066	0.395203
0.0974247	0.988496	0.115685
-0.476363	0.764401	0.434475
0.128905	-0.101718	0.986426
0.828863	0.471973	-0.300379
0.609607	-0.749454	0.258259
0.560562	-0.00972192	-0.828055
0.243048	0.930073	0.275484
0.667206	0.684764	-0.293145
-0.891926	0.104072	0.440042
0.609495	-0.395872	-0.686878
-0.486411	0.865891	-0.116774
-0.205424	-0.946463	0.249017
-0.895986	-0.353317	0.269029
0.56818	-0.622886	-0.537759
0.194051	0.959639	0.203559
-0.585425	0.805908	-0.0882575
0.362245	0.324265	0.87386
0.907841	-0.0692	-0.413565
0.150595	0.414199	0.897641
0.621478	-0.688894	0.373083
0.587347	0.806546	0.067127
0.905863	-0.14772	0.396977
0.716712	0.403219	0.56898
0.151568	-0.774407	-0.614264
0.221463	0.967723	0.120276
0.563613	0.352067	-0.747255
0.227299	-0.616014	0.754229
-0.40211	0.910464	0.0967637
0.089246	0.914662	0.394244
-0.739678	-0.340911	0.580221
0.179617	-0.248674	-0.951787
0.309955	0.286874	0.906439
-0.639524	-0.278296	0.716631
-0.597657	0.762546	0.247648
0.107518	-0.154933	-0.982057
-0.288515	-0.0625616	-0.955429
0.667221	-0.739403	0.089993
-0.451234	0.307877	-0.837615
-0.0262728	0.390242	0.920337
0.252583	-0.0437524	0.966585
-0.798552	-0.273122	0.536394
-0.787327	-0.552056	0.274501
-0.110881	0.766777	0.632265
0.0181926	-0.587774	-0.808821
-0.536416	-0.804416	-0.255291
-0.959316	0.113143	0.258673
-0.0156929	0.918219	0.395762
-0.922493	-0.130763	-0.363191
-0.663671	-0.74765	-0.0236787
-0.722588	-0.645039	0.24858
-0.364268	-0.567249	-0.738605
-0.193505	-0.489442	0.850296
-0.757125	0.00133494	0.653269
-0.0135411	0.956681	-0.290822
-0.211972	0.689132	-0.692939
0.0191291	0.481728	-0.876112
-0.619986	0.782654	-0.0554069
0.333062	0.333126	-0.882098
-0.966066	0.183206	0.182079
-0.756351	-0.207139	-0.620505
-0.338839	0.679824	-0.650406
0.117647	0.132315	-0.984201
-0.269876	-0.958305	0.093906
0.896982	-0.24169	0.370148
0.167002	-0.189724	0.96753
0.978203	0.138192	0.15499
-0.920505	-0.167308	-0.353099
-0.624225	-0.779953	-0.0449161
0.651992	-0.336026	0.6797
0.692701	-0.577084	-0.432596
0.306323	-0.712761	0.630982
0.597842	0.441551	-0.669042
0.0851909	0.9776	0.19246
0.0110586	-0.162855	0.986588
-0.864801	-0.333192	-0.375636
0.473013	0.812016	-0.341891
-0.179621	0.581386	-0.793554
0.80424	-0.505507	-0.312508
0.585379	-0.0539588	-0.808962
0.466341	0.878529	0.1035
0.780788	0.287294	-0.554827
-0.975465	0.216004	-0.0425493
-0.529045	0.586511	0.613283
-0.664388	-0.206129	0.7184
-0.0644045	0.479211	-0.875334
0.72387	0.623259	0.295904
-0.63777	0.408971	0.65268
0.317176	0.948266	-0.0138273
-0.53409	-0.68813	0.491147
0.225683	0.586667	-0.777746
-0.397541	-0.862903	0.312024
0.297705	-0.832147	-0.467871
0.572364	0.269898	-0.774309
-0.325893	-0.94537	0.0082742
0.632009	0.773461	0.0481928
-0.619547	0.0838823	-0.780464
-0.702881	-0.578069	0.414481
0.105289	-0.890921	-0.441785
0.380782	0.86584	-0.32454
-0.0829349	-0.817917	-0.569327
-0.392877	-0.413895	-0.821181
-0.0500258	-0.619775	0.783183
0.688556	0.530661	-0.494257
-0.733402	0.0150314	0.679629
-0.930745	-0.29272	-0.219157
0.365595	-0.223772	-0.903475
-0.135106	0.528085	-0.838375
0.791226	0.554926	-0.256942
0.801696	-0.304605	-0.514295
0.476892	0.00380489	-0.878954
0.350602	0.262631	-0.898945
0.844722	-0.48377	-0.228936
0.766038	-0.134548	-0.628555
-0.828998	0.55012	0.100649
0.94923	0.26406	0.17098
0.159679	-0.266806	-0.95043
0.928362	-0.319967	0.189117
-0.544571	-0.835655	-0.0715694
-0.791257	0.162192	0.589582
-0.62004	0.680218	-0.390966
-0.796555	0.603128	0.0416806
-0.854632	0.361541	-0.372682
0.250839	-0.324929	0.911867
-0.668282	0.743871	-0.00741744
0.740599	-0.638736	0.208637
-0.987883	0.143133	0.060006
0.720617	-0.14011	0.679029
-0.598162	0.800895	-0.0277182
-0.231607	-0.450935	0.861984
0.485541	0.794704	-0.364274
-0.330747	0.427245	0.841468
0.468422	-0.881046	-0.0658664
-0.220005	-0.0119215	-0.975426
0.667478	0.246668	-0.702587
0.44575	0.636644	0.629278
0.354965	0.932091	0.0721545
0.384128	0.250893	-0.888537
0.314429	0.852256	0.418083
-0.503509	-0.856958	-0.110002
-0.520273	-0.295849	0.801118
0.0816263	0.991012	-0.105987
-0.675379	-0.594374	0.436559
0.126703	-0.20935	-0.969597
-0.859292	0.478186	0.181534
0.618895	0.21566	-0.755288
0.159899	-0.983585	-0.0836216
0.769968	-0.0530632	0.635872
-0.367753	0.718843	0.589934
0.574607	0.379414	0.725171
0.834843	0.547783	0.0545088
0.497071	0.379169	-0.780481
-0.0905591	-0.828392	0.55278
-0.433852	0.714694	0.548622
-0.798056	0.156533	0.581898
-0.770177	-0.0453182	-0.636219
-0.341693	-0.8125	-0.472324
-0.585078	-0.420561	0.693406
0.0286453	-0.832334	-0.553533
0.507635	-0.062901	-0.859273
0.716473	0.697584	-0.00652433
0.104796	-0.439199	0.892257
-0.576798	-0.337805	0.743769
0.642521	0.140713	-0.753238
-0.2242	-0.0446538	-0.97352
0.609724	0.315308	0.727198
-0.916634	-0.393345	0.0711471
0.849695	-0.527103	-0.0134456
0.89945	0.364582	0.240978
-0.921352	0.388165	0.0209428
-0.762494	0.620047	0.184783
-0.801163	0.596919	-0.0427208
0.568003	0.753886	0.330195
-0.400515	0.336652	0.852205
-0.228839	0.908154	0.350556
-0.43699	-0.360275	0.824161
0.939407	-0.103104	-0.326931
-0.911954	-0.362759	-0.191692
-0.660081	-0.741225	-0.121975
0.326173	-0.796384	0.509297
0.413568	-0.046953	0.909262
-0.186733	-0.368953	0.910497
-0.182928	0.866636	-0.464198
0.895184	-0.21958	-0.387854
0.390424	-0.885963	-0.250277
-0.0372626	0.809606	-0.58579
0.35441	0.712602	0.605468
-0.626949	-0.763591	-0.154481
0.587747	-0.799245	0.125542
0.737141	-0.671418	-0.0762904
0.621921	0.546898	-0.560461
0.326033	-0.865454	0.380383
-0.485515	-0.612444	-0.623849
-0.0671002	0.917544	0.391932
0.527735	-0.836665	0.146586
0.514244	-0.551615	0.656715
-0.464031	-0.0500254	0.884405
-0.861262	0.502515	0.0755358
0.196243	-0.69897	0.687698
0.731728	0.548972	0.403985
-0.485777	-0.241803	-0.839972
-0.0631067	-0.594842	0.801362
0.0482373	-0.903988	0.424829
-0.318018	0.269402	-0.909003
-0.324274	0.323066	0.889086
-0.362464	0.272232	-0.891353
-0.0595374	0.861061	-0.505004
-0.382582	-0.0455413	0.922798
0.323014	0.936732	-0.134889
-0.600942	-0.652891	0.461088
0.476324	-0.0824091	0.8754
-0.249356	0.737651	0.62745
0.544106	-0.736519	-0.401856
-0.225675	0.507142	-0.831792
0.806369	-0.475478	0.351695
0.0634477	0.0308458	0.997508
-0.202789	0.735457	0.646513
-0.469282	0.826641	0.310546
0.888573	0.186933	-0.418921
-0.723132	0.400243	0.562925
-0.719559	-0.61338	-0.325577
-0.606257	-0.765087	0.217014
-0.559233	-0.381665	-0.735928
-0.283987	0.329793	0.900326
0.47019	0.127286	-0.873338
0.559026	-0.466929	0.685177
-0.175807	-0.244607	-0.953551
-0.560561	-0.417264	0.715305
-0.312578	-0.654689	0.688242
-0.320528	0.572821	0.754412
0.115407	-0.939109	0.323661
0.94856	0.306085	-0.0809033
0.83446	-0.541127	0.1042
-0.0787083	-0.581421	-0.809787
-0.2918	0.801445	-0.522053
0.647845	-0.482529	-0.58946
0.20702	0.930275	-0.302872
0.28685	-0.736645	0.612431
-0.784549	0.356641	-0.507237
0.367486	-0.885838	0.283276
0.327636	-0.808807	0.48835
-0.14342	0.0220275	-0.989417
-0.399556	-0.806223	-0.436302
-0.796161	-0.0484675	0.603141
-0.970774	0.116388	-0.209885
0.600904	0.795822	0.0747092
-0.167386	-0.634022	-0.754982
0.0934138	0.552639	0.828169
0.340749	0.244158	-0.907897
0.694825	0.704788	0.143149
-0.662642	-0.509983	-0.548474
0.593324	0.723222	0.353435
0.471074	0.812598	-0.343182
-0.751936	-0.196948	0.629129
0.662528	0.659842	0.354493
0.0891845	-0.570888	0.81617
-0.923967	0.0488671	-0.379338
-0.44956	0.282289	0.847472
0.52323	0.590796	-0.614158
0.0880336	0.487909	-0.868444
-0.385439	0.36005	0.849589
0.216498	-0.963257	0.158948
0.210564	0.857947	-0.468604
0.676928	-0.46292	-0.572253
0.258279	0.952418	-0.161836
-0.280373	0.78404	-0.553781
-0.508672	-0.586394	0.630393
0.504808	-0.341916	-0.79263
-0.896834	0.280179	0.342329
0.139839	-0.988784	-0.0524565
-0.473003	-0.210144	-0.855633
0.282214	-0.950845	0.127469
-0.525577	-0.0239013	0.85041
-0.789927	0.603871	-0.106564
0.695757	0.381667	0.608484
0.530692	0.807222	-0.258379
0.513391	0.0621024	-0.855905
0.536681	-0.814582	-0.220067
0.0182838	-0.480943	0.876561
0.568978	0.103101	-0.815864
0.872786	-0.42718	-0.236139
-0.50644	0.848752	0.152113
0.599976	-0.0124074	-0.799922
-0.188249	0.796606	-0.57444
-0.24994	0.748916	0.613723
-0.197387	-0.141326	-0.970085
0.252868	0.0392022	-0.966706
0.0450305	0.414625	0.908877
-0.866105	0.41777	0.274462
-0.140733	0.410675	-0.900855
-0.965043	0.168085	0.201094
0.074497	-0.687494	0.722359
-0.0179714	0.174174	-0.984551
0.648851	-0.256923	0.716228
-0.981894	-0.18943	-0.0011739
0.349151	-0.13536	0.927239
-0.10583	0.00252865	0.994381
0.657502	-0.298551	0.691779
0.252221	-0.567181	-0.784022
0.764628	0.324662	0.556721
-0.960655	0.268435	-0.0713
-0.29583	-0.792115	-0.53389
0.275042	0.814702	-0.510501
-0.163072	-0.953896	-0.251972
0.617426	0.783443	-0.0707285
0.392807	-0.20851	-0.895671
-0.672736	-0.352419	-0.650559
0.869087	-0.457601	-0.187856
0.562627	0.248315	0.788537
0.23841	-0.945099	-0.223493
0.786769	0.560223	-0.259121
-0.563518	-0.112484	0.81841
-0.158996	-0.484026	0.860488
-0.958744	0.246153	-0.142194
-0.880648	0.0113135	-0.473636
-0.177263	-0.954565	0.239548
-0.166073	-0.1679	-0.971715
0.346605	0.201211	-0.916176
0.169316	-0.916653	0.362049
0.415728	-0.60312	0.680747
-0.495609	-0.751295	-0.435807
0.189941	0.970473	0.148678
-0.261892	-0.952696	0.154215
0.4777	0.536644	0.695569
-0.327568	0.39723	-0.857267
-0.915536	-0.402221	-0.00348418
-0.369205	0.174624	-0.912795
-0.166002	0.0664709	-0.983883
0.126933	-0.124313	0.984091
0.529095	-0.102839	-0.842308
0.626041	0.773978	-0.0950346
-0.322701	0.932937	-0.159661
0.830767	0.348485	-0.434034
0.169743	0.10718	-0.979643
-0.152111	0.782689	0.603539
0.355219	-0.933522	0.0485346
0.149591	-0.413699	0.89804
-0.926493	0.369735	-0.0700528
-0.0333544	-0.978431	0.203865
0.486712	0.244485	0.838653
-0.469182	0.149024	-0.870437
-0.331772	0.619207	-0.711695
0.782776	-0.330496	0.527289
0.289057	-0.535764	0.793349
0.407324	-0.903711	0.131882
0.40129	-0.901531	-0.161887
0.489258	0.848894	0.200013
-0.612473	0.208821	-0.762411
0.54744	0.757118	-0.356487
-0.116754	-0.871513	0.47627
-0.877462	0.359259	-0.317796
0.269755	-0.0843453	-0.959228
-0.111871	0.409801	0.905289
-0.325115	-0.919586	-0.220596
-0.0542643	-0.0567807	-0.996911
-0.170185	-0.163391	0.971772
-0.500775	-0.849861	0.164198
-0.0784693	0.393897	0.915799
0.59838	-0.800726	0.0279242
-0.328366	0.0816293	0.941017
0.814472	-0.239387	-0.528516
0.757914	0.0494954	0.650474
-0.26698	-0.692595	0.6701
-0.367776	0.603341	-0.707616
0.787333	0.507471	0.350113
-0.268778	-0.960755	0.0686136
-0.189316	-0.13425	-0.972695
-0.849586	0.306068	0.429565
-0.871114	-0.377442	0.314162
0.231693	0.971047	0.0581871
-0.471354	-0.0763983	-0.878629
0.720316	0.0383032	-0.692588
0.132737	0.866114	-0.481899
-0.735238	0.256028	-0.627595
-0.558781	0.794461	0.237896
0.181043	0.190661	0.964817
0.225405	-0.763282	0.605469
0.992097	0.0175404	0.12424
0.486484	-0.853306	0.187624
0.306125	0.876587	-0.371327
0.636215	-0.0468711	-0.770086
0.458126	-0.359915	0.812762
0.0614622	-0.589982	-0.805074
0.79065	0.513063	0.334124
-0.600746	0.250228	0.75927
-0.630592	-0.764917	0.131361
0.237554	-0.720427	0.651577
-0.591034	-0.51761	-0.618675
0.290234	0.55966	-0.776237
-0.715327	-0.670158	-0.197977
0.593571	-0.411312	0.691734
0.412964	-0.107818	-0.904343
-0.963174	0.0198518	0.268147
-0.211467	0.915194	0.343077
-0.555137	-0.822075	-0.12655
-0.809202	-0.497718	0.312201
-0.790827	-0.503631	0.347776
-0.120018	0.725594	0.677576
-0.201862	0.203308	0.95808
0.0137753	-0.128069	-0.99167
0.224329	0.575037	-0.786771
0.077414	0.29157	-0.953412
0.419186	-0.0469049	0.906688
-0.908363	-0.24309	0.34027
-0.797516	-0.380201	0.468418
0.14457	0.891549	-0.429231
-0.918696	0.18144	0.350822
-0.738128	-0.0830201	-0.669534
-0.250736	0.749951	-0.612132
0.405641	-0.896285	0.179247
0.576761	0.490784	0.653053
-0.664619	0.334826	-0.667962
-0.549995	0.725492	-0.413722
-0.248208	0.682159	-0.687788
0.443404	0.12105	0.88811
-0.920268	0.372973	-0.118313
-0.454175	-0.310396	-0.835092
0.250455	0.930401	-0.267632
0.99536	-0.0881214	-0.0386363
0.415984	-0.510463	-0.752586
-0.749264	0.648711	-0.133335
-0.978003	0.000853932	-0.208587
0.559445	0.379533	-0.736869
-0.386014	0.904977	0.178912
-0.185941	-0.674907	0.714091
-0.805794	-0.512394	-0.296898
0.777914	0.405441	0.48007
-0.516543	-0.720391	-0.462839
-0.682178	0.647745	0.339205
-0.191199	0.959772	-0.205622
-0.789212	0.612488	0.0447649
0.495998	0.848858	-0.182828
0.786626	0.610496	-0.092272
0.0159221	-0.311907	-0.949979
0.93986	0.340846	-0.0220901
0.698031	0.5607	0.445386
-0.308567	-0.910869	-0.274053
0.392875	0.855057	0.338419
-0.348774	0.757097	-0.552414
0.713992	-0.700129	0.00588098
0.0518668	-0.725421	0.686348
-0.317757	0.389222	0.864602
0.935878	-0.163354	-0.312166
-0.167217	-0.784625	0.596994
-0.826646	-0.0724197	-0.558042
-0.529134	0.172402	0.83084
0.136432	0.954257	-0.266044
0.438083	0.0831781	-0.895078
0.433975	-0.764447	-0.476746
0.220092	-0.9638	0.150494
0.457956	-0.81931	-0.344974
-0.70162	0.0955772	-0.706112
0.421787	-0.182242	-0.888191
0.753318	-0.138502	-0.642907
-0.714827	-0.6527	0.251006
0.682339	-0.55276	0.478404
0.855154	-0.3608	-0.372204
-0.217984	-0.145599	0.965031
-0.4837	0.177925	-0.856958
-0.388489	0.858559	0.334593
0.132431	0.927389	-0.349873
-0.436225	-0.878999	-0.19253
-0.811514	0.435519	0.389575
0.27975	-0.477741	0.832769
0.398194	-0.473605	0.785583
0.618289	-0.0692722	0.782892
0.963549	0.0805458	-0.255119
-0.293301	-0.781567	0.55057
0.039037	0.0796686	-0.996057
-0.758382	-0.150105	-0.634291
0.666981	0.157148	-0.728314
-0.926588	-0.30916	-0.214139
0.585256	0.702021	-0.405761
0.134764	0.752168	-0.645044
0.382318	-0.436935	-0.8142
-0.151963	-0.96454	-0.215801
0.809566	0.586795	0.0165472
0.43059	-0.722195	-0.541319
-0.344816	0.816649	-0.462802
-0.112508	0.874766	0.471303
-0.386444	-0.18495	0.903579
0.114601	0.641714	0.758334
0.763764	-0.482643	-0.428626
0.400995	-0.358926	0.842838
0.12603	0.0315827	0.991524
-0.141053	0.53935	-0.830184
-0.0301792	0.673087	-0.738947
0.323805	-0.943086	0.0757567
-0.938986	-0.317488	-0.132311
-0.743122	-0.384596	-0.547592
0.881148	-0.391887	-0.264581
-0.143022	-0.95145	-0.272559
0.903138	0.405538	-0.141
-0.387085	0.91811	-0.0850841
-0.759668	0.203627	0.617608
0.976894	0.208627	0.0464004
0.859626	-0.47436	0.189803
0.76697	-0.636009	-0.0851446
0.611197	-0.69394	-0.380639
-0.482241	-0.839286	-0.251082
-0.132535	-0.807682	-0.57453
0.860707	-0.325369	0.39156
0.287661	0.922133	0.258691
-0.541023	0.450445	-0.710207
0.577458	0.159245	0.80074
-0.713513	-0.691193	-0.114679
-0.919226	-0.024034	0.392995
0.967538	-0.252639	-0.00656045
-0.0833251	-0.925354	-0.369832
0.965108	0.113351	0.236048
-0.822953	-0.18913	0.535703
0.128502	-0.882813	-0.451805
0.113058	0.876059	-0.468762
-0.349699	0.0963649	-0.931893
0.34816	-0.591715	0.727089
-0.163977	-0.462116	-0.871528
0.193236	-0.134033	-0.971954
0.615877	-0.533013	-0.580166
-0.221486	0.195639	0.955337
0.572342	0.533941	-0.62236
-0.247041	0.0753072	-0.966074
0.960583	0.213815	0.177661
-0.918205	-0.222918	0.327425
0.792218	0.210872	0.572646
0.721344	0.692531	0.00804628
-0.268893	-0.346486	0.89869
0.467194	0.262808	0.844193
0.862865	0.377534	-0.336054
0.193127	0.976285	-0.0978248
0.178753	-0.1747	0.96826
-0.767198	-0.27588	0.579049
0.523013	-0.0344757	-0.851627
-0.522193	-0.812944	0.257754
0.178407	-0.792149	0.58367
-0.741447	-0.54794	0.387323
0.773216	-0.63114	-0.0616361
0.356575	0.383398	0.851974
0.624056	0.779814	-0.0494427
0.140795	0.0906977	-0.985876
0.556945	0.730856	-0.394541
-0.856138	0.341686	0.387658
-0.356523	-0.719438	-0.596071
0.0709672	-0.759979	0.646061
-0.558771	0.790253	-0.251546
0.305015	0.951924	0.0284086
-0.59977	-0.00457593	0.800159
0.395239	0.908847	0.133357
-0.0636769	0.841375	-0.536687
0.053275	0.79467	0.6047
-0.179886	0.981387	-0.0672396
-0.949976	0.30621	-0.0614909
0.655223	-0.732691	0.183977
-0.333322	0.139599	-0.932421
-0.889649	-0.125804	-0.438974
-0.724333	-0.138312	-0.675434
-0.861597	0.502396	0.0724525
-0.24786	0.740887	-0.624221
0.156352	-0.526197	0.835865
-0.253789	-0.826248	0.502897
0.553697	-0.820016	-0.144895
-0.892213	0.17014	-0.41834
-0.230106	0.291608	-0.928448
0.464323	-0.882312	0.0770073
0.0289194	0.750472	0.660269
-0.848211	-0.0660618	0.525522
0.967939	0.123039	0.218989
-0.510432	0.858219	-0.0540231
-0.495459	0.115899	0.860865
-0.464531	-0.200694	-0.862516
-0.102174	-0.785851	-0.609917
-0.390864	-0.685069	0.614741
0.688866	0.638551	-0.343099
0.283911	0.847454	-0.448571
0.643647	-0.612849	-0.458403
0.809403	-0.396052	-0.433601
-0.953732	-0.131645	-0.270304
-0.349244	0.269857	-0.897332
-0.913584	-0.388378	-0.120525
0.74718	-0.662845	0.0485644
-0.648978	-0.726844	-0.224778
0.36833	-0.758493	-0.537607
0.24937	0.776553	0.578602
0.00212313	-0.948959	-0.315392
-0.367013	0.858865	-0.357285
0.882779	0.00720579	0.469733
-0.328262	0.294191	0.897605
-0.765768	0.643107	-0.00357175
-0.655285	-0.686448	0.315262
-0.795016	0.0550494	0.604085
-0.234109	0.647605	-0.725121
0.87584	0.210295	0.434374
0.403967	-0.430967	-0.806894
0.825623	0.122922	0.55067
-0.560074	-0.169666	-0.810883
0.330682	-0.864244	0.37912
-0.470167	0.824522	0.314813
0.0548353	-0.94704	-0.3164
0.60225	-0.587766	-0.540209
-0.654375	0.624999	0.42564
0.855879	-0.510887	0.0804084
-0.185628	-0.151256	0.970909
0.554175	-0.445195	0.703343
-0.665552	-0.320578	-0.673995
-0.402876	0.915096	0.0170204
-0.689864	0.635397	-0.346926
-0.832517	-0.520037	0.190989
-0.439655	-0.866383	0.236821
0.794099	0.531407	0.29498
-0.244947	0.225901	-0.942852
-0.223551	-0.737072	0.63777
-0.131151	-0.481222	-0.866732
-0.879163	0.474952	-0.0386385
0.351866	0.899908	0.257597
-0.269868	0.960793	-0.0636238
-0.0330709	0.992866	0.114557
-0.247289	-0.612098	-0.751122
0.0668349	-0.483848	0.872597
0.98892	0.0184168	0.147303
0.901675	0.384717	-0.197419
0.567387	0.606174	-0.557338
-0.123041	0.730857	0.671349
-0.925713	0.29231	-0.24002
0.779112	-0.626875	0.00349841
-0.793807	-0.0753691	-0.603481
0.199765	0.103577	0.974354
0.161767	-0.502797	-0.849133
0.534304	-0.764278	0.361108
-0.821359	0.546344	-0.163944
0.618595	-0.763895	0.18386
-0.749765	-0.650989	-0.118597
0.691836	0.553214	0.464022
0.284025	-0.489106	-0.824685
-0.247581	0.45478	0.855499
-0.956186	0.278549	-0.0901067
0.604935	0.784935	0.133903
-0.438738	-0.342332	-0.830854
-0.0428693	0.0326002	0.998549
0.950308	0.23252	0.207003
-0.760011	-0.071476	0.645968
-0.246757	0.360568	-0.899501
-0.364812	-0.924731	-0.108556
-0.713869	0.613764	0.33717
0.734642	-0.629401	0.253289
-0.445453	0.397059	-0.802444
0.0741216	0.177734	0.981283
0.646297	0.165839	0.744847
-0.440554	0.246304	0.863277
-0.454326	0.750893	-0.47932
0.772407	0.251412	-0.583249
0.250573	-0.959402	-0.129464
0.966607	-0.0468159	-0.251951
-0.356648	0.90382	-0.236458
0.836331	0.231988	-0.496722
0.139459	0.474114	0.869349
-0.927078	0.320974	-0.193656
0.719801	-0.64721	-0.251009
-0.667627	0.657787	0.3487
0.226488	0.973139	-0.0412676
-0.194913	-0.835732	-0.513381
0.292451	-0.918554	0.265952
0.670216	-0.725925	0.154415
-0.510114	-0.487879	-0.708348
0.654542	0.235385	0.718449
-0.817249	-0.496142	0.293167
0.408641	-0.791068	0.455219
0.710103	-0.169248	0.683454
0.628863	0.273329	0.727889
-0.559954	-0.794618	-0.234593
0.451918	0.876412	-0.166351
-0.317986	-0.406143	0.856699
-0.445641	0.895206	0.0031629
0.565094	0.133534	-0.814149
0.8154	-0.559986	-0.146759
0.301465	0.600408	-0.740695
-0.0224622	0.124936	0.99191
0.358954	0.73789	0.571551
-0.437663	-0.71615	-0.543673
0.00887906	0.0679059	0.997652
0.480263	-0.545247	-0.687061
0.937466	0.183805	0.295588
0.81186	-0.568554	0.132779
-0.203555	-0.975766	0.0802919
0.499184	0.693667	0.51927
0.381234	-0.173979	-0.907961
0.110174	-0.561283	-0.820258
-0.469802	0.446097	-0.761763
0.665966	-0.7264	-0.169801
-0.851369	-0.00268469	-0.524561
-0.0339073	-0.483299	0.874798
-0.574467	-0.787327	0.223839
-0.0337793	-0.651332	-0.758041
0.207181	-0.359127	0.910002
-0.906564	0.381144	-0.181301
0.246692	-0.706195	0.66365
0.634285	0.756837	0.157738
-0.672084	0.512771	-0.534199
0.727824	-0.478089	-0.491633
0.257124	0.0583642	-0.964614
-0.831745	0.553776	-0.0391368
0.955638	-0.116224	-0.270644
0.819063	-0.458632	0.344663
-0.479778	0.799376	0.361678
0.0584483	-0.275552	-0.959508
0.71181	0.661829	0.23518
-0.748691	0.0969928	-0.655785
-0.721191	-0.682563	0.118285
-0.794154	-0.0605067	-0.604697
0.10826	-0.942738	-0.315476
0.572737	-0.79877	-0.184227
-0.211074	-0.169781	0.962612
-0.115361	0.0474981	-0.992187
-0.619191	-0.781497	-0.076582
0.0314484	0.836771	-0.54665
-0.149016	0.721845	0.675821
-0.431532	0.854633	-0.28876
0.000734825	-0.994628	0.103511
0.832679	-0.519884	0.190701
0.305564	0.638186	-0.706647
0.0877226	-0.0541976	0.994669
0.609591	-0.517434	0.60055
0.765308	0.296144	0.571491
0.369966	0.891597	-0.261114
-0.536064	-0.687698	-0.489599
0.062088	0.0393841	0.997293
-0.0544273	-0.742267	-0.66789
-0.929815	-0.0795142	-0.359334
-0.872694	0.0299646	0.487347
0.746765	0.659997	0.0821341
0.338964	0.936711	0.0876064
0.373731	0.751865	0.543162
0.309205	-0.0712355	-0.948324
-0.421663	0.902947	0.0829921
0.960242	0.21731	-0.175248
-0.328031	-0.590147	0.737647
0.801848	0.445021	0.398743
0.74452	0.235443	0.624705
0.249995	-0.284806	-0.925412
0.783139	-0.600338	-0.162135
0.306417	-0.576039	-0.757818
0.371887	-0.32172	-0.870745
-0.272435	-0.576962	0.769996
-0.555883	0.515957	0.651754
-0.214918	-0.967214	0.135304
0.360012	0.539267	-0.761303
-0.296164	-0.479997	0.825766
-0.34881	0.622848	0.70028
-0.246022	-0.110455	-0.96295
-0.672287	0.699317	0.242869
-0.273693	0.955331	-0.11151
-0.24956	0.778494	-0.575905
-0.862054	0.47655	-0.172518
0.950917	0.299095	0.0793647
0.244806	-0.969529	-0.00913945
-0.240896	-0.26711	0.933071
-0.253298	0.739424	0.623773
0.824468	-0.167947	-0.540413
0.902385	0.397731	-0.165868
0.364865	0.313155	-0.876817
0.450722	-0.889214	-0.0784132
0.795438	0.196795	0.573194
-0.98241	-0.182667	0.0387819
-0.286946	-0.715636	0.63681
-0.414892	0.490629	0.766256
-0.616162	-0.748266	-0.24585
-0.340971	0.935146	-0.0961342
0.5412	-0.481288	0.68954
-0.992407	-0.103447	0.066532
0.690592	0.189148	0.698073
-0.714228	-0.521544	0.466765
-0.868416	0.431955	-0.24345
0.226814	-0.962122	0.151252
-0.0612513	0.137709	0.988577
0.316406	-0.382438	-0.868118
-0.308305	0.316201	-0.897199
-0.155349	-0.163749	-0.974194
0.625046	0.51322	0.588152
-0.0555838	0.94962	-0.308437
0.101558	-0.53373	0.839535
0.742705	-0.485834	-0.46082
0.73541	0.598439	0.317873
-0.545888	-0.130849	-0.827578
0.450472	0.715986	0.533328
-0.351467	0.178563	-0.919014
0.52611	0.188558	0.829249
0.022162	-0.931966	0.361867
-0.387743	0.347947	-0.853574
-0.598826	0.657677	0.457022
-0.075343	-0.933132	0.35155
0.572594	0.819455	0.0251073
0.637548	-0.631362	0.441491
-0.25588	0.361948	0.896392
-0.411642	-0.308393	0.857581
-0.370859	-0.640915	0.67208
-0.117589	-0.987691	0.103143
0.315623	0.290601	-0.90329
-0.825781	0.354745	0.438453
0.739077	-0.500688	0.45064
0.22433	-0.630982	0.742656
-0.687119	-0.159084	-0.708915
-0.314999	-0.949048	-0.00916576
0.323575	0.431643	0.842012
-0.718598	-0.503098	0.480114
-0.865612	-0.258598	-0.42877
0.894049	-0.372219	-0.249258
-0.761588	-0.140366	-0.632678
0.27309	0.953532	0.12727
0.63181	-0.771733	-0.0724148
0.464304	0.128674	-0.876279
-0.610259	-0.398671	0.684577
-0.745139	0.212677	0.632089
-0.358258	-0.256682	-0.897645
-0.0474216	0.988959	0.140397
-0.800176	-0.0908656	-0.592842
0.946045	0.29937	-0.124007
-0.229746	0.754187	0.615157
0.634192	-0.20767	0.744764
0.228546	-0.452059	-0.862212
0.927573	0.0419374	0.371282
0.869136	-0.493453	-0.0332748
0.142925	0.417096	0.897554
-0.470595	0.407613	-0.782555
0.396099	-0.152648	0.905431
-0.829817	0.374496	0.413712
-0.526024	-0.543108	-0.654471
0.993065	-0.0717159	-0.0931547
0.120052	-0.92843	0.351576
-0.0208171	-0.878266	-0.47772
-0.520796	0.725724	0.449551
-0.413159	0.844169	0.341582
0.550136	-0.829323	0.0978444
-0.238359	0.475432	0.846847
-0.0578755	-0.662326	-0.746977
0.946582	0.00232496	-0.322455
-0.940462	-0.039467	-0.3376
0.734584	0.474068	0.485433
-0.17186	-0.0653497	-0.982952
-0.01549	0.878505	0.477482
-0.638652	0.159712	0.752739
-0.0734773	-0.892803	-0.444414
0.132133	-0.937917	0.320705
0.882858	0.389731	-0.262053
0.34889	0.735844	0.580353
-0.456074	-0.0511086	-0.888473
-0.830962	-0.556009	-0.0188665
-0.76463	-0.293189	0.573918
-0.520496	-0.0462829	0.852609
0.808138	-0.567846	0.156413
0.416536	0.471546	-0.777266
0.852641	0.439292	-0.282887
0.421703	-0.305626	0.853674
0.206082	-0.193431	0.959226
-0.945344	0.128101	0.29986
0.503144	-0.332935	0.797496
0.251318	-0.521435	-0.815442
-0.0833629	0.960722	-0.264697
0.707061	0.15224	0.69057
0.580019	0.679488	-0.449303
-0.240213	0.153527	-0.958503
0.150419	0.0388733	-0.987858
-0.612525	-0.788937	0.0489093
-0.592542	0.349709	0.725671
0.46035	-0.582337	0.670046
0.446183	-0.88608	-0.125633
-0.563007	-0.516753	0.644972
0.901236	0.370834	0.224177
-0.638523	0.747571	-0.182828
0.614862	-0.148057	-0.774612
-0.327579	-0.370691	-0.869069
0.0650679	-0.451171	-0.890062
0.764366	-0.626512	-0.152403
-0.589429	-0.165671	-0.790649
0.588434	-0.21585	0.779201
0.107534	-0.871122	-0.479149
-0.919223	0.393626	-0.00932393
-0.110758	0.976551	-0.184612
0.543314	0.649037	0.532505
-0.0322731	-0.662322	0.748524
-0.195753	-0.467994	-0.861779
-0.644211	0.424944	0.635936
0.894537	0.272885	0.35403
-0.73384	0.506544	0.45265
0.165805	0.0698111	0.983685
0.96688	0.240451	-0.0855946
0.497172	0.363934	-0.787637
0.364464	0.116807	0.923863
0.0264294	-0.97035	-0.240254
-0.79549	-0.605685	-0.0184628
0.708001	-0.694845	0.126193
-0.885357	0.323134	-0.334257
0.324176	0.8917	-0.31588
-0.848777	0.480095	-0.221554
0.336036	-0.465196	0.818946
0.504877	-0.728816	-0.462522
-0.945074	0.319165	-0.0704928
0.516981	-0.841904	-0.154685
0.519361	-0.523807	0.675196
-0.341347	0.285791	-0.895436
-0.446487	-0.26601	-0.854335
0.891434	-0.452988	-0.0121704
-0.673047	0.482914	-0.56018
0.370014	-0.919238	0.134506
-0.687604	-0.679385	0.256199
0.0140659	0.643473	-0.76534
-0.465245	-0.837507	-0.28658
-0.569888	0.817574	0.0824644
-0.586728	-0.691239	-0.421827
-0.637393	0.382619	-0.668829
0.8565	-0.35327	-0.376309
